3021
2973
2967
2970
2974
2969
2971
2969
2967
2966
2974
2964
2963
2964
2962
2966
2995
2983
2966
2970
2969
2962
2967
2962
2967
2962
2965
2960
2964
2967
2968
2964
2965
2978
2964
2961
2978
2960
2971
2967
2967
2960
2960
2965
2965
2969
2964
2967
2969
2956
2967
2956
2967
2958
2966
2956
2963
2968
2973
2964
2964
2968
2966
2966
2958
2965
2962
2962
2961
2982
2985
2975
2964
2963
2966
2967
2960
2972
2969
2967
2967
2966
2968
2961
2961
2966
2971
2963
2962
2961
2961
2966
2967
2967
2975
2962
2962
2968
2962
2969
2967
2967
2968
2965
2969
2964
2972
2961
2960
2965
2960
2964
2963
2964
2964
2961
2966
2963
2966
2962
2959
2963
2961
2960
2962
2963
2962
2975
2973
2966
2968
2966
2960
2969
2964
2962
2959
2961
2969
2960
2958
2967
2956
2972
2955
2964
2956
2970
2955
2962
2956
2960
2957
2960
2974
3004
2963
2969
2962
2969
2961
2966
2964
2964
2961
2961
2971
2960
2960
2958
2959
2960
2967
2964
2968
2964
2965
2960
2967
2977
2960
2961
2959
2962
2970
2968
2964
2967
2967
2966
2966
2964
2969
2969
2961
2963
2959
2965
2969
2967
2967
2967
2965
2958
2962
2958
2968
2966
2966
2973
2962
2961
2968
2961
2965
2967
2967
2970
2967
2973
2959
2961
2960
2961
2960
2961
2960
2969
2960
2959
2966
2963
2963
2968
2970
2963
2968
2962
2962
2961
2974
2966
2961
2960
2966
2957
2967
2955
2961
2954
2962
2975
2967
2958
2960
2964
2965
2958
2964
2958
2972
2960
2963
2961
2971
2964
2962
2964
2966
2965
2973
2962
2965
2969
2960
2963
2961
2972
2971
2966
2960
2966
2967
2960
2962
2972
2959
2961
2967
2959
2969
2960
2966
2961
2961
2964
2960
2959
2971
2966
2965
2970
2964
2962
2962
2967
2968
2972
2976
2972
2972
2960
2961
2960
2963
2961
2965
2960
2962
2963
2966
2965
2974
2966
2964
2967
2983
2973
2964
2972
2973
2967
2964
2967
2959
2961
2960
2960
2961
2964
2965
2967
2963
2966
2976
2963
2959
2961
2960
2961
2966
2966
2959
2970
2957
2966
2964
2964
2958
2970
2955
2960
2955
2967
2956
2969
2956
2960
2956
2970
2958
2962
2955
2960
2959
2966
2955
2969
2955
2973
2954
2964
2955
2964
2960
2961
2961
2968
2961
2972
2955
2964
2955
2960
2955
2966
2956
2966
2955
2959
2956
2970
2955
2960
2956
2973
2966
2965
2967
2972
2962
2980
2990
2965
2962
2962
2961
2969
2961
2962
2963
2964
2965
2966
2972
2968
2966
2958
2960
2971
2973
2960
2966
2965
2965
2959
2966
2966
2965
2963
2965
2961
2960
2960
3006
2962
2960
2963
2962
2960
2958
2967
2965
2966
2960
2959
2964
2960
2972
2961
2960
2970
2971
2966
2968
2964
2965
2960
2969
2966
2968
2960
2963
2960
2961
2961
2960
2968
2961
2972
2964
2970
2961
2965
2962
2960
2960
2965
2967
2966
2963
2966
2964
2960
2961
2963
2967
2986
2959
2967
2962
2963
2957
2960
2957
2967
2962
2967
2957
2966
2966
2969
2966
2961
2966
2962
2955
2965
2955
2966
2955
2962
2955
2964
2955
2966
2956
2962
2958
2961
2955
2964
2955
2975
2957
2967
2956
2966
2956
2962
2954
2969
2957
2968
2955
2962
2955
2967
2958
2958
2956
2970
2955
2961
2954
2966
2964
2970
2958
2960
2964
2965
2958
2964
2959
2981
2964
2965
2959
2969
2967
2966
2965
2965
2966
2976
2966
2961
2968
2960
2965
2962
2967
2965
2985
2968
2969
2963
2963
2966
2970
2967
2968
2969
2960
2963
2965
2969
2961
2967
2968
2966
2971
2963
2964
2959
2969
2965
2965
2969
2960
2961
2968
2960
2961
2962
2961
2959
2967
2958
2968
2966
2960
2964
2971
2959
2963
2956
2960
2957
2962
2956
2965
2957
2962
2956
2960
2956
2968
2956
2968
2955
2962
2960
2959
2963
2963
2957
2969
2956
2965
2958
2965
2955
2967
2958
2975
2967
2961
2959
2966
2969
2969
2966
2962
2968
2962
2967
2990
2989
2968
2969
2963
2961
2959
2967
2968
2966
2960
2969
2961
2966
2973
2967
2962
2969
2966
2967
2966
2961
2962
2961
2960
2967
2963
2960
2963
2974
2960
2967
2967
2963
2965
2961
2961
2960
2959
2960
2961
2959
2961
2966
2963
2965
2962
2960
2961
2961
2962
2965
2961
2966
2977
2960
2967
2964
2964
2961
2964
2967
2960
2967
2967
2976
2969
2961
2974
2966
2960
2965
2976
2973
2970
2965
2966
2966
2959
2962
2960
2965
2960
2960
2967
2965
2977
2974
2955
2972
2958
2961
2955
2968
2955
2962
2955
2969
2955
2960
2955
2964
2955
2974
2956
2965
2956
2964
2956
2972
2956
2967
2954
2964
2956
2958
2957
2962
2958
2960
2955
2960
2957
2966
2955
2966
2961
2970
2961
2967
2959
2964
2958
2968
2963
2960
2964
2966
2960
2965
2960
2962
2959
2964
2959
2967
2970
2964
2966
2962
2966
2963
2967
2969
2965
2967
2969
2967
2963
2972
2967
2966
2969
2961
2961
2958
2966
2967
2966
2959
2960
2959
2980
2970
2966
2967
2966
2957
2962
2965
2968
2964
2962
2959
2968
2963
2960
2967
2960
2969
2958
2960
2959
2961
2967
2961
2973
2960
2961
2962
2962
2961
2970
2964
3004
2967
2967
2965
2963
2966
2959
2960
2960
2960
2962
2965
2969
2962
2960
2970
2966
2968
2967
2971
2959
2961
2961
2960
2961
2965
2960
2967
2964
2976
2969
2962
2967
2962
2967
2968
2959
2967
2960
2959
2968
2969
2965
2965
2967
2961
2966
2968
2959
2962
2958
2965
2958
2982
2970
2970
2954
2964
2956
2963
2955
2964
2956
2970
2955
2971
2956
2960
2956
2968
2955
2968
2955
2968
2955
2960
2957
2967
2954
2966
2961
2965
2955
2960
2955
2960
2957
2962
2956
2962
2956
2961
2955
2970
2955
2959
2956
2973
2960
2967
2964
2967
2963
2961
2958
2960
2968
2965
2964
2964
2960
2961
2963
2961
2962
2960
2960
2967
2966
2970
2968
2966
2965
2970
2968
2959
2959
2960
