3135
3142
2958
2960
3154
2955
3143
2956
2962
3208
2957
2959
2958
2965
2951
2959
3181
2960
2964
2964
2960
2955
2957
2967
2966
2957
3248
2956
2955
2964
2953
3132
2956
3131
2967
2951
3122
3158
2964
2963
2958
3138
2956
2957
2961
2955
2957
2959
3138
3164
2967
2959
2953
3167
2963
2960
2957
2961
2958
2952
2956
2952
2962
2957
3196
2960
2956
2962
2952
2955
2961
2956
2985
2966
2967
2956
2959
2951
2964
3117
2956
2964
3130
2961
2954
2956
2952
2961
2962
2959
2957
2956
2958
2952
2959
2962
2956
2957
2955
3150
2962
2962
2956
3131
2955
2961
2960
2957
2957
2959
3163
2963
3254
3174
2961
2951
2963
3155
2955
3149
2957
2964
2964
2955
2962
2956
2958
2964
2957
2961
3121
3130
2958
2961
2955
2957
2957
3107
2963
2957
3149
2958
2957
2962
2962
2972
2955
3169
3190
2956
2960
2951
2956
2963
3148
2957
2957
3179
3191
3181
2963
2957
2956
2956
3187
3122
2959
2961
2954
3122
2953
2960
2957
3124
2957
2963
2964
2957
2964
2973
2957
2958
2961
2968
2958
2962
3147
2957
3165
2962
2957
2952
2958
2962
2956
2957
2963
3188
3161
2961
2952
2957
2958
3172
2962
2965
2956
2956
3153
2963
2971
2957
2956
3201
2956
2962
2956
2960
3115
2958
2963
2959
2967
2950
2956
2956
2955
2959
2955
2960
2961
2957
2956
2956
2961
2952
2965
3149
2956
2965
2952
2957
3175
2954
2969
2959
3179
2951
3184
2955
2964
2958
2955
2957
3213
3209
2962
2924
2964
2958
2957
2962
2954
2964
2956
2961
3125
2958
2960
2957
2967
2952
2956
2951
2963
3130
2956
2958
2958
2962
2959
2958
2957
2957
2963
2951
2961
2956
3144
2962
2956
2956
2952
2957
3172
3175
2957
2958
2968
2956
2956
3215
2957
2962
2955
2961
2952
2956
2962
2962
2963
3223
2957
2960
2956
2963
2963
2962
2954
2955
2951
2962
3128
3126
2956
2953
2963
3142
3126
2959
2957
3143
2962
2956
3166
2956
2961
2962
2958
2952
2957
3166
2956
2961
2955
2958
2952
2958
2966
2965
2957
2957
3209
3171
2960
2957
2960
3121
2952
3126
2964
2960
2958
2957
2959
2957
2966
2955
3110
2951
3128
2961
2961
2958
2955
2960
2954
2976
2951
2957
2961
2960
2962
2959
3138
2954
2963
2960
2960
2958
3143
2956
2955
2968
2964
2957
2957
3167
2961
2966
2962
2952
3167
3217
2957
2972
2955
3195
3112
2951
2962
2956
2956
2955
3131
2965
2962
2956
3126
2957
2957
2965
2959
3137
2957
2962
2962
2959
2957
2958
3155
2957
3174
2957
2956
2961
2965
2956
2959
2956
2952
2964
3204
2955
2959
3166
2961
2951
3194
2960
2962
2955
2965
2959
2952
2956
2950
2958
3121
2957
3114
2963
2955
2956
3114
3154
2952
2964
3142
2955
2956
3141
2955
2952
2961
3171
2957
2961
2959
2960
2956
2957
2962
2965
2963
2963
2963
2951
2956
2952
2965
2960
2961
3159
2955
3184
2955
2965
2958
3136
2965
2963
3149
2958
3135
2958
2955
2964
3133
2956
2956
2956
3135
2963
2958
2957
3145
2963
2962
2958
2956
2956
2956
2964
2962
2962
2964
2955
3177
2951
3161
2961
2958
2960
2965
2957
2959
2957
2952
2958
2959
2962
3236
2955
2959
2963
3255
2960
2951
2965
2955
2963
3117
3145
3130
2957
2964
2956
2957
2959
3113
2955
2958
3115
2959
3116
2962
2957
2956
2950
2956
2965
2956
2974
2973
3171
2960
2963
2951
2961
2956
3162
3199
2959
2961
3187
2957
2959
2963
2965
3161
2959
2952
2962
2970
2956
3148
2965
2957
2954
2965
2955
2963
2952
2960
2961
3137
2958
2955
2956
2951
2957
2956
2966
2964
2955
3120
2958
2955
2962
2960
2960
2959
2965
2953
2960
3159
3145
3197
2951
2959
3175
3160
2963
2953
2959
3172
3177
2961
2953
3147
2963
2963
3172
3112
2959
2961
2956
2964
2956
3122
3125
3122
2957
2958
3112
3169
2957
2964
2953
3165
3172
2958
2957
2956
2962
2956
2959
2958
2956
2961
2962
3182
2958
2957
2962
2956
2963
3146
2958
3194
2963
2957
2958
2963
2963
2965
2956
2951
3126
2951
2961
2957
3108
2958
2956
2962
3110
2956
2951
2963
3153
2957
3165
2953
2962
2951
2966
2958
2957
2957
3108
2955
3160
3158
2960
3138
2960
2952
2958
2961
2958
2979
2955
2957
2959
2955
2963
2960
2961
3195
2957
2957
2963
2957
2956
2957
3204
2957
2956
2962
2963
2963
2957
2952
2955
2963
2959
3136
2957
2956
2961
2962
2960
3135
2955
2955
2958
2952
2959
2952
2957
2961
3169
2960
2951
2960
2951
2962
3210
2954
2967
3168
2959
2956
3152
2956
2962
2961
2953
3206
2956
2953
2957
2956
3112
2961
2962
2962
3119
2960
2955
2956
2956
2959
2958
3120
2965
2957
2958
3107
2963
2955
2957
2965
3132
3168
2956
2964
2963
3138
2966
2953
2961
2955
3171
2961
2957
2961
2960
2958
2952
2966
2956
2954
3205
2964
2964
2953
3205
2955
2956
3115
2954
2966
3122
2959
2964
2956
2956
2955
2957
2956
2955
2956
2956
2959
2953
2966
2953
3119
2956
2964
2962
2959
2960
2954
2961
2955
2958
2958
3134
2962
2959
2960
2956
3171
2962
3166
2958
2954
2957
2952
2960
2958
2957
3132
2951
2953
2955
3223
2965
2952
2956
2951
2955
3120
3117
3124
2956
2962
2957
3109
2962
2966
3134
2956
2965
2953
2967
3133
2980
2955
2961
2959
2955
2955
3173
2957
2963
2952
2956
3185
2958
2958
2954
2969
3188
2956
2962
2961
2956
2956
2958
3173
2963
3121
2955
2957
2955
2962
3079
2959
2961
3117
3109
2957
2970
2953
3124
2956
2961
2957
2964
2957
2963
3130
2958
2957
2961
2956
2961
3142
2965
2956
2956
2954
2956
2957
2958
2963
2962
2962
2953
2965
3145
2958
2955
2956
2956
2951
2956
2956
2957
2957
2951
2961
2956
3138
2965
2964
2956
2952
3131
2966
2963
3119
2966
2955
2952
2961
3128
2958
3146
2961
2968
2961
2953
3142
2957
