3020
2988
2978
2970
2976
2975
2979
2971
2980
2969
2971
2975
2982
3065
2982
2974
2970
2968
2972
2968
2978
2979
2970
2974
2976
2975
2969
2977
2970
2980
2994
2980
2969
2976
2987
2975
2972
2975
2974
2974
2987
2973
2974
2971
2968
2980
2983
2976
2975
2973
2964
2974
2970
2973
2968
2975
2970
2981
2986
2964
2973
2972
2976
2984
2976
2968
2971
2971
2970
2968
2969
2969
2972
2971
2977
2974
2987
2972
2970
2969
2969
2975
2968
2972
2974
2983
2969
2968
2969
2970
2973
2971
2969
2974
2968
2975
2977
2987
3083
2983
2971
2981
2972
2971
2977
2975
2978
2979
2978
2971
2966
2973
2967
2966
2976
2977
2974
2980
2971
2974
2968
2976
2976
2969
2975
2970
2977
2972
2969
2973
2977
2973
3006
3012
2979
2973
2969
2981
2968
2969
2971
2966
2974
2963
2980
2964
2975
2969
2969
2964
2974
2963
2975
2963
2976
2967
2970
2972
2972
2973
2985
2974
2975
2976
2980
2969
2976
2968
2976
2970
2978
2974
2971
2976
2976
2974
2974
2969
2969
2977
2968
2974
2972
2986
2971
2982
2974
2973
2971
2980
2971
2968
2974
2968
2968
2969
2968
2973
2965
2972
2964
2970
2964
2968
2964
2994
2971
2975
2968
2983
2969
2972
2977
2977
2982
2971
2974
2994
3053
2977
2978
2970
2975
2968
2968
2975
2973
2972
2969
2972
2970
2976
2979
2974
2972
2969
2970
2970
2970
2972
2974
2976
2981
2976
2987
2964
2972
2980
2977
2964
2978
2965
2973
2965
2968
2969
2969
2968
2970
2971
2972
2982
2970
2972
2970
2968
2976
2974
2985
2983
2971
2974
2972
2975
2970
2974
2971
2974
2977
2972
2969
2983
2963
2974
2964
2971
2963
2980
2964
2975
2965
2969
2965
2984
2971
2973
2966
2975
2970
2975
2984
2973
2974
2994
2984
2982
2982
2972
2969
2978
2978
2969
2977
2970
2978
2973
2974
2974
2976
2982
2969
2992
2987
2970
2977
2976
2980
2981
2981
2976
2981
2976
2976
2965
2976
2964
2971
2966
2972
2968
2982
2968
2973
2970
2974
2967
2976
2973
2971
2975
2970
2974
2973
2979
2982
2979
2984
2971
2977
2977
2982
2988
2971
2974
2970
2970
2972
2969
2978
2981
2970
2973
2970
2978
2972
2977
2979
2975
2969
2977
2977
2971
2968
2975
2972
2972
2974
2976
2988
3061
2971
2989
2976
2976
2980
2974
2970
2970
2970
2972
2974
2980
2972
2970
2970
2976
2971
2970
2969
2970
2977
2977
2974
2976
2978
2977
2979
2978
2978
2978
2976
2973
2976
2976
2978
2970
2973
2968
2971
2972
2976
2975
2975
2964
2974
2964
2976
2978
2977
2968
2986
2966
2977
2967
2975
3773
2969
2970
2979
2973
2969
2970
2970
2970
2969
2974
2970
2970
2969
2969
2973
2992
2981
2970
2970
2967
2971
2970
2982
2969
2969
2971
2969
2988
3116
2967
2981
2983
2969
2965
2972
2969
2973
2971
2986
2974
2971
2968
2970
2975
2980
2968
2976
2968
2972
2974
2976
2969
2976
2974
2974
2969
2968
2974
2970
2978
2973
2969
2980
2984
2978
2974
2974
2975
2969
2968
2967
2976
2974
2975
2979
2971
2969
2975
2994
3055
2977
2974
2966
2972
2968
2969
2975
2978
2967
2978
2967
2970
2963
2971
2964
2970
2974
2972
2972
2967
2969
2970
2973
2971
2974
2973
2971
2973
2970
2972
2974
2974
2972
2996
2982
2969
2971
2972
2973
2970
2974
2978
2970
2974
2971
2969
2974
2976
2970
2970
2971
2971
2973
2971
2971
2967
2977
2971
2980
2970
2969
2969
2970
2969
2978
2969
2971
2969
2976
2969
2978
2976
2969
2971
2969
2980
2973
2982
2969
2971
2973
2970
2979
2972
2974
2979
2968
2968
2971
2968
2980
2969
2968
2972
2976
2966
2975
2965
2972
2967
2969
2965
2975
2966
2968
2965
2969
2964
2982
2963
2969
2964
2973
2966
2976
2964
2969
2968
2984
2969
2975
2967
2968
2969
2975
2968
2969
2969
2971
2975
2970
2969
2972
2968
2976
2968
2971
2969
2969
2967
2971
2972
2968
2969
2974
2969
2973
2970
2970
2969
2976
2987
2981
2971
2970
2978
2974
2970
2979
2969
2973
2970
2969
2971
2977
2976
2968
2980
2969
2986
2990
2971
2974
2979
2968
2969
2985
2972
2970
2974
2969
2977
2976
2970
2975
2968
2970
2985
2979
2969
2978
2978
2987
2975
2969
2971
2966
2970
2965
2969
2964
2982
2965
2976
2981
2976
2966
2977
2963
2976
2964
2971
2963
2972
2967
2977
2967
2977
2979
2975
2968
2967
2968
2972
2969
2968
2970
2967
2982
2970
2980
2973
2968
2970
2975
2970
2969
2972
2969
2969
2985
2979
2970
2969
2969
2970
2976
2970
2973
2982
2970
2971
2974
2972
2986
2982
2974
2975
2969
2971
2975
2967
2969
2970
2969
2977
2970
2969
2969
2969
2981
2972
2978
2972
2969
2970
2972
2969
2969
2968
2968
2970
2975
2984
2972
2968
2974
2971
2971
2970
2982
3001
2984
2982
2975
2975
2968
2969
2969
2975
2978
2969
2970
2975
2969
2976
2970
2969
2971
2984
2974
2971
2973
2969
2969
2984
2982
2973
2970
2974
2970
2977
2975
2969
2969
2971
2971
2978
2972
2979
2969
2975
2971
2974
2972
2976
2970
2974
2980
2977
2980
2974
2973
2971
2972
2975
2966
2979
2964
2976
2965
2970
2969
2969
2967
2969
2970
2969
2970
2972
2976
2977
2969
2973
2970
2977
2975
2971
2969
2976
2983
2973
2975
2971
2972
2984
2979
2969
2979
2976
2973
2976
2972
2970
2975
2971
2988
2972
2972
2970
2969
2977
2968
2967
2979
2971
2971
2964
2971
2964
2976
2967
2973
2964
2970
2967
2978
2966
2970
2965
2970
2965
2983
2964
2977
2966
2971
2970
2969
2968
2974
2976
2971
2970
2969
2982
2973
2982
2970
2971
2971
2972
2969
2971
2975
2971
2971
2974
2971
2968
2974
2976
2972
2979
2971
2970
2970
2971
2969
2992
2976
2970
2971
2972
2971
2984
2972
2981
2977
2972
2965
2986
3044
2985
2978
2975
2975
2975
2970
2971
2969
2970
2969
2970
