2902
2901
2899
2890
2883
2887
2890
2888
3064
2884
2886
2886
3070
2885
2887
2888
3134
2887
3108
2879
2885
2889
2891
3122
2887
2896
2878
2889
2880
3092
2887
2891
2887
2882
2890
2884
2897
3049
2888
3056
2892
2886
3072
2882
2885
2878
2895
3095
2887
3070
2880
2886
3070
2891
2889
2888
3092
2887
2884
3112
2885
2888
2880
3122
2889
2894
2885
2886
2887
2883
2884
3055
2889
3075
2880
2885
2889
3054
2890
2890
2891
2880
3050
2885
2885
2895
3048
2900
2884
2887
2890
2885
2886
2886
3064
2889
2888
3111
2880
2889
3107
2893
3104
2879
2889
2890
2888
3108
2890
2893
2890
2886
2880
3109
2888
3185
3070
2887
2883
2885
2887
2888
2888
2889
2890
2886
2892
2882
2900
2893
2888
2887
2880
3070
2899
2886
2889
2883
2889
2892
2885
2889
2884
2890
3182
2885
2886
2884
2895
2880
3185
2901
2902
2888
2881
3127
2887
2893
3041
2882
2887
2896
2892
3045
2884
3060
2886
2888
2895
2887
3085
2893
2887
2891
2899
2885
2892
2891
2879
2891
2893
2894
2886
2890
2891
2888
3108
2880
2889
2892
2894
2889
2885
2885
2888
2891
2888
2885
3122
2891
2891
2888
2886
2888
2880
2892
2901
3048
2897
2882
2893
3082
2892
2885
2885
2899
2880
2890
2882
3083
2889
2893
2889
2885
3071
2889
2887
2899
2892
2885
3089
2890
2895
2889
3109
2886
2887
2882
2890
3150
2886
2887
2878
2888
2890
2885
2888
2880
2886
2890
2890
2888
2885
2884
3054
2894
2879
2891
3051
2886
2890
2880
2894
2897
3047
2894
3081
2887
2880
3062
2885
2892
2888
2887
2916
2881
2897
2883
2886
2892
2891
2892
2887
3080
2884
2893
2885
3140
2885
3103
2901
2885
2886
2881
2895
2886
2885
2890
2885
2885
2887
2892
2891
2894
2887
3049
2893
2891
2890
2886
3042
2881
3039
2886
2885
2894
3090
2890
3069
2886
2889
2885
3108
2891
2899
3096
2879
3102
2895
2885
2893
3102
2887
2880
2890
2880
2890
2884
3100
2884
2893
3142
2883
3131
2891
2890
2887
2884
3053
2879
2888
2889
3051
2887
2879
2886
2884
2895
2884
2886
2889
2885
2898
2883
2888
2889
2886
2886
2885
2893
2888
2896
3109
2889
2890
2892
2891
2887
2885
3134
2891
3140
2884
2888
2881
2893
2888
2891
2884
3107
2883
2890
2889
2886
2885
2883
2887
2883
2891
2884
2890
2887
2896
2887
2887
2885
3082
2885
2892
2879
2890
2885
2886
3052
2883
2897
2888
3054
2889
2885
2888
2878
2885
2889
3071
2887
2891
2894
2877
2889
2891
2885
2889
3129
3109
3139
2883
2886
2883
3136
2881
2886
2882
3148
2894
2880
2887
2881
2882
2893
2889
2883
2877
3047
2882
3042
3074
2888
2889
2882
2887
2878
3055
2883
3088
2889
2885
3077
3064
2884
2887
2888
2888
2883
3081
2878
2891
2886
2885
2884
2885
2902
2879
2892
2883
3114
2890
2897
2897
2885
2891
2888
2883
2886
2892
3056
2886
3054
2892
2899
2884
2887
3055
2888
3041
2884
3051
2886
2888
2889
2891
3062
2883
3089
2884
3085
2892
2885
2886
2885
2887
2893
2889
2884
2881
2891
2895
2891
2890
3090
2889
2887
2889
2889
3138
3105
2886
2886
2889
2889
2884
2887
2889
2885
2895
2890
3054
3049
2887
2886
2884
2895
2879
2895
2886
3051
2893
3048
2892
3069
2885
2886
2887
2892
2879
2888
3093
2892
2891
2888
2889
2881
3096
2885
2894
2885
2886
2884
2885
2892
2885
3110
2885
2897
3186
2885
2887
2880
2885
2884
2886
2886
2886
2894
3164
2888
3054
2887
2898
2894
3037
2880
2889
2887
2897
3049
2899
2890
2890
2894
2885
2879
2889
3074
2896
2886
2887
2893
2886
2894
3067
3115
2888
2887
3108
2881
2897
2892
2895
2892
2879
2884
2886
2888
2889
2888
3093
2889
2890
2880
2891
2886
2886
2891
2887
2886
2885
2889
3071
2893
2886
3039
2885
2883
2894
2884
2885
2886
2882
2885
2883
2889
2891
2887
3109
2880
2893
3088
2879
2895
2885
2891
2888
2885
2886
2879
2887
2884
2889
2889
2888
3063
2879
2889
2880
2896
2886
2897
2897
2892
3053
2892
2886
2892
2886
2886
2904
3048
2890
2884
2897
2882
3090
2887
2886
2885
2885
3070
2880
2901
2891
3102
3129
2879
2889
2891
3117
2893
2887
2896
3127
2887
2900
2896
3097
3118
2892
2880
2889
2885
2892
2892
2886
2886
2894
3033
2881
3057
2886
3041
2894
3053
2899
2881
2887
3053
2890
2891
3045
2890
2894
2887
3089
2890
3079
2887
2886
2885
2888
2880
2888
3103
2888
2887
2889
2889
3071
2889
2879
2889
2893
2888
2885
2889
2890
3106
2895
2882
2886
2887
3092
2893
2896
2890
2894
2887
3045
2904
3049
2886
3049
2886
3053
2897
2902
2894
2886
2886
2880
3050
3034
2888
3060
2886
2886
3054
2901
2887
2886
2903
2888
3097
2892
2887
2890
2888
2890
2897
2892
2892
2892
2890
2892
2891
2883
3151
2890
2892
2891
2895
3139
3054
2884
2887
2895
2885
2884
2885
2889
2895
3048
2885
2887
2892
2888
2887
2887
2886
2886
2889
2889
2893
2891
2883
2885
3058
2894
2888
3065
2885
3066
2890
2880
2891
2886
2890
3136
2892
2886
2890
2885
2887
2888
2889
2890
2892
2885
2889
2887
2888
2890
2883
2888
2885
2889
2890
2890
2892
2887
2886
2911
2882
3056
2889
2892
2895
2887
2886
2880
2893
2885
2887
2886
2897
2892
2880
2887
2883
2887
2895
2895
3105
2893
2887
3102
2886
2879
2886
2884
2888
3136
3161
2888
2881
2890
2879
2886
3060
2893
2893
2885
2896
2887
2890
2878
2885
2885
2887
2884
2885
2890
2886
2896
3069
2889
2895
3051
2890
3056
2887
3069
2891
2889
2887
2885
2881
2886
2894
2892
2889
2890
2890
2880
2890
2887
2891
3118
2885
2890
2949
2886
3068
2891
2887
2892
2896
2889
2886
2885
2892
2880
2898
3048
2888
2889
2880
2894
2890
2890
2890
3054
2891
2891
2903
2884
2887
2885
2888
2897
3049
