2964
2952
2937
2935
2935
3149
2937
2935
2941
2936
2932
2937
3193
2932
2935
2934
3179
3214
2933
2944
2934
2941
2931
2928
2931
2931
2926
3220
2938
2940
2931
2943
3127
3202
3104
3095
2942
2939
3145
3089
2927
3094
2939
2942
2933
2933
2936
2934
3096
2932
2933
2932
3098
3127
3087
3126
2937
2935
2936
3126
3158
2938
2933
2927
3155
2933
2930
3150
2931
3178
2938
2941
2933
3159
3152
2931
3214
3128
2941
2937
2933
2935
2934
2945
2946
2939
2932
2931
2932
2933
3088
3079
3098
2937
2933
2941
2927
3095
2934
2934
3124
2935
2932
2928
2939
2929
2939
2931
2935
2933
2937
2944
2931
2935
3184
2936
2940
2934
2937
2927
2936
2933
3153
3173
2929
2939
2936
2936
2942
2936
3167
2936
2937
2945
2936
3167
3159
2932
2932
3164
3145
3096
3169
3095
2936
2937
2928
2935
2926
2935
2934
3097
2938
2939
2932
2936
2932
2935
2940
2940
2933
2937
2935
2936
2929
2943
2937
2935
2938
2933
2938
2933
3138
2930
2938
2932
3139
2932
2933
2931
3137
2931
2945
2945
3135
2942
2925
3171
2934
3174
3170
3157
3165
3130
2931
2934
2939
3186
2933
3191
2927
3187
2936
2937
3097
2930
3101
2934
2935
2937
2935
3096
2945
2944
2933
2932
2929
2937
2933
2950
2937
3088
2935
2929
2937
3147
2935
2938
2933
3131
2935
2936
2938
2934
3153
3140
2931
2931
3154
2928
2933
2935
2935
3168
2938
3177
3450
2937
2939
2933
2929
2935
2990
3191
2941
3188
3188
2938
3207
3097
2929
2932
2937
2937
2933
3086
2946
2937
2941
2934
3096
2933
2939
3111
2938
2934
3102
3103
3119
2929
2936
2935
2936
3118
2939
2936
3116
2931
2933
3179
2937
2968
3162
2935
2937
2932
2931
2937
2937
2932
2934
2932
3099
2935
2932
2932
3094
3093
2940
2932
2935
2936
2937
3091
2935
3091
3120
2935
2943
2929
2940
2939
3109
2932
3095
3124
3160
2946
2930
3122
2931
2940
2941
2931
2933
2938
2939
2932
3143
3182
2938
2946
2935
3213
2933
2938
2927
2939
3183
2935
2942
3157
3194
2929
3199
2940
2944
2932
2938
2930
2931
3096
3156
2944
2937
2939
2939
2932
2933
2936
2933
2932
2935
2928
3096
2929
2941
2932
2934
3112
3099
2937
3088
2932
2932
2932
3098
2936
2937
3115
3124
2931
3129
2932
3113
3137
2927
2938
2936
3152
2933
2932
2932
2939
3162
2931
3166
2940
3173
2940
2941
2932
3092
3218
3102
2937
2945
3198
2938
3098
2939
2938
2937
2940
3096
3092
2933
2946
2936
2942
2931
2936
2933
2942
2940
2937
2937
2937
3104
2934
3108
2931
2943
2941
2930
2938
3127
2933
2935
2939
2935
2934
3123
3179
3132
2946
3133
3169
2931
2936
3201
2944
3170
2943
2933
2930
3195
3131
3237
2940
2932
2941
2936
3105
2949
3107
2934
3109
2939
2929
2944
2935
2933
3126
2933
3093
2931
2936
2927
3096
3123
2937
2937
2942
3117
3087
2936
2925
2936
2926
2938
2936
2937
3162
2946
2932
2940
3153
2930
2940
2938
2933
3159
2946
2938
2937
2932
2933
2934
2932
2944
2933
2933
2935
2936
2934
3136
2933
2938
2943
2933
2931
2937
3098
2936
3111
3131
2939
2930
3101
2933
2934
2937
3092
3088
2938
2941
2929
3102
3126
3113
3128
2937
2937
2938
2947
3161
2929
2937
2937
2954
3121
2935
2935
3170
2933
2939
3164
3166
2935
2927
2937
2937
2932
3225
2932
2929
2928
2953
2935
2935
2932
3232
2934
2935
3148
3235
3148
2945
2933
2939
2930
2941
2938
2936
3099
3087
2939
2926
2936
2932
3092
2939
2932
3144
3098
2937
2938
3138
3150
2944
2932
2933
3176
3157
2935
3178
2936
2937
2932
2939
2934
3159
3243
2937
2932
2934
2944
3125
3229
3160
2938
2940
2934
3179
3088
2933
2932
2945
2934
2927
2939
2939
3103
3093
3095
2939
2942
2938
2935
2934
2936
2930
3143
3153
2935
2936
2935
2943
2928
2939
2937
2937
2931
3156
2937
2927
2935
2939
3190
3165
2935
3178
2929
2938
3158
2934
2935
2939
2944
3164
3100
2932
2938
2938
2943
3086
2936
2945
2932
2937
2930
2930
3088
2935
3099
2928
2933
2945
3094
2943
2936
3112
2942
2938
2932
3110
2937
2940
3147
2931
3021
2942
3145
2932
3146
3150
3165
2939
3178
2937
2932
2937
2936
2927
2938
2933
2935
2939
2935
2932
2936
2932
2935
2948
2946
2930
2931
3207
2940
2936
2938
2931
2934
2933
3090
3090
3103
2935
2937
2939
3103
2933
2931
2934
2935
2940
2940
3027
3109
2934
2940
2932
2930
2931
2946
2930
2938
2938
2937
2935
2934
2933
3110
2939
2932
2937
2937
3125
2932
3116
2940
3119
2936
2931
2940
3164
2945
2939
3162
3190
2938
2934
2933
3186
2935
2936
2944
2933
2935
2938
2939
2938
3182
3100
2935
2933
2937
2937
2939
2933
2938
3109
3115
2939
2933
2931
2929
2940
3128
2940
2936
2934
3113
2934
2935
2931
3123
2941
2932
2934
2933
2933
3200
2930
2929
2934
2943
2941
2941
3172
2932
3179
2945
2943
2938
2937
3173
2936
2931
2932
2943
3167
3109
3115
2936
2936
2931
2943
2940
3199
3098
2937
2932
3104
3113
2947
2939
3087
2935
3100
2935
3102
2944
3105
3101
2931
2933
3113
2929
2938
3111
2935
2939
2936
2936
3116
3155
2929
2941
2937
2945
2938
2935
2935
2931
2935
3183
2944
2943
2935
3187
2930
2941
2929
2935
2938
3191
2939
2933
2941
2932
3112
2933
2934
2934
3108
3101
2930
2940
2936
2938
2937
2938
2941
2928
3111
2930
3134
3120
2936
2941
3116
2932
2935
2934
2934
2938
2925
2932
3121
2931
2936
2945
2943
3166
2935
2941
2945
2936
2933
2938
2934
3164
3193
2933
2946
3156
2937
2948
2939
2935
3180
2937
2932
3103
2936
2936
2936
2937
2939
2948
2938
3150
3106
2930
2927
3127
3090
2935
2928
2942
2937
2934
2936
2948
2941
3087
2943
2940
2935
2948
2936
3131
3110
3147
2940
2934
3179
2937
