3013
2970
2968
2956
2961
2955
2972
2962
2961
2961
2965
3212
2969
2960
2962
2824
2959
2967
2963
2967
3121
3129
2961
2963
2963
3123
2972
2870
2965
2961
3163
2967
2956
2967
2961
2961
2960
2960
2968
2959
3134
2968
3155
2963
2966
2969
2971
2960
2962
3197
2961
2960
2968
3129
2961
2961
2967
2967
2963
2957
3124
2969
2967
2960
2959
3155
2967
2959
2963
2962
2960
3160
2968
2964
2957
2968
2960
2970
2964
2956
2961
2968
2966
2969
2956
2966
2971
2959
2959
2961
3137
3007
3142
2969
2964
2959
2960
2960
2960
2962
2960
2955
2967
2961
2961
2959
2964
3143
2963
2959
2963
3143
2965
2955
2962
2962
3171
2963
2956
3169
3253
2966
2973
2964
2964
2965
2956
2974
2971
2962
2969
2956
3114
2969
2967
2960
2954
3162
3131
2965
2961
2973
2975
2962
2971
2966
2966
3186
2963
3170
2987
2980
3205
2966
2961
2956
2966
2967
2960
2963
2962
2968
2955
2960
2962
2968
2960
3128
2959
2967
2962
3121
2960
2963
2961
2966
3120
2956
2962
2966
2968
2960
3165
2960
2966
2967
2965
2962
2965
2966
2967
2960
2963
2960
2969
2968
2961
2960
2960
2958
2971
2960
3255
2959
2965
2966
2960
2960
2960
2968
2963
2963
2971
2960
3123
3119
2961
2968
2959
2961
3170
3128
3161
2967
2960
2963
2957
2966
2964
3188
2966
2958
2960
2961
2961
2962
2960
2967
2961
2961
2971
2955
2961
2960
2961
2969
2958
2961
3113
2960
2967
2965
2961
2962
2962
2968
2959
2960
3166
2959
2968
2967
2970
2966
2955
2962
2971
3217
2960
2955
2968
2960
3276
2960
2955
2964
2957
2960
3115
2969
2968
2972
2988
2970
2960
2967
3128
2961
2961
2960
2968
3184
2959
3151
2964
3181
2968
2963
3183
2963
2965
2962
3183
2957
2961
2962
3191
2968
2966
2969
3149
2960
3219
2962
2957
2965
2959
3127
2963
2960
2967
2958
2961
2953
2964
2959
2964
3140
2967
2962
2813
2959
3142
2959
2964
2956
3177
2961
2962
2960
2962
2971
2956
2965
2961
2964
3200
3186
2963
2970
2966
2961
3216
2962
2960
2964
2965
2960
2963
2969
2965
2961
3127
2963
2959
2969
2964
2961
2967
3128
2961
2963
3132
2960
2965
3152
2956
2961
2967
2965
3192
2956
2966
2970
2963
2962
2956
2961
2961
2966
2963
2956
3149
2972
2966
2960
2956
2964
3119
2970
2964
2954
2959
2967
2972
2960
2959
2961
2961
2961
2872
2960
2970
2966
3145
2960
2973
2961
2960
2961
3141
2966
2956
3177
3225
2961
2961
2960
2975
2963
2957
2962
2969
2976
2968
2957
2969
2968
2960
2961
2957
2962
3127
2966
3139
2956
3114
2967
2967
2967
2963
2966
3141
2962
2960
3163
2961
2961
2972
3238
2962
2962
2956
2963
2961
3238
2965
2963
2966
2774
3205
3123
2959
2964
2956
2962
2965
2978
2972
2971
2961
2955
2961
2968
2966
2962
2962
2961
2956
2967
2962
2966
2962
3192
2965
3163
2956
2962
2968
3161
2963
2964
2964
2957
2961
3215
2966
2963
2961
2960
2956
2966
2959
2960
2963
2960
2969
2956
2962
2964
3122
2970
2958
3125
3137
2966
2963
2961
3162
2956
2966
2955
2960
3150
2964
2960
3159
2969
2955
2967
2961
2959
2968
2961
2964
2971
3174
2971
3227
3205
2962
2955
3223
3132
2960
3122
2954
3127
2962
2966
2970
2964
3119
2968
2964
2970
2967
2964
2956
2959
2972
2964
3157
2957
2969
2967
2959
2961
2955
2965
2967
2961
2961
3172
2961
2955
2965
2963
2962
2961
3183
2962
2956
2961
2960
2963
2967
2968
2970
2961
2961
2971
3108
2960
2964
2960
2967
2837
2964
2960
2960
2968
2961
2961
2957
3138
2975
2962
2962
2958
2966
2965
3168
2967
2960
2961
2961
2957
2966
2966
3184
3156
2962
2964
2955
2969
3118
2960
2965
2956
3118
2961
2965
2962
2956
2967
2961
2968
3140
2956
2966
2976
2958
2972
3137
2964
2961
2972
2960
2960
2966
3083
2971
2962
2955
2961
2968
3242
2963
2959
3153
2966
2965
2963
2956
3127
2966
3125
2960
2959
2961
2960
2969
2962
2963
2962
3192
3170
2968
2963
2969
2963
2960
2960
2956
3179
2967
2963
2961
2961
3160
2970
3254
2961
2956
3182
2968
2965
2960
2964
3033
3136
2964
2960
2958
2967
2959
2959
3155
2953
2965
3175
2966
2958
2970
2961
3153
3163
2968
2963
2960
2965
2965
3187
2973
3188
2960
2962
2970
2964
2964
2976
3202
3134
2960
2966
2959
2961
3122
2960
2961
2966
2962
3150
2961
2970
2965
3155
2962
2960
2970
2965
3157
2957
2962
2961
2965
3189
2961
2961
3210
3191
2962
2956
3156
2971
3201
3229
2968
2965
3125
2955
2961
2975
2972
3123
2956
2961
2961
2965
2969
2963
2963
2968
2974
2961
3134
2970
2967
2962
2963
2962
2969
2971
2961
2960
2962
2961
2969
2971
2957
2960
2970
2967
2968
3123
2961
2963
2963
2965
2852
2963
2961
3126
2967
2962
2972
3137
2963
2963
2955
2970
2960
2961
2962
2960
2969
2959
2960
2955
3156
3176
2968
2971
2967
3175
3182
2961
2962
2962
2961
2967
2959
2960
2960
2960
2968
2955
2968
2960
2963
2962
2957
3121
2963
2967
3128
3168
2965
2960
2961
3150
2969
2963
2962
3185
2960
2966
2964
2960
2963
2961
2958
2969
2961
2960
3211
2961
2969
2959
2964
3126
2961
2962
2960
2961
2969
2969
2962
2956
2967
3141
2813
2961
2956
2962
2971
2967
2960
3135
2968
2960
2963
2962
3147
2970
2960
2964
2961
2964
2967
2955
2961
2963
2961
3149
2956
2968
2961
2966
2963
2956
2968
2962
2961
2967
2965
3125
2961
2961
2967
2956
2963
2962
2970
2963
2972
2963
2956
2966
2969
3154
3173
2960
2970
2956
3161
3181
2961
3207
2955
2962
2960
2971
2968
2964
3197
2969
2968
2972
2956
2960
2963
2961
2960
2966
2962
2963
2969
2968
2966
2960
2967
3127
2956
3127
2960
2966
3139
2971
2969
2960
2964
3160
2962
2963
2958
2969
2964
2959
