1250
792
763
760
771
760
759
762
758
762
758
761
764
757
761
762
761
758
759
760
763
760
764
764
764
761
759
759
771
761
762
763
771
787
759
761
766
760
758
759
759
767
759
759
764
759
762
760
759
759
760
761
764
759
756
769
758
759
761
759
764
760
758
765
763
760
762
759
762
759
800
762
761
773
760
762
764
766
760
761
760
770
763
761
763
761
760
763
761
766
763
760
761
760
765
761
760
765
760
760
762
760
765
761
760
778
764
763
762
765
767
764
762
771
762
763
761
760
766
763
760
761
763
762
763
762
766
763
763
761
761
763
761
764
765
761
761
762
761
760
761
760
768
765
762
767
761
760
760
765
772
763
761
761
761
760
762
761
765
760
762
770
761
764
761
761
768
763
760
765
760
762
762
761
765
760
764
766
761
760
761
760
766
760
761
767
761
761
761
764
765
765
761
767
761
761
763
762
766
760
760
767
764
760
760
764
766
761
760
764
761
761
763
763
771
760
760
764
760
761
762
762
765
766
761
767
764
763
762
760
766
763
761
771
760
760
761
760
767
762
762
765
764
760
762
765
766
760
763
763
772
770
760
760
779
763
760
765
760
771
763
764
762
762
763
761
761
768
761
762
760
761
769
762
765
767
761
760
762
762
763
764
762
765
764
764
761
762
768
766
760
768
762
762
761
762
766
761
760
771
762
761
762
760
765
764
763
767
765
762
762
761
765
761
765
766
763
762
763
762
771
763
763
765
761
760
761
761
765
761
762
770
761
761
761
761
767
763
760
765
762
763
760
760
772
764
762
764
760
760
761
761
765
762
767
770
760
760
760
761
767
766
760
769
761
760
763
760
766
761
760
765
760
766
764
760
766
761
762
765
761
761
761
761
765
760
760
764
761
760
764
761
766
760
760
764
761
762
766
760
767
761
763
771
764
760
761
760
766
760
760
764
761
764
762
761
769
763
765
773
764
762
761
762
765
761
761
774
767
764
761
768
772
760
761
769
761
763
764
760
766
763
764
767
762
761
761
762
766
763
761
764
761
761
761
761
770
761
764
766
763
761
761
761
767
762
762
775
761
761
761
760
767
761
760
765
761
761
761
761
765
762
763
772
761
764
761
763
768
761
765
765
763
760
760
760
771
762
763
765
763
763
760
761
764
761
762
778
765
762
764
762
768
761
763
762
765
763
761
763
765
761
764
762
763
761
760
760
771
765
763
762
761
765
762
761
766
764
760
762
762
765
762
766
773
766
761
761
761
764
760
763
766
761
760
763
760
772
763
761
772
762
763
761
760
767
761
760
766
762
762
760
763
764
761
760
766
762
762
763
763
770
762
765
768
763
764
763
765
766
762
760
766
763
762
764
762
763
762
761
770
762
762
761
759
759
757
759
762
757
756
769
759
756
756
756
763
757
757
761
759
756
757
757
757
757
758
762
757
759
761
761
762
757
756
762
757
756
761
757
758
758
758
758
757
756
761
756
756
763
757
758
1001
759
770
760
756
761
758
758
759
758
761
756
756
762
757
762
756
760
757
759
757
763
757
757
762
757
756
758
758
765
758
759
762
757
760
764
757
757
758
758
768
756
756
763
757
760
757
758
764
758
759
762
757
757
763
758
757
758
757
763
756
757
763
756
759
757
756
757
758
757
762
758
756
760
761
759
761
756
760
758
757
762
756
758
759
758
757
757
761
763
759
757
760
756
756
759
757
760
757
756
767
756
757
756
758
756
756
760
766
759
756
761
759
756
760
758
771
757
759
764
756
757
757
757
757
757
757
768
757
757
761
757
758
757
757
764
757
759
761
756
762
768
756
758
756
761
761
757
757
771
759
757
762
757
759
757
761
762
757
756
761
758
756
758
761
762
761
759
775
756
759
756
757
765
757
756
763
757
756
759
758
757
759
758
761
760
757
762
758
761
759
757
760
756
759
770
757
757
756
759
756
759
757
762
757
756
766
757
758
756
759
762
758
756
761
759
757
760
758
761
758
758
762
759
758
760
757
757
757
757
770
759
757
768
757
757
760
759
758
760
757
764
756
761
768
761
757
757
757
760
759
756
763
756
759
765
756
758
757
757
762
757
757
761
759
757
757
757
762
757
756
768
757
756
760
758
756
757
756
762
757
758
767
757
759
763
759
759
759
758
760
756
757
782
761
760
760
757
761
757
759
762
757
760
757
757
757
758
756
763
758
759
760
758
756
757
758
761
757
757
768
756
760
756
763
757
757
758
761
756
757
766
757
760
757
758
759
757
756
761
757
759
763
757
759
757
757
767
