2941
2887
2885
2888
2892
2887
2886
2888
2894
2891
2888
2900
2888
2885
2885
2882
2887
2885
2896
2898
2889
2884
2887
2885
2889
2882
2891
2910
2888
2888
2888
2888
2886
2886
2885
2884
2887
2889
2885
2888
2894
2886
2886
2887
2889
2888
2892
2888
2887
2892
2887
2888
2888
2888
2887
2888
2883
2889
2881
2885
2891
2889
2882
2889
2888
2888
2884
2886
2887
2887
2898
2984
2883
2887
2884
2888
2886
2886
2892
2887
2885
2886
2884
2893
2892
2887
2886
2891
2887
2887
2882
2886
2889
2886
2888
2888
2888
2890
2890
2889
2883
2885
2888
2888
2888
2888
2887
2886
2888
2898
2888
2889
2889
2889
2890
2885
2894
2889
2886
2881
2886
2885
2889
2885
2886
2880
2886
2889
2887
2894
2891
2889
2892
2886
2887
2883
2889
2889
2886
2888
2892
2885
2887
2891
2888
2893
2888
2887
2890
2888
2888
2886
2886
2893
2888
2886
2888
2908
2896
2890
2896
2892
2886
2891
2892
2886
2888
2891
2888
2890
2887
2891
2889
2888
2886
2885
2884
2888
2883
2889
2881
2890
2880
2889
2881
2887
2882
2890
2887
2887
2887
2890
2888
2890
2885
2889
2885
2885
2889
2888
2890
2887
2893
2888
2888
2888
2887
2886
2888
2893
2888
2889
2890
2891
2887
2884
2884
2887
2889
2881
2886
2882
2887
2882
2885
2881
2886
2889
2890
2885
2889
2886
2888
2891
2886
2887
2885
2886
2885
2891
2885
2885
2893
2885
2895
2884
2886
2889
2889
2885
2884
2896
2888
2886
2884
2886
2885
2891
2881
2892
2883
2889
2880
2885
2883
2889
2884
2886
2891
2894
2887
2884
2885
2888
2887
2889
2887
2890
2886
2893
2894
2886
2885
2889
2889
2888
2892
2897
2887
2888
2889
2893
2886
2885
2893
2881
2887
2880
2885
2885
2887
2885
2890
2891
2893
2881
2887
2891
2893
2887
2889
2887
2891
2884
2887
2887
2886
2885
2883
2891
2888
2888
2888
2885
2883
2886
2895
2886
2888
2885
2888
2885
2885
2881
2883
2889
2881
2886
2884
2893
2883
2888
2886
2904
2881
2890
2882
2887
2884
2888
2888
2889
2907
2891
2888
2885
2886
2885
2885
2888
2885
2889
2887
2888
2884
2892
2892
2890
2887
2890
2887
2887
2895
2888
2886
2883
2888
2882
2889
2883
2886
2880
2887
2884
2891
2881
2890
2898
2886
2888
2885
2889
2887
2884
2889
2891
2887
2890
2888
2892
2886
2887
2886
2887
2885
2886
2886
2886
2893
2888
2887
2892
2888
2886
2884
2889
2884
2890
2882
2887
2883
2889
2889
2890
2891
2889
2889
2889
2893
2894
2887
2891
2894
2885
2886
2886
2887
2888
2885
2889
2888
2894
2890
2887
2895
2892
2885
2887
2899
2891
2891
2895
2892
2891
2888
2898
2887
2887
2886
2889
2886
2886
2886
2885
2886
2882
2888
2889
2890
2883
2886
2882
2891
2881
2891
2887
2886
2886
2891
2890
2895
2883
2887
2885
2886
2888
2895
2887
2889
2889
2886
2886
2887
2886
2885
2887
2892
2887
2887
2895
2895
2887
2890
2886
2894
2888
2883
2888
2881
2886
2880
2886
2881
2891
2884
2890
2883
2894
2880
2886
2884
2886
2883
2889
2882
2886
2886
2889
2891
2888
2887
2893
2889
2892
2889
2889
2887
2886
2889
2887
2888
2887
2886
2891
2889
2890
2885
2886
2888
2886
2891
2890
2889
2892
2886
2886
2889
2882
2887
2882
2887
2883
2890
2884
2886
2884
2888
2886
2888
2891
2888
2887
2888
2888
2893
2893
2899
2889
3124
2887
2888
2886
2889
2889
2891
2901
2906
2883
2890
2886
2886
2886
2886
2884
2893
2887
2889
2888
2894
2889
2891
2890
2890
2886
2891
2892
2894
2896
2887
2890
2889
2891
2888
2888
2892
2887
2892
2891
2891
2888
2882
2891
2884
2893
2884
2886
2886
2894
2880
2889
2882
2886
2882
2885
2889
2887
2888
2886
2898
2889
2887
2890
2888
2892
2889
2895
2889
2892
2886
2886
2896
2889
2888
2894
2886
2888
2886
2889
2888
2888
2892
2896
2888
2889
2887
2889
2889
2886
2887
2881
2894
2883
2891
2898
2889
2883
2894
2883
2890
2884
2887
2884
2889
2892
2894
2884
2892
2885
2890
2883
2888
2889
2887
2890
2888
2889
2889
2888
2887
2888
2892
2888
2886
2902
2887
2888
2889
2896
2888
2889
2892
2889
2896
2891
2889
2895
2894
2889
2887
2888
2886
2887
2887
2890
2896
2886
2882
2887
2885
2890
2880
2887
2882
2886
2886
2892
2882
2893
2884
2891
2894
2889
2886
2886
2885
2889
2888
2890
2889
2888
2894
2892
2895
2887
2888
2890
2889
2890
2899
2904
2896
2895
2886
2888
2889
2888
2893
2889
2889
2891
2888
2889
2896
2890
2895
2897
2891
2891
2889
2889
2890
2892
2887
2886
2887
2893
2889
2896
2887
2883
2894
2885
2892
2884
2892
2882
2885
2885
2893
2881
2888
2882
2895
2889
2889
2886
2889
2892
2893
2891
2890
2888
2888
2886
2887
2887
2887
2889
2887
2888
2889
2889
2893
2889
2900
2887
2886
2886
2886
2886
2890
2891
2890
2894
2890
2888
2889
2892
2886
2886
2889
2894
2890
2889
2887
2904
2886
2891
2888
2891
2887
2893
2886
2894
2883
2891
2884
2889
2882
2907
2898
2890
2894
2892
2885
2890
2890
2896
2890
2888
2885
2886
2887
2887
2890
2887
2885
2894
2896
2891
2885
2888
2889
2887
2902
2887
2895
2886
2886
2890
2887
2888
2892
2890
2890
2888
2887
2896
2890
2889
2889
2889
2890
2892
2886
2885
2886
2886
2885
2887
2890
2888
2889
2887
2889
2881
2886
2881
2889
2882
2893
2882
2891
2884
2889
2888
2889
2887
2886
2892
2889
2905
2892
2886
2898
2889
2887
2888
2891
2889
2886
2888
2886
2894
2890
2894
2894
2887
2888
2886
2892
2885
2895
2889
2888
2891
2894
2888
2897
2889
2889
2890
2885
2887
2885
2893
2886
2888
2891
2886
2882
2886
2880
2886
2884
2888
2881
2885
2882
2887
2885
2890
2886
2892
2886
2892
2888
2889
2889
2891
2886
2885
2887
2891
2890
2890
2891
2887
2886
2888
