2972
2892
2883
2884
2879
2887
2890
3097
2887
2880
2884
2893
2892
3040
3161
2883
2880
2884
2888
2887
3050
2892
2890
2879
3045
2879
2886
2889
2891
2887
3048
2884
3031
2889
3060
2884
2884
2889
2887
3101
2886
3069
2879
2885
2884
2885
3104
2882
2889
3163
2889
2885
3100
2884
2884
2890
3049
3117
2890
2890
2889
2884
2884
2879
2885
2889
3076
3047
3087
2893
2887
2888
2899
2888
2883
3034
3049
2883
2883
2881
2884
2891
2886
2884
2891
3071
2882
2890
2879
3063
2890
2890
2886
2882
2890
2884
3109
3101
2879
2891
2884
2883
3099
2886
3171
2879
2885
3078
2882
2892
2882
3095
2883
3079
2884
2889
2886
2880
2888
2890
2890
2883
2884
2885
2884
2884
2883
2893
2889
2880
2886
2885
2888
2889
2880
2887
2889
2888
3106
3082
2883
2887
2884
2884
2884
2887
2880
2888
2884
2883
2885
2882
2887
2883
2897
2884
2884
2889
2884
2896
2883
3048
2883
3050
2891
2884
2885
2886
2883
2882
2890
2885
2883
3081
2890
2879
3117
2883
2885
2893
2883
2884
2885
2886
2882
3115
2885
2889
2884
3131
2883
2885
2889
2878
2884
2879
3121
2891
2888
2884
3187
3116
2889
2886
2884
2886
3040
3128
2896
2880
2885
2886
3047
2886
2887
2884
3045
2883
2883
2888
3085
3037
2886
2888
3055
2887
2884
2889
3055
2884
2878
2882
2878
3077
2891
3082
2886
2889
2884
3113
2877
2884
2893
2888
2891
3105
2884
2883
2886
3047
2886
3052
3127
2888
2883
3053
2891
2880
2886
2884
3050
2894
2891
2884
2878
2884
2896
2888
2885
2890
2883
2884
2885
2886
3096
2884
2883
2889
3094
3117
2878
3104
2884
2887
2884
3128
3108
2879
2892
2878
2888
2883
2884
3149
2883
2884
2888
2891
2885
3141
3054
2880
2888
2882
2880
2883
3045
2887
2878
3052
3055
2885
3054
2884
2888
2890
3054
2883
2883
2890
2888
2884
2886
2886
2889
2881
3118
2883
2884
2888
2886
3147
2878
2886
2883
2893
2883
2886
2884
3142
2883
2885
2893
2884
3131
2884
3129
2885
2879
2884
3050
2884
2893
2889
2888
2879
2884
3051
2883
2894
2878
2883
2883
2884
2895
2889
2884
2883
3065
2879
2886
2879
3059
2884
2885
2884
2890
2884
3094
2884
2878
2891
2884
3107
2885
3099
2892
2885
3106
2881
3125
2890
2883
2888
2885
3059
3104
2883
2884
3157
2884
3133
2886
2883
2886
3041
2878
2883
2891
2883
3046
2879
3045
2883
2889
3074
2884
2883
2881
2889
3062
3071
2883
2879
2891
3102
3090
2882
2878
2888
2894
2892
2888
2884
3132
2883
2884
2887
2883
2892
2888
2883
2881
3051
2889
2890
3034
3045
2887
2884
2887
2886
2887
2884
2882
2883
2885
3054
3065
2883
2888
2879
3071
3088
2884
2888
3061
3070
2884
2884
2893
2889
3134
2881
2885
2879
3119
2883
3104
3090
2880
2894
2878
2886
2886
3119
2884
2883
2887
2890
2899
2880
2884
3043
2894
3046
2880
2885
2881
2886
2883
2885
2883
2890
2882
2883
2896
3067
2881
2885
2878
2890
2884
2887
3070
2878
2883
2883
2882
2883
3078
2891
2884
2887
2890
3121
2882
2886
2889
2884
2894
2878
3154
2883
2890
2884
2886
2883
3090
2891
3043
2880
2886
2879
2889
3073
2880
2885
2881
2887
2878
2887
2878
2883
2888
2891
2889
2878
2883
2889
2887
2883
3059
2883
2879
2895
2883
2882
2884
2880
2893
2880
2900
2881
2900
3076
2889
2885
3131
2883
2878
2887
3099
2891
2883
2879
2890
2880
3056
3046
2882
3051
2886
2890
2879
3052
2889
3040
2884
2885
2895
2883
2883
3052
2884
2878
2885
2888
2885
3080
2881
3072
2878
2896
3113
2880
2884
2884
2889
3092
2885
2889
2889
3101
3119
3117
2889
2889
2886
3106
2885
2889
2888
2883
3118
2881
2891
2888
2884
3086
2887
2883
3051
2883
2881
3050
2892
2892
3081
2880
2888
2883
2887
3123
2879
2884
2896
2889
2897
2889
2885
2884
3117
2892
3129
2886
2879
2883
2888
2888
2883
2879
3083
2884
2889
2892
3124
2885
2887
3055
2891
2879
3048
2894
2883
3097
3042
2884
2883
2883
2886
2884
2878
2883
2889
2884
3067
3083
2884
3079
2892
2883
2884
3090
3075
2894
3102
2883
2883
3112
2893
2889
2887
2880
3103
2890
2884
2886
2886
2883
2878
2889
2883
2884
2883
2882
2890
2880
3052
3059
2884
2890
2885
2886
2880
2884
2889
2885
3062
2879
2894
2884
2888
2885
2882
3087
2878
2888
2883
3064
3119
2883
2888
2883
2882
2890
2883
2885
2889
2884
3099
2889
2883
3143
3137
2880
2894
3131
2888
2884
2887
2885
2888
3044
2888
2887
2892
2890
2884
2883
2881
2888
3045
3051
2891
2892
2879
2885
2883
3053
3070
2886
2885
2879
3068
2889
2891
2883
2884
2884
2888
3115
2890
2888
2884
3116
2885
2879
2889
2884
2889
3128
2881
2883
2879
2883
2893
2883
2885
2885
2889
2889
2884
2880
3050
2888
2885
3043
2882
2883
2890
2885
3058
3047
2889
2885
2892
2883
2883
2884
3044
2891
2880
2888
3098
3063
2889
2888
2888
2879
2886
2878
2888
2883
2886
3102
3100
2891
2879
3102
2889
2886
2886
3091
2885
2878
2889
2884
3137
2892
2884
2888
2883
2884
2883
3052
2885
2885
2885
2880
2883
3059
2884
2889
2883
2885
2879
2884
2891
2889
3070
2878
2892
2878
2884
2884
2885
2889
2887
2883
3109
2885
2888
2887
2886
2879
3106
2892
2885
2887
2883
2885
2889
2887
2888
2887
3047
2879
2897
2879
2888
2883
2895
2894
2891
2884
2878
3034
2888
2891
3052
2880
2887
2884
2883
2884
2894
3068
2885
2890
2879
2889
2882
2887
2884
2887
2886
2878
2883
2879
2888
2879
2893
2885
3096
3102
2878
2884
2878
2889
3140
2885
3080
2883
3161
2879
2883
3053
2884
2883
2880
2884
3041
2883
2889
2883
3042
2878
2883
2884
3049
2884
2883
2888
2879
2884
3065
2883
2888
2891
2884
2879
3068
2890
3073
3078
2878
2889
2890
2886
