3007
2975
2977
2966
2976
2975
2972
2966
2978
2976
2976
2964
2970
2965
2970
2982
2970
2974
2977
2976
2977
2977
2971
2970
2976
2970
2978
2971
2977
2970
2974
2971
2972
2985
2980
2976
2973
2980
2976
2985
2975
2974
2977
2976
2974
2974
2983
3002
2974
2981
2974
2986
2976
2979
2978
2976
2975
2976
2971
2970
2971
2973
2977
2997
2969
2977
2966
2970
2964
2977
2966
2978
2968
2971
2971
2969
2985
2974
2976
2970
2983
2972
2976
2973
2976
2980
2981
2969
2976
2982
2970
2988
2982
2971
2976
2974
2978
2976
2975
2975
2973
2975
2973
2975
2973
2973
2980
2980
2980
2973
2977
2991
2971
2971
2973
2977
2981
2975
2984
2978
2978
2972
2976
2970
2977
2968
2973
2969
2977
2968
2981
2972
2987
3035
2981
2984
2974
2977
2977
2977
2973
2980
2983
2973
2982
2976
2979
2975
3004
2980
2971
2990
2978
2981
2983
2976
2974
2981
2984
2982
2977
2985
2991
2978
2979
2983
2966
2985
2965
2971
2968
2971
2967
2971
2966
2978
2966
2972
2966
2974
2969
2976
2970
2972
2970
2978
2979
2977
2975
2979
2972
2971
2980
2974
2980
2977
2977
2978
2981
2972
2973
2972
2976
2978
2976
2980
2979
2973
2982
2972
2971
2975
2972
2977
2976
2980
2978
2983
2989
2979
2972
2977
2975
2967
2972
2967
2978
2975
2978
2975
2984
2971
2974
2966
2998
2977
2982
2979
2991
2979
2980
2973
2973
2981
2974
2978
2972
2979
2974
2971
2976
2974
2971
2977
2980
2976
2977
2977
2988
2973
2971
2976
2977
2985
2975
2979
2971
2974
2983
2976
2972
2974
2971
2978
2968
2971
2977
2978
2967
2973
2967
2982
2971
2982
2966
2976
2966
2979
2966
2971
3020
2971
2982
2969
2977
2967
2971
2966
2979
2965
2976
2969
2974
2974
2971
2973
2973
2979
2979
2979
2981
2976
2975
2971
2973
2975
2971
2979
2977
2993
3013
2977
2981
2974
2980
2982
2976
2976
2983
2975
2973
2976
2968
2972
2981
2977
2971
2981
2972
2976
2973
2975
2975
2973
2967
2973
2969
2970
2968
2971
2967
2974
2966
2978
2971
2976
2973
2971
2966
2974
2972
2976
2971
2979
2969
2975
2969
2971
2972
2983
2971
2975
2983
2974
2971
2971
2970
2972
2970
2974
2980
2973
2975
2971
2976
2971
2977
2982
2978
2981
2977
2986
2970
2982
2970
2972
2971
2971
2976
2972
2971
2971
2976
2970
2970
2985
2981
2971
2979
2977
2978
2972
2975
2966
2973
2966
2971
2965
2987
2966
2983
2965
2976
2968
2977
2974
2970
2971
2981
2976
2977
2976
2977
2978
2973
2977
2975
2972
2977
2976
2974
2988
2978
2980
2976
2979
2973
2976
2969
2978
2976
2976
2971
2972
2985
2976
2975
2972
2971
2976
2979
2978
2975
2975
2984
2971
2970
2972
2976
2976
2971
2976
2984
2976
2980
2981
2967
2976
2973
2976
2968
2973
2965
2976
2965
2977
2965
2976
2965
2975
2985
3003
2981
2976
2977
2985
2970
2973
2971
2977
2980
2971
2976
2976
2975
2977
2978
2971
2972
2976
2988
2975
2976
2973
2982
2974
2976
2973
3010
2972
2972
2972
2971
2974
2977
2976
2974
2978
2976
2982
2970
2976
2970
2978
2976
2968
2974
2966
2974
2969
2972
2973
2971
2965
2979
2965
2975
2976
2971
2974
2977
2972
2973
2976
2971
2979
2973
2981
2978
2983
2982
2977
2975
2971
2976
2983
2974
2970
2973
2977
2971
2977
2974
2972
2972
2970
2985
3020
2975
2976
2980
2982
2980
2979
2987
2974
2970
2978
2969
2978
2973
2976
2972
2975
2973
2975
2966
2978
2965
2978
2976
2976
2965
2972
2965
2972
2967
2970
2966
2971
2966
2971
2965
2976
2974
2984
2975
2976
2986
2977
2975
2971
2977
2975
2976
2975
2971
2977
2970
2978
2970
2976
2971
2972
2972
2970
2973
2971
2979
2982
2971
2987
2971
2979
2970
2985
2978
2979
2978
2971
2978
2977
2978
2981
2986
2977
2981
2978
2978
2971
2971
2982
2981
2975
2985
2966
2972
2966
2971
2966
2972
2968
2975
2967
2976
2982
2976
2974
2972
2971
2974
2973
2977
2977
2971
2977
2979
2977
2975
2974
2979
2971
2975
2970
2977
2973
2982
2977
2975
2977
2976
2977
2983
2970
2982
2978
2974
2982
2979
2978
2970
2970
2975
2977
2971
2981
2980
3022
2978
2979
2978
2975
2981
2983
2974
2973
2971
2976
2971
2973
2973
2977
2971
2974
2982
2975
2972
2975
2977
2974
2977
2967
2972
2966
2976
2967
2973
2983
2975
2969
2976
2980
2975
2969
2975
2975
2979
2979
2976
2978
2984
2979
2978
2979
2976
2971
2971
2979
2979
2980
2973
2985
2978
2984
2971
2978
2969
2979
2973
2978
2971
2974
2984
2972
2987
2972
2978
2974
2974
2976
2971
2971
2971
2971
2973
2975
2977
2981
2969
2974
2983
2978
2965
2980
2978
2977
2965
2973
2965
2974
2965
2979
2965
2974
2971
2971
2974
2973
2985
2981
2973
2973
2970
2971
2977
2976
2974
2975
2974
2976
2970
2985
2985
2989
2986
2979
2978
2977
2980
2975
2975
2977
2987
2978
2978
2974
2978
2966
2971
2965
2976
2965
2979
2967
2970
2965
2972
2965
2971
2969
2976
2968
2975
2968
2970
2971
2970
2985
2970
2978
2974
2970
2974
2972
2977
2971
2977
2977
2983
2984
2975
2970
2971
2977
2970
2976
2976
2975
2970
2977
2981
2979
2975
2976
2975
2978
2980
2977
2979
2971
2975
2974
2991
2990
2973
2982
2974
2980
2982
2977
2974
2975
2973
2976
2966
2974
2968
2970
2982
2982
2965
2975
2975
2976
2965
2976
2966
2984
2974
2971
2980
2995
2977
2979
2977
2982
2985
2979
2975
2976
2971
2976
2970
2979
2970
2977
2974
2980
2970
2971
2973
2972
2978
2982
2970
2972
2972
2971
2981
2973
2976
2976
2976
2972
2977
2980
2972
2983
2980
2970
2979
2969
2982
2964
2976
2965
2971
2966
2981
2966
2973
2966
2971
2966
2971
2966
2984
2976
3007
2978
2983
2975
2981
2976
2978
2979
2971
2978
2976
2980
