2872
2879
3107
3070
2889
3085
2872
2876
2875
2872
3113
2873
2879
2865
2882
3111
2871
2867
2873
2874
2873
2874
3125
2880
2874
3139
2874
2880
3048
2876
3138
2869
2875
2867
2874
2870
2875
3043
2876
3033
2870
2880
2874
2873
2879
3031
3051
2881
2878
2874
2880
2874
3053
3067
2863
3053
2869
2869
2871
2872
2873
3064
2873
2868
2875
2867
3071
3115
2876
2875
3064
2875
3061
2875
2870
3130
3135
2871
2873
3096
2873
2866
2874
2870
2875
3053
3108
2870
2871
3041
2866
2872
3038
2870
2874
2873
2882
2866
3027
2871
2882
2878
2872
3036
2871
2879
2867
2874
2877
3032
2878
2876
2880
2875
3053
3082
3037
3086
2878
2876
3046
2879
2870
2877
3048
2877
2870
2875
2880
2879
2874
2883
2881
3088
2880
2880
2875
2872
2874
3161
3122
2878
3125
2878
2871
2881
2869
2879
2880
3168
2874
2879
2876
2869
2871
3047
2879
2875
2873
3039
3074
2875
2871
3025
2877
2875
2880
3031
2875
3035
3040
2871
3032
2873
3037
2876
2886
2874
3037
2875
2871
2879
2866
2877
2882
2875
3117
2877
2885
3098
2879
3110
2872
3113
2872
2882
2883
2877
3178
2875
2875
2875
2880
2873
2875
3089
2878
2869
2879
2875
3095
3106
2867
2876
2867
2873
2870
2878
2875
2884
2872
2876
3037
3063
2878
2872
2880
2871
2871
3031
2872
2877
3032
2875
2876
2874
2881
3032
2876
2876
2877
2872
3077
3073
2873
2881
2875
2873
2874
2879
3039
2875
2880
2885
2876
2873
3108
2874
2881
2875
2881
2869
2876
2874
2881
2874
2873
3104
2872
2879
2868
2876
2877
3195
2884
2887
2875
2869
3130
2872
3112
2879
3109
3034
2871
2874
3046
2878
3042
2876
2873
3038
2879
3047
2877
2876
2869
2872
3162
3048
2868
2879
2863
2876
3083
3053
2870
2873
2880
3099
2879
2877
3067
3118
2873
2876
2867
2876
2879
2879
2877
2883
2881
2870
2873
2881
3107
2880
2871
2874
2873
2881
3036
2882
3036
3118
2874
3142
3033
3029
2876
2875
2876
3057
2876
2877
2874
2880
2875
2880
2874
2876
2880
3038
2878
3044
2874
2880
2872
2873
3030
3080
2874
2879
2872
3073
3099
3066
2873
2873
2878
3096
2873
2878
2881
2874
2874
2878
2874
2875
2884
2886
2866
3130
2884
2868
2877
2875
2874
2874
2877
2877
2880
2877
3139
2878
2873
3041
2867
2877
3040
2877
3032
2877
3030
3025
2878
2868
2876
3050
2879
2881
3035
2877
2879
2887
2873
3040
3065
2875
2884
2876
2877
2878
2887
3115
2874
2876
2877
2882
3138
3111
2875
2870
2872
3094
2878
3105
3100
3127
2878
2869
3154
2877
2877
2876
2870
2879
2878
2885
2873
2872
2874
2877
2874
2883
3038
2877
2881
2875
2877
2878
2874
3029
2873
3031
3031
2868
2872
3043
2879
2874
2876
2885
3040
2874
2880
2873
3076
2875
3046
2886
2877
2878
2873
2880
2873
3057
3107
2875
2879
2872
2881
2873
3077
3106
2878
3114
2871
3115
3120
2874
3121
3099
2886
2872
2880
3050
3138
2877
2876
3068
2873
2877
2880
2871
2870
2871
2885
2876
2876
2868
2875
3050
2873
2878
3026
2876
2873
3045
2878
2882
3048
2873
2871
3047
2880
2874
3052
2874
2874
2871
2869
3077
2875
3067
2880
2876
2872
3054
3091
2875
3103
2876
2878
2885
2872
2876
2870
2881
2880
3152
2868
3057
2883
2876
2875
3056
2874
2871
2882
3038
2873
2880
2875
2877
3051
2879
2869
2877
2876
3032
3065
2874
3036
3050
2879
2876
2873
2879
2877
2874
2874
2872
3076
2884
2878
2879
3080
3111
3076
2879
3087
2877
2873
2879
2869
2876
2877
2875
2875
2876
2874
3105
3175
2874
2875
2876
2886
2874
3182
3068
2875
2893
3172
2874
2873
3066
3039
2874
3041
2875
2878
2879
2879
2879
2879
3036
2883
3040
2875
2872
2871
3037
2880
3040
2876
3037
3059
2867
2880
2872
2875
2878
2878
2884
3060
2878
3063
3098
2875
2874
3081
2877
3106
2877
2874
2873
2877
3170
3097
2881
2878
2880
2877
3105
2884
2875
3059
2873
3073
2879
3069
2871
2880
3039
2877
3035
3026
2872
2877
2870
3047
2869
2874
2879
3030
3076
2873
2871
3089
2871
2891
3076
2879
2876
2875
3092
2876
2894
3076
2879
2875
2878
3105
2878
2881
2867
2874
2875
2880
2876
2877
2879
3190
2873
2873
3062
2868
2882
2891
3089
2871
3073
2871
2873
3035
2876
2878
2874
3043
2878
2873
2875
2875
3041
3064
2871
3077
2873
2876
2874
2878
3093
2874
2880
3084
2876
3037
2882
2870
2872
3118
3080
3119
3063
2872
2875
2879
2885
3097
2879
2880
2877
2879
3111
2876
2877
2877
2881
2876
3097
2874
2878
3108
2881
3139
3030
3136
2881
2873
2876
2879
3025
2878
2868
2884
2877
2875
2875
2873
3040
2872
3046
2875
3056
3088
2870
2879
2874
2872
2876
3089
2876
2883
2889
2879
3088
2868
3100
2876
2876
2874
3096
2871
3091
2878
3127
2877
3144
2876
3127
2871
2879
2875
3120
3041
2874
2881
2874
2877
3043
2874
3035
2873
2875
2873
3033
2876
3031
2873
2881
2871
2879
2893
3087
3051
2876
3042
3087
2866
2873
3116
3058
2873
2881
3108
2868
2877
3133
3107
3127
2874
3143
3133
2871
2876
3090
2879
2875
3115
2874
2883
2885
2871
3048
2874
2876
2876
2882
2878
2878
2877
3037
2874
2876
2875
2871
2873
2872
2876
3039
2879
2876
2873
3051
2879
2875
2871
2882
2878
3052
2878
3086
2878
2875
2876
2874
3054
2875
2872
3094
2873
2874
3148
2876
2877
2870
2881
2881
2874
2877
2872
2877
3144
2875
2872
2876
2871
3139
2874
2875
2873
2878
2871
3120
2878
2870
2878
2876
3050
2873
2886
2876
2872
2887
2876
3036
2871
2879
2874
2870
2926
3062
2879
2875
3057
2881
2866
2878
2862
3055
3072
2876
2879
2868
2878
2865
2870
2873
3073
3107
2874
2879
2882
2875
3115
3109
2870
3115
2874
2863
2872
2874
2880
2875
2871
3044
2875
2875
