2914
2901
2886
2885
3067
3042
2890
2888
3035
2885
3080
2898
2888
3066
2882
3068
2891
2893
2887
2891
2886
3066
2893
2880
2891
2891
2886
2892
3178
2886
2886
3107
2890
2886
2885
2887
2886
2892
2881
2916
2895
2884
2895
2886
2885
2885
2890
2884
3051
2885
2882
2890
2892
3048
2890
2880
2885
2885
2884
2891
2887
2884
3107
2890
2888
2893
2888
2881
2890
2887
3106
2891
2880
2894
2881
3161
2886
2885
2891
2885
2886
2886
2890
2886
2894
3055
2880
2886
2885
2884
3048
3059
2892
3075
2887
2884
2884
3037
3047
2886
3092
2884
3107
3106
3114
2888
2887
2891
2880
2885
2887
2893
2884
2885
2885
2889
2885
2893
2892
2885
2892
2965
2895
2885
2887
3069
3027
2888
2890
2884
3051
2885
2881
2889
2880
2885
2894
2885
2885
3090
2886
2892
2889
2886
2886
3096
2880
2894
2885
2885
3122
2888
2886
2882
2893
2885
3098
3120
2882
2885
2886
2890
2888
2886
2885
2887
2891
2885
2890
2881
3077
2892
2892
2892
2881
2887
2885
2886
3055
2885
2889
3050
2893
2888
3051
2891
2886
2891
3077
2891
2885
2886
2888
2891
2889
2888
2885
2886
2885
2885
2881
2887
2881
2895
2886
3128
2898
2885
3101
2881
2887
2893
2886
2886
2888
3144
2886
2885
2881
2887
2886
2887
2892
2891
2887
2887
3041
2892
2891
2895
2887
2887
2886
3049
2885
2888
2887
2887
2887
2892
2891
2886
2880
2886
2881
2897
2893
2886
2887
2886
3102
2886
2885
2885
2890
2887
2880
2885
2892
2889
3156
2885
3135
2894
2896
2885
2885
2886
3128
2896
2880
3038
3051
3052
2893
2817
2886
2885
2884
2894
2900
2886
2880
2886
2891
2888
2890
2880
2886
2900
2899
2886
2885
2887
2889
2887
2886
2895
2881
2891
3123
3114
2886
2888
3138
2894
3141
2886
2892
2889
3041
2887
2886
2883
2886
2888
2887
3050
2889
2892
2897
2886
3064
2886
2887
2887
2898
2891
2887
2887
2887
2886
2893
3074
2885
2895
2885
3057
2881
2892
2886
3067
2894
2889
2892
3073
2885
2888
2885
2885
2884
2885
2885
2891
2880
3158
2885
2885
2892
2880
2885
3052
2883
2887
3037
2885
2889
2880
3039
2886
2886
3046
2889
3063
2893
2885
2886
2889
2885
2881
2886
3104
2881
2889
2885
2885
2893
2894
2886
3102
2886
2890
2891
3150
3110
2891
2880
2891
2885
2886
2886
3060
2884
2886
3060
2892
3062
2885
3242
3050
3083
2882
2897
2885
2885
2887
2882
2892
2881
3066
2880
2885
2893
2889
3079
2881
3092
2893
2890
2887
2891
2885
2890
2893
2881
2885
2881
2885
2886
2890
2887
3125
2888
2881
2894
2885
2885
2886
2894
2893
2891
2887
3124
2887
2892
2885
2888
2890
3049
2891
2905
2882
2885
2886
3056
2895
2880
2885
2880
2885
2891
2891
3064
2881
2891
3068
3070
2892
2885
2892
2881
2893
2885
2886
2893
2885
3112
2882
2885
2890
2891
2887
3126
2886
2881
2891
2886
2885
3052
3104
2889
2890
3077
2880
2887
2892
3052
2886
2885
2891
2887
2889
3074
2884
2890
2892
2889
2887
2886
2891
2880
2885
2888
3061
2891
2880
2886
2885
2883
2886
2889
2885
2881
2888
2892
2893
3154
2884
2886
2880
2890
2883
2888
3064
2885
2889
3169
2885
2885
2892
2886
2887
3055
2881
2885
2881
2889
2886
2887
2892
3051
2885
2885
2886
2892
2893
3075
3088
2890
2885
2881
2884
2892
2890
2885
2884
2887
2880
2897
2881
2885
2901
2887
2894
2885
2886
2882
2889
2890
2888
3087
3168
3116
2886
2891
2886
2880
2889
2885
2895
2886
3036
2885
2881
2896
2887
2891
3093
2880
2889
2880
2886
2886
2886
2891
2881
3093
2892
2889
2891
2880
3112
2885
2886
2896
2882
2892
2885
2885
2886
2887
2885
2884
2895
2881
2887
3051
2886
3043
2788
2890
2886
2885
2891
3052
3050
2885
2886
2891
2891
2887
2883
2886
2891
2891
3094
2885
2887
2887
2886
3100
3088
2886
2883
2892
2883
2886
2892
2894
2884
2885
2884
2880
2891
3116
2880
2886
2880
3131
2886
3176
2885
2885
2891
2883
3051
2885
2888
3051
2883
2888
2889
2886
2891
2891
3050
2881
2884
2902
2899
2891
2886
2886
2881
2893
2881
2885
2887
3066
3130
2886
2886
2889
3124
3099
2880
2886
2886
2886
2892
2880
2886
2887
2886
2891
3143
2889
2882
3046
2892
2890
2888
2880
2892
2892
2890
2887
2883
2887
2892
2892
2886
2885
2894
3054
2896
3106
2885
2886
2886
2890
2898
2892
3081
2888
2891
2890
2894
3107
3126
3140
2886
2898
2887
2886
2890
2885
2885
3149
2891
2883
3051
3055
2887
2893
2892
2886
2880
2898
2891
2893
3051
2886
2892
2892
2889
3068
2881
2888
2886
2897
3103
2886
2892
2886
2887
2885
3101
2892
2886
3130
3156
2880
2890
2886
3151
2891
2886
2893
2882
2885
2886
2886
2891
2882
2887
3020
2887
2893
2890
2889
3042
2892
2893
3063
2887
2885
2889
2890
3077
2883
2887
2893
2884
3113
2885
2890
2881
2886
2892
2890
3151
2885
2886
2882
2902
3138
2891
2888
2881
2889
2885
2886
2891
2890
2885
2885
2886
2882
2888
2885
2887
2891
2882
2886
2887
2887
2895
2886
3049
2886
3055
2891
2888
3065
3068
2893
2890
2885
2887
2884
2885
2886
2892
2886
2881
3116
2890
2893
2888
2891
2890
3116
2886
2886
2889
2886
2886
2886
3162
2892
2894
2891
2886
2882
2886
2890
2890
2885
2882
3084
2893
2885
2892
2883
2886
2892
3085
3063
2886
2886
2881
2886
2894
2897
2887
2892
3105
2884
2890
2881
2893
2884
2885
2888
2881
3144
2886
2885
2886
2882
2887
2897
2888
2887
2886
2894
2880
2887
2885
2886
2892
2893
2886
2883
3073
2897
3057
2886
2881
3070
2893
2886
2886
2888
2886
3075
2889
2881
2897
2881
2886
3131
2887
2886
3070
3106
2886
3100
2892
2890
2885
2881
2887
2885
2891
2884
2886
2890
2890
3055
3037
2891
3044
2887
2885
2882
2885
3074
2896
