3006
2976
2964
2986
2971
2967
2966
2967
2980
2967
2972
2969
2965
2966
2971
2974
2974
2966
2965
2965
2977
2967
2965
2969
2974
2971
2968
2966
2966
2967
2964
2968
2978
2979
2966
2967
2965
2976
2969
2970
2965
2966
2978
2970
2966
2963
2983
2972
2966
2971
2976
2966
2970
2966
2966
2967
2966
2969
2972
2965
2970
2962
2971
2960
2968
2959
2966
2959
2965
2959
2971
2960
2975
2976
2976
2972
2976
2966
2966
2974
2969
2970
2965
2966
2977
2977
2975
2965
2967
2965
2966
2971
2990
2966
2965
2978
2971
2977
2978
2967
2967
2972
2972
2965
2967
2975
2967
2972
2966
2966
2974
2966
2966
2971
2970
2967
2974
2964
2982
2965
2969
2969
2979
2967
2967
2966
2970
2974
2968
2966
2966
2973
2971
2967
2967
2978
2984
2967
2968
2974
2963
2975
2971
2966
2967
2966
2960
2974
2960
2966
2960
2966
2967
2966
2959
2970
2959
2972
2960
2973
2965
2976
2968
2969
2972
2977
2968
2966
2966
2966
2968
2972
2975
2966
2966
2974
2976
2968
2966
2968
2966
2967
2972
2970
2968
2968
2966
2967
2972
2979
2965
2966
2967
2976
2965
2966
2966
2967
2965
2970
2965
2966
2973
2967
2986
2997
2968
2984
2967
2967
2970
2971
2971
2976
2966
2962
2977
2960
2971
2960
2966
2961
2970
2959
2972
2960
2966
2959
2969
2961
2971
2960
2969
2961
2968
2959
2979
2960
2979
3012
2969
2975
2976
2968
2969
2973
2968
2971
2975
2970
2967
2969
2968
2980
2974
2965
2972
2970
2969
2967
2969
2970
2973
2968
2968
2965
2966
2967
2980
2968
2966
2970
2971
2973
2970
2967
2981
2972
2976
2965
2969
2969
2967
2973
2971
2967
2965
2966
2967
2991
2990
2971
2961
2974
2965
2967
2962
2966
2961
2971
2964
2973
2960
2973
2959
2977
2974
2966
2963
2972
2963
2975
2965
2970
2964
2967
2965
2969
2971
2978
2965
2966
2966
2967
2967
2972
2966
2965
2984
2970
2966
2969
2970
2974
2972
2971
2967
2966
2966
2973
2973
2971
2967
2971
2966
2973
2965
2970
2984
2969
2967
2968
2972
2966
2972
2965
2971
2964
2967
2975
3229
2970
2967
2966
2973
2969
2966
2962
2966
2964
2973
2970
2966
2967
2968
2974
2972
2963
2971
2963
2968
2969
2970
2964
2974
2967
2967
2972
2974
2977
2976
2974
2967
2964
2973
2966
2966
2967
2970
2972
2971
2966
2973
2977
2966
2966
2966
2966
2967
2974
2973
2966
2966
2969
2972
2972
2978
2967
2969
2967
2966
2966
2980
2966
2966
2967
2967
2971
2965
2968
2967
2973
2967
2972
2968
2967
2966
2971
2973
2967
2966
2967
2981
2977
2966
2967
2968
2971
2979
2975
2975
2966
2964
2971
2960
2976
2970
2971
2960
2967
2962
2977
2962
2973
2961
2976
2959
2973
2960
2966
2959
2967
2972
2968
2961
2968
2961
2975
2959
2973
2961
2976
2964
2973
2964
2967
2970
2976
2965
2978
2984
2967
2965
2975
2966
2974
2965
2972
2967
2966
2972
2973
2970
2970
2973
2966
2972
2967
2965
2966
2971
2967
2967
2967
2964
2976
2966
2977
2968
2968
2977
2967
2972
2977
2966
2967
2966
2966
2974
2976
2966
2968
2967
2968
2974
2965
2978
2967
2964
2967
2981
2985
2965
2971
2967
2973
2981
2967
2967
2974
2971
2969
2972
2972
2975
2964
2966
2964
2972
2962
2973
2963
2967
2959
2970
2960
2981
2962
2968
2960
2966
2959
2966
2960
2974
2960
2966
2971
2972
2962
2966
2963
2969
2966
2972
2970
2980
2964
2976
2974
2969
2973
2975
2967
2969
2976
2975
2965
2970
2967
2971
2971
2976
2967
2966
2995
2969
2972
2974
2967
2968
2965
2968
2970
2968
2965
2969
2965
2968
2968
2967
2965
2968
2991
2973
2965
2968
2969
2968
2966
2968
2972
2982
2986
2968
2976
2973
2967
2974
2982
2964
2970
2964
2965
2962
2966
2960
2973
2960
2967
2960
2966
2966
2970
2960
2967
2960
2973
2961
2968
2964
2967
2960
2980
2959
2966
2964
2966
2965
2983
2963
2970
2963
2973
2968
2980
2964
2968
2971
2971
2967
2974
2965
2967
2978
2970
2965
2980
2965
2967
2964
2979
2964
2975
2971
2968
2976
2970
2965
2975
2965
2967
2965
2969
2972
2966
2971
2967
2970
2967
2964
2974
2975
2965
2968
2967
2972
2972
2981
2978
2972
2967
2967
2974
2966
2968
2967
2979
2981
2986
2972
2973
2970
2965
2973
2974
2973
2970
2970
2979
2967
2967
2972
2969
2967
2961
2973
2971
2968
2971
2967
2961
2971
2963
2968
2960
2968
2966
2968
2966
2982
2971
2969
2971
2965
2964
2974
2965
2974
2967
2970
2965
2981
2965
2965
2966
2968
2974
2975
2966
2970
2973
2968
2965
2977
2968
2971
2968
2984
2974
2972
2965
2967
2968
2970
2966
2974
2973
2969
2966
2971
2971
2974
2997
2970
2968
2973
2979
2977
2973
2966
2976
2970
2969
2964
2975
2959
2967
2959
2970
2961
2973
2959
2974
2961
2977
2960
2965
2962
2977
2963
2967
2971
2973
2965
2969
2969
2966
2977
2971
2965
2975
2967
2966
2970
2978
2970
2968
2970
2968
2979
2973
2974
2967
2968
2971
2978
2975
2968
2970
2966
2966
2988
2975
2967
2972
2968
2971
2971
2977
2966
2967
2974
2973
2965
2965
2968
2971
2973
2970
2969
2967
2969
2966
2972
2969
2977
2984
2969
2983
2968
2962
2970
2962
2967
2959
2971
2960
2970
2960
2967
2960
2968
2961
2973
2960
2970
2960
2967
2960
2967
2963
2974
2959
2974
2962
2970
2972
2976
2967
2969
2964
2965
2967
2974
2966
2970
2965
2967
2977
2970
2969
2976
2973
2970
2966
2983
2965
2969
2967
2968
2972
2981
2969
2970
2968
2968
2973
2971
2967
2968
2966
2973
2974
2969
2966
2970
2965
2970
2971
2982
2970
2976
2969
2977
2966
2968
2967
2969
2973
2973
2965
2968
2974
2981
2978
2975
2972
2967
2966
2967
2966
2976
2965
2966
2966
2963
2973
2975
2968
2967
2974
2961
2968
2962
2968
2960
2966
2960
2965
