3015
3145
2962
2959
2958
2957
2958
2956
2970
2958
2954
3182
3053
2966
2958
2961
2960
2957
3251
2958
2958
2959
2958
2959
2964
2968
2953
2962
2961
2959
2961
3139
2963
2959
2958
3164
3125
2957
2966
2960
3108
3116
2964
2966
3139
2963
3143
2973
2964
2962
2954
3174
2967
2965
3210
3167
3175
2969
2958
2959
3199
3168
2962
2960
2966
2964
2958
2955
3158
2959
2965
2958
2958
2958
3148
2964
2959
2962
3117
3128
2959
2955
3121
2959
3135
2964
2963
2962
3166
2960
2959
2963
2958
3191
3168
2966
2968
2961
2959
2966
2964
2965
2959
3202
2958
2965
2961
2959
2963
2958
3179
3146
2954
3156
3138
3160
3115
2961
2959
2955
2962
2958
2963
2957
2961
3129
3122
2964
2958
3112
2962
2961
3191
3125
2962
2964
2960
2960
2958
2966
2966
2962
2960
2954
3176
3248
2964
3177
2965
2964
2955
2959
2959
3190
2973
3122
2957
2960
3166
3122
2961
2961
2958
2960
3120
2962
2968
3170
3126
2958
2960
2959
2953
2959
2957
2963
3179
3152
3142
2954
2962
2960
2962
3170
2954
3206
2959
2974
2960
2953
2960
2960
3184
3226
3201
2962
2956
2961
2958
2962
2958
2960
2966
3195
2960
2960
3119
2970
2963
2958
2966
3129
2954
2964
2960
2969
3118
2950
2963
2951
3128
2955
2956
2964
2962
2960
3137
2963
3127
2966
2959
3166
2960
3143
2967
2953
2962
2956
2959
3183
2963
2966
2961
3156
2966
3186
2963
2955
2961
2964
2969
2961
3191
2964
3218
2960
2957
2960
2969
2964
2963
2954
2960
2964
2962
2959
2960
3127
2954
2957
2971
2960
2960
2959
3141
3116
2964
2959
3179
2968
2968
2965
2956
2958
2954
3176
2962
2968
3200
2960
2958
2963
3211
3219
2957
3217
2976
3230
2960
2957
2978
2958
2964
2968
2961
2958
2961
2961
2958
2958
2965
2960
2956
2959
2959
2964
2963
2958
2960
2960
2958
2962
2966
2959
2961
2959
2955
2966
2958
2960
2960
2953
2960
2959
3116
2958
2953
3163
2956
2960
2963
2962
2978
2957
2960
3194
2966
2960
2962
2962
3183
3177
3217
2966
2960
2954
2959
2953
2970
3121
2960
2960
2960
3117
2966
2960
2959
2959
2958
2965
2962
2960
2959
2971
2966
2959
2953
3113
2966
2970
2961
3126
2960
2957
2978
2957
2967
2967
2963
2959
2961
3175
2964
2960
2959
3176
2961
2965
2961
2964
2959
3208
2953
2964
3126
2963
2966
2976
3120
2959
2960
2966
3135
2960
2954
2962
2967
2960
2968
2959
2959
2960
2968
2954
2962
2961
3160
2968
2964
2958
2958
3142
2964
2956
2959
2962
3142
2965
2967
2959
2958
2960
2969
2960
3178
3126
2959
2968
2966
3121
3127
3128
2963
2966
3108
2956
2963
2966
2956
2960
2956
3155
2958
2964
2961
2959
3144
2975
3148
2961
3140
3135
2962
2963
2967
2968
3190
2962
2962
3230
2955
2959
2959
3138
2967
2975
2964
2959
2959
2954
2965
2962
2960
3133
2959
2969
2983
3118
2959
3135
3148
2959
2959
2964
2961
2968
2959
2964
2959
2958
2968
2956
3176
2959
2960
2965
2957
3198
3187
2959
2967
2965
3266
2957
3176
2959
2966
3155
2959
2959
2964
2953
2959
2953
2961
2968
2966
2966
3105
2961
2958
2968
2959
2962
3141
2967
2967
2959
2960
2958
2963
2967
2966
2963
2954
2960
3003
2960
2962
2959
2963
2964
2961
2966
2960
2961
2955
2960
2963
2961
3138
2953
3162
2959
2958
2959
3102
2964
2964
2960
2962
2955
2972
3154
2966
2962
3125
2967
2958
2967
2961
2955
2966
2959
2958
2960
3164
3206
2957
2962
3186
3176
3190
2967
2974
2960
2957
2960
2959
2968
2964
2954
2965
2960
2964
3125
2959
3116
2957
2971
2960
2957
2962
3130
2969
2954
2962
2961
2961
2969
2958
2959
2958
2955
2966
2954
2966
2964
2959
3190
2965
3183
2955
2960
3076
2959
2968
2960
2963
2955
2963
2958
2960
3129
2969
2960
2960
2957
2960
2959
2966
2960
2978
2959
2957
3167
2959
3120
2960
2954
2970
2960
2960
2960
3144
2969
2959
2965
2960
2961
2960
2967
2959
2959
2959
2955
2965
2968
2962
2960
2961
2968
2968
2960
2964
2961
2964
2955
2959
2960
2959
2965
2953
2961
2959
2963
2961
2955
2958
2960
3134
2966
2961
2962
2960
2968
2967
2953
2968
2973
2960
3218
2962
2962
2959
2959
2965
3164
2970
2954
2959
2959
3219
2965
2958
2962
2953
2960
2976
2966
2959
2959
3134
2967
3119
2959
2968
2961
2960
2967
2961
2960
2962
2964
2966
3182
2961
2963
2953
2967
3203
2960
2961
2959
2963
2959
2961
2963
3175
2967
2842
2964
2962
2958
2960
2956
3116
3125
2953
2958
2958
2962
3129
2959
2957
2966
2958
2958
2959
2961
2956
2963
2961
3141
2966
2966
2969
2960
2961
2966
2964
2958
2959
3186
2963
2960
2961
2960
2964
2958
3210
2964
2961
2960
2954
2962
3126
2963
2968
2960
3127
2967
2959
2958
3110
2958
2954
2968
2962
2956
3144
2966
3142
2959
2953
3173
2969
2968
2959
2957
2959
3209
2960
2960
2953
2969
2959
2956
2965
3212
3126
2967
3124
2958
2970
3131
2958
3121
2969
2962
2959
2963
2961
2959
2958
2975
2958
2960
2959
2954
2961
2960
3179
3197
2957
2966
2952
2958
2958
3172
2971
2961
2960
3124
2961
2962
2964
2960
2973
3124
2954
3117
2958
2961
3133
3134
2959
2965
2959
2959
2966
2958
2958
3133
2959
3167
2964
2958
3141
2959
2958
2965
3145
2962
2960
2959
2965
2762
3195
2963
3194
2965
2964
2961
2968
2962
2967
2960
3128
2963
3119
2957
2960
2964
2957
2970
2959
2958
2963
2957
2966
2953
2960
2958
2962
2961
3029
2962
2961
2957
2959
2957
3154
2957
3156
2959
2960
2963
2956
3188
2956
3182
2970
2952
2959
2964
3187
2962
2951
3150
2965
2961
2962
3127
2958
2956
2963
2955
2958
2959
2958
2969
2957
2958
2958
3156
2961
2957
2953
2957
3123
2970
2954
2955
2957
3152
3195
2956
2957
2965
