3306
2907
2884
2897
2887
3064
2892
2890
2894
2881
2887
2890
2887
2898
2880
2889
3068
2888
2895
3063
2890
2881
2887
2899
2887
2891
2894
2895
3067
2895
3102
3114
2890
2888
2897
3150
2888
2890
3110
2894
3059
3163
2887
2887
2894
2882
2888
2881
3065
2899
2901
2889
2888
2887
2892
2886
2890
2892
2889
2898
3058
3063
3087
2891
2893
2890
3101
3138
2885
2901
2881
2888
2891
2889
3148
2884
3151
2891
2888
2894
2881
2896
2894
2887
3048
3065
2887
2844
2886
2885
2887
2900
2894
2886
2882
3083
2893
2893
2887
2891
3072
2885
2895
2882
3070
3081
2887
2894
2888
3089
2889
3083
2894
2895
2891
3110
2886
2886
2883
2886
2893
2895
3068
3167
3050
2889
2888
2890
2882
3058
2894
2891
2888
2889
2889
2887
3082
2895
2886
2887
2887
2888
2894
2892
2887
2882
2888
2893
2895
2886
2887
2896
2703
2903
2895
2890
2893
2888
3167
2881
2887
2885
2892
2886
3153
2886
3081
2898
2887
2888
2895
2889
3055
2893
3048
2881
2892
2891
2890
2887
2883
2888
2895
2894
3064
3094
3070
2919
2890
2886
2882
2896
2886
3100
3107
2887
2894
2888
2889
2887
2892
2887
2887
2886
2895
2888
2886
2883
2887
2896
2886
2885
2894
2886
2890
3051
2883
2893
2883
3053
3048
2882
3057
2896
2894
3091
2887
2887
2893
2891
3114
2881
2889
2893
3113
2889
2888
2904
2700
2892
2888
2887
2889
2894
2889
3113
2896
3087
2899
2887
2881
2892
2894
2887
2885
3081
2888
2888
3039
3047
2888
3046
2886
2891
2892
3043
2879
3061
2887
2894
2888
2886
2887
2888
2890
3101
2895
2888
2885
2887
2895
2896
2888
2879
2896
2895
2886
2887
2886
3119
2894
2903
3132
2880
3117
2890
2887
2886
3142
2888
2880
3048
3041
2891
2890
2892
2895
3097
2887
2898
2882
3097
3077
2887
2894
2899
3113
2885
2887
2885
2893
3003
2882
2887
2887
2905
2888
3116
2886
2903
2896
3107
2880
2887
2887
2895
2889
2885
2900
2883
2890
3050
2892
2886
2885
2892
2887
2894
3052
2887
2885
2889
2894
2886
2887
2886
3051
2888
2885
2889
2892
3094
3099
2880
2893
2886
2889
2886
2887
2887
3146
2887
2894
2880
2890
2889
2887
2887
2967
2894
3052
2881
2888
3057
2896
3056
2894
2886
3068
2890
2893
2893
3070
2886
3072
2890
2885
2894
2890
2889
2889
2880
3137
3145
2911
2885
3107
2899
2886
2887
2885
3156
2893
2891
2886
2892
2904
2887
2887
3053
2894
3039
2886
2892
2892
2893
2891
2881
3061
2888
2885
2892
2887
2901
2889
2896
2886
2887
2888
2895
2896
2894
2884
2887
2888
2888
2889
2785
2886
2894
3151
2894
2892
2886
2880
2889
2898
2894
3039
2888
3060
2893
2895
2890
2890
2885
2894
3074
2886
3058
3071
2951
2895
3110
2887
2887
2879
2887
3022
2895
2889
3106
3109
2892
2887
2887
2888
2888
2886
2900
2888
2890
2891
2888
2893
3047
2891
2886
2888
2898
3060
2889
2890
2881
2893
2885
2887
2886
2880
2895
2890
2887
2889
2887
2887
2889
2891
3112
3108
2886
2886
2893
2964
2886
2886
2886
2886
2887
2895
2888
2880
2890
2892
3061
2896
2894
3045
3071
2891
2893
2893
2893
2885
3088
2904
2895
2888
2898
2894
2893
2728
2890
3121
3078
2894
2879
2887
2890
3107
2897
2897
2886
2887
2886
2893
2892
2887
2880
2888
2894
2889
2887
2887
2896
2885
2890
2886
2888
2888
2895
2888
2883
2885
2946
2894
2898
2894
2887
2881
2886
2895
2886
2893
2784
2887
2886
2888
2894
2707
2886
3102
3108
2892
2890
2886
2884
2888
3064
2904
2891
2880
2888
2895
2894
3049
2882
2895
2892
2886
2887
3051
2890
2879
2895
2885
2889
3072
2886
2889
2883
3065
2897
2896
3097
2880
2888
2892
2886
2889
2888
3126
2892
2889
2894
2892
3153
3059
2888
2890
3190
2887
2886
2893
2887
2889
2901
2881
2890
2886
3063
2892
2895
2899
2885
2886
3067
2881
2898
2889
2887
3101
2887
2897
2891
2887
2885
2887
2895
2891
3121
3113
2888
2893
3139
3190
2886
2886
3073
2903
2888
3052
2889
2892
2884
2886
2885
2892
2893
3052
3052
2880
2890
2893
3047
2893
2895
2889
2887
2887
2880
3091
2886
2889
2887
3114
2890
2886
2884
2887
2889
3115
2887
2881
2887
2987
2890
3112
2882
3081
3053
2892
2890
3091
2886
2880
2888
2892
2897
2888
2880
2889
2886
2893
2887
2880
2897
3093
2888
2895
2889
3128
2893
2893
2889
2889
2887
2881
2896
2887
2888
2886
2897
2887
3108
2888
2899
2895
2890
2893
3115
2892
2894
2896
2886
3054
2898
2888
2889
2880
3051
2894
2897
2886
2880
3079
2890
2889
2889
2881
2892
2886
3110
2889
2880
2886
3104
2882
3097
3147
2894
3106
2880
2887
2896
3144
2894
2880
2891
2893
3048
2886
2888
2889
2887
2895
2882
2888
2886
3057
2896
2901
3023
2887
2891
3087
2881
2886
2883
3069
2894
2881
2889
2881
2893
2895
3117
2894
2882
2892
2895
2893
2903
2883
2889
2886
2887
2894
2894
2891
2887
2890
2886
3055
2893
2896
2894
2890
2894
2895
2891
2886
2882
2895
2887
2890
3074
2882
2891
2886
2888
3101
2889
2894
2886
2888
2886
3107
2886
3141
2896
2890
2891
2892
3049
3155
2887
2879
2896
2891
2890
2889
2888
2895
2880
2888
2886
2897
2888
2886
2888
2895
2896
2890
2893
2888
2897
2892
3124
2887
2897
2879
2894
3133
2881
2889
2887
2899
2892
2882
2887
2888
2896
2886
2889
2894
2893
3046
2891
2888
2886
2894
2888
2889
2891
2898
3045
2890
2881
2884
2883
2900
3087
2893
3061
2894
2886
2886
2886
3103
2886
2893
3155
3139
2887
2891
2880
2889
2886
2890
2886
2887
2895
2902
2888
3054
2887
2893
2891
3043
2880
2885
3249
2888
3056
3065
2893
3084
2888
3067
2880
2893
2888
3055
2887
2883
2900
2893
2887
2894
2889
2900
2882
2892
2891
2888
2891
2890
3137
2887
2898
