2920
2890
3051
3061
2887
2890
2889
3063
3053
2889
3097
2888
3091
2886
2890
2879
3111
3107
3102
2886
2886
2885
2879
2889
2886
3093
2884
2887
2890
2885
2884
2879
2886
2882
2893
2885
2885
3087
3123
2889
2879
2889
2886
2892
3052
2883
2886
2890
2895
2890
2880
2886
2880
2886
2893
2889
2888
2880
2885
2890
2886
2886
3082
2884
2885
3091
2885
3122
2889
2880
2889
3184
3124
3182
3082
2885
2885
2885
2896
3092
2885
2882
3115
3046
2891
2886
2894
2887
2882
2886
2892
2895
3040
2892
2886
2880
2885
2894
2900
2890
2893
2888
2881
2884
2895
3085
2885
2879
2890
3105
2881
2883
2889
2884
2884
2885
2890
3099
2890
2879
3122
2889
2885
2889
2890
3127
2881
3106
2892
2890
2891
3136
3058
2885
2885
2886
2890
2891
2886
3048
2883
2885
2889
2885
2884
2883
2888
2883
2892
2886
2890
2884
2889
2884
2890
2891
2886
3072
2885
2880
2884
2884
3126
3110
2889
2886
2885
2885
2884
2885
2887
2888
2886
2893
2884
2885
3140
2894
3150
2885
2879
3050
2895
2887
2889
2879
2885
2885
2888
2891
2891
2883
2878
2886
2892
2890
2887
3062
2892
2887
2886
2884
2885
2887
2890
2885
3093
3098
2894
2891
2891
2886
2885
2889
2885
2886
2893
2885
2880
2890
3034
3145
2885
2881
3043
2891
2891
3049
2895
2888
3045
3053
2889
2883
2886
2880
2886
2883
2888
2886
3060
2887
2886
3071
2883
2886
2888
3065
2891
2889
2886
2886
2885
2890
2881
2890
3128
2885
2889
2892
3140
2878
2883
2889
3143
2884
2897
3049
3062
2886
2889
2884
2885
3051
2886
2890
2891
2885
2887
2888
2889
2885
2885
2890
2887
3104
2879
2895
2880
2884
3110
2880
2886
2885
2886
2886
2890
2890
2886
2891
3043
2889
2884
2887
3044
2878
2886
2889
2889
2892
2894
2885
3046
2888
3057
2887
2887
2887
2885
2891
3059
2878
3042
2889
2881
2885
3094
2888
2893
2890
2885
3085
2884
2892
2884
2887
2879
2891
2879
2887
2893
3107
2890
2891
2896
2879
2884
2879
2887
2903
2895
2888
2884
2885
2889
2894
2895
2879
2890
2885
2887
2889
2885
3049
2894
2887
3050
2891
2878
2891
2889
3050
3061
2886
3061
2878
2890
3072
2887
2890
2879
2885
2887
2887
3115
2880
2885
2880
2888
3147
2886
2884
2883
2886
2880
2891
2891
2903
2896
2890
2885
2891
3044
3098
2892
2891
2888
2886
2878
2890
2882
2885
2884
2881
2886
2888
2885
2885
2885
2886
2883
2892
2884
2891
2891
2891
2889
2885
3066
2884
2884
2892
2878
2886
2894
2885
2893
2885
2892
2883
2887
2885
2889
2890
2892
3050
2880
2887
3038
3068
2885
2880
2885
2882
2890
3075
2885
2884
2887
2890
2884
3024
3062
2881
2894
2879
3062
2890
2888
2885
3046
2884
2879
2893
2884
2885
2886
3097
2889
2890
2886
2890
2885
2881
2885
2883
2892
2897
2887
2886
2881
2888
2886
2886
2887
2882
2888
2890
3071
3051
2885
2891
2890
2884
2879
2884
2885
2890
2886
2885
2885
3044
2886
2879
2889
2884
2896
2888
2890
2895
2885
3069
2880
3079
2893
2885
2884
2884
2893
2889
3112
2885
2883
3112
2882
2888
2889
3113
2884
2882
2886
2882
2884
2885
3123
2885
2879
2889
2886
2889
3055
2886
2889
2889
2891
2886
2891
3048
2879
2886
2891
2884
2884
2886
3082
2883
2891
2884
2886
2881
3088
2890
3109
3123
2884
2887
3108
3118
2889
2893
2883
2889
2881
2890
2889
2886
2890
2884
2885
2879
2892
3057
2885
3049
2885
2884
3045
2890
2888
2885
2889
2892
2886
2886
2885
2891
2895
3089
2888
2885
2897
2888
2885
2885
2885
2884
2894
2882
2889
2883
3103
2889
2879
2889
2885
2884
2879
2885
3095
2888
2896
2886
2885
2879
2893
2889
2894
3143
2886
3146
2878
3150
2884
2884
2886
2879
2900
3051
2884
2898
2892
2884
2880
2891
2884
2892
2887
3040
2885
2886
2892
2885
3067
2884
2885
2884
2885
2889
2886
2888
2885
2891
2897
3124
2878
3093
2890
2889
2886
2885
3132
2879
2889
2889
3151
3052
2881
3045
2882
2897
2884
2885
2885
2888
2885
2878
2890
2879
2892
2886
2885
2891
2882
2886
2886
2889
2894
2892
2885
2886
2886
2880
2887
2885
3094
2890
2889
2889
2883
3106
3100
2887
2897
2880
2887
3136
3097
2891
2880
2886
3050
2894
2887
2887
2886
2885
2891
2886
2890
2888
3051
2890
3035
2886
2885
2885
2881
2889
2885
2886
2885
3057
2891
3045
2886
3041
2894
2892
2891
2884
2886
2884
2895
2895
2883
2886
2885
2885
2891
2891
2885
2879
2884
2879
2893
2884
2886
2889
3121
2891
2885
3132
3061
3034
2892
3150
2885
2887
2896
2887
2886
2894
2886
2889
2881
3054
2892
2884
3048
2884
2890
2889
3044
2887
2894
3048
2888
2885
3057
3059
2891
2881
2893
2884
2885
2885
2888
2894
2884
3087
2887
2887
2891
2888
3114
2885
3106
3078
2878
2888
2885
2885
3070
3102
2892
2878
2887
2885
3058
2886
2879
2885
2878
2885
2883
2886
2892
2888
2885
3040
2886
3048
2885
2887
3056
2891
2888
2894
2892
2886
2889
3068
2883
2888
2881
2889
3069
3067
2899
2891
2885
2884
2886
2880
2901
3112
2886
3126
3073
2890
2894
3116
2890
2879
2886
2888
2885
2885
2890
2887
3131
2884
2890
2892
2892
2880
3053
2893
2885
2901
3038
2889
3051
2892
2890
2885
2889
3064
2886
2883
2893
2885
2891
2885
3074
3073
2880
2888
2881
2886
2888
3068
2890
3158
2885
3065
2885
2893
2885
2888
2879
2888
2880
2895
3040
2888
2889
2886
2888
2885
2888
2886
2889
2892
2892
2887
2883
2885
2890
3050
2884
2885
3039
2886
2892
2879
3045
2879
2888
2887
2889
2887
2886
2886
2879
2891
2892
2885
2885
3059
2896
2883
3106
2886
2887
2893
2884
2889
2881
2885
2891
2890
2898
2887
2885
2891
2892
2887
2885
2885
2905
2892
2894
2884
2886
3078
2890
2881
2887
2884
