2920
2889
2897
2885
2889
2882
2888
2883
2888
2883
2893
2888
2893
2885
2885
2888
2887
2896
3042
2885
2885
2884
2886
2884
2885
3061
3062
2884
2892
2880
3072
2891
3066
2886
2895
2889
2886
2886
3120
2885
2889
3099
3123
3075
2887
2887
3103
3165
2883
2889
3139
2888
2884
2885
2885
2883
2884
2884
2885
2885
2896
2880
2887
2887
2885
2885
2887
3052
2890
2894
2887
2889
2882
3054
3068
2885
2887
3042
2894
2887
3070
3064
3018
2884
3071
2892
2881
2889
2897
3063
3085
2888
3101
2878
2893
2883
3100
2892
2890
2890
3091
2889
2890
2889
2889
3117
2887
2896
2887
3142
2885
2889
2898
2890
3178
2887
2888
2887
2881
2894
2882
2886
2882
2887
2881
3077
2888
2888
3045
2886
3048
2885
2893
2884
2889
3049
3054
2890
2889
2893
2890
3053
2889
2893
2892
2889
2887
2889
2890
2889
2887
2883
2887
3097
2897
2887
2890
2888
2882
2890
2885
2886
2889
2887
2887
2889
2889
2896
2886
2884
2888
3170
2892
2898
2886
2895
2885
2893
2884
3170
3099
2886
2886
2894
3118
2886
3094
3049
2890
3057
2884
2889
2891
3039
2897
2892
2891
3055
2890
2889
3049
2889
3053
2889
2887
2891
2886
2891
2885
2889
2882
3091
2895
2889
2901
2888
2891
2888
2887
2888
3126
2895
2890
2887
2889
2899
2891
2889
2888
2890
2889
2892
2885
2892
2885
2890
3193
2895
2889
2934
2890
3095
3196
2885
2882
2890
2882
2889
2894
3113
2888
3118
3045
2888
3043
2881
2892
2880
3048
2888
2891
3046
2889
2896
3048
3048
2885
2884
2893
2888
2890
2892
3063
2888
2891
3087
2891
2891
2897
2887
2886
2887
2884
2894
2890
3098
2888
2890
2890
2888
2894
2891
2888
3089
2891
2889
2881
2891
2882
2886
3141
2886
2886
3125
3146
2885
2886
2885
3105
2890
2884
2888
2882
3059
2889
2885
2887
3051
2898
3036
3059
2882
3056
3054
3053
2890
3054
3057
2884
3062
2894
3059
2888
2886
3096
2886
2893
2886
2896
2886
3095
3104
2885
2892
3076
2890
2887
2887
2884
2886
2889
2889
2891
2889
2894
3115
3123
2887
2884
3129
2888
3000
2882
2886
3053
2895
2893
2885
2893
2887
2887
3045
2888
3056
2884
2886
2880
2889
2883
3055
2896
3051
3058
3056
2896
2885
2887
2884
2898
2884
3050
2892
2887
2896
2900
2893
2886
2892
3110
2885
2888
2886
2890
2891
2892
2882
2888
2886
2886
3138
3116
2887
2884
2886
3136
2886
3210
2893
2892
2888
3144
3046
2885
2889
2884
2888
3044
2888
2887
3064
2894
2884
2890
2882
2886
2892
2889
2888
2888
3063
2881
2893
2880
2892
2889
2889
2888
2894
2891
2898
2897
2903
2898
2889
3080
2895
2890
2890
3084
3121
2897
2891
2889
2891
2883
2891
2887
2888
3137
2886
2889
3126
3112
2883
2889
3163
2892
2888
2889
2891
3112
2895
2880
2885
2888
2888
2890
3136
3046
3048
2889
2887
2886
3051
3068
2892
2889
2890
2892
2891
2891
2884
3070
2887
2887
3079
3056
2891
2882
2889
2886
2887
2898
3079
2889
2887
2889
2884
3075
2882
2889
3118
2890
2888
2887
2887
2886
3129
2889
2885
2887
2885
2894
2887
2888
2889
3128
2899
2892
2890
2888
2887
2887
2897
3149
2886
2890
3084
2891
2891
2892
2883
2898
2884
2889
2886
2887
3083
2887
2889
3066
2897
3065
2886
2886
2883
2888
2889
3068
2891
2891
2891
3063
2890
2886
2887
2894
2889
3126
3096
2887
3098
2889
2893
2893
2887
3070
2896
2890
2888
3087
2887
3082
2889
2891
2899
2891
2890
2891
2893
2882
3055
2887
2889
3047
2890
2892
2891
3042
2886
2888
2890
3053
2892
2891
2889
3039
2887
2892
3074
2889
2894
2893
2889
3099
2897
3111
3064
3104
3122
2893
2890
2898
3095
2885
2892
2890
3123
2887
2888
3119
2893
2890
2887
2887
2889
2888
2882
2887
2888
3180
2890
3176
2894
2890
2890
2888
3094
2882
2887
2889
3089
3045
2891
3042
2887
2887
2887
2901
3047
2886
3061
3091
2891
2900
2891
2889
3119
3082
3126
2894
2891
2882
2889
3136
2890
3106
2896
3130
2888
2889
3176
2887
2886
2894
2886
2883
3175
2890
3210
2887
2888
2888
2898
2890
2889
3105
2887
2884
2887
2888
3056
2889
3049
2891
2887
2893
3091
3061
3102
2889
2885
3042
2888
2898
2886
2885
2887
2889
2892
2889
2891
3100
2888
2885
2885
2889
3109
2889
2895
2887
2888
2882
2889
2890
3107
3115
3122
2887
2886
2886
2888
3122
3121
2900
2886
2885
2888
2887
3126
2899
2899
2890
2883
2891
2894
3051
2893
2891
2888
3052
2887
2883
2887
2881
2887
2889
3049
2888
2888
3054
2900
3069
3083
2894
2893
3063
2886
2887
3106
2897
2903
2889
2893
3111
2891
2887
3109
2887
2892
2888
2888
2890
2887
2894
2884
3123
2887
2892
3056
2889
2893
2886
3044
2887
2891
2896
2887
3062
2894
2890
3055
2898
2882
2888
2887
2890
2889
2889
2889
2887
3070
2889
2889
2897
3052
3115
3175
2890
3123
3071
2887
2878
2892
3140
3121
2889
2886
2892
2886
2889
2891
3146
2885
2887
2887
2884
2895
3044
2886
2891
3161
2892
2882
2892
3049
2889
3051
3051
2891
2890
3056
2887
2890
2888
2881
2889
2888
2891
2899
2888
2887
3071
3076
2890
3075
2879
2895
2889
3074
2887
2882
2890
2886
2894
2886
2887
2889
3021
2899
2891
2891
2883
3155
3134
2889
2890
3157
2895
2882
3144
2888
2897
3048
2887
2885
2886
2890
2887
2894
2887
2888
3049
3054
2889
2884
2887
3058
2893
3060
3051
2891
2888
2896
2882
2890
2888
3062
2890
3066
3085
2884
2887
2881
3047
2887
2891
2892
2888
2890
2890
2890
2887
2897
3112
2888
2890
3104
2889
3080
3130
2891
2887
3121
2886
3135
2884
2887
2885
2889
2892
2887
3062
2884
3056
2887
2886
3041
2885
3047
2883
3059
2889
2888
2898
2889
2887
2898
2887
2881
3056
3066
2887
3073
2885
2899
2885
2895
3076
2887
