2933
2903
2887
2889
2884
3071
2892
2890
2891
2891
2890
3081
3045
2885
3053
2888
2895
2889
2887
2893
2885
3059
2888
2887
3058
3053
3065
2888
2888
2885
2885
2881
2890
2887
2887
3098
2882
2889
2882
2891
2887
3091
2889
2883
2891
2886
2897
2890
2897
2889
2886
2887
3110
3189
2897
2891
3088
2887
3103
2889
2889
2885
2886
2887
3102
3058
2885
2889
2887
3052
2887
2889
3055
2881
2890
3092
2898
3093
3125
2890
2887
2888
2888
2886
2892
2887
2890
2892
2893
2887
3117
2889
2889
3120
3097
2886
2886
2890
2887
2888
2889
2885
2897
2890
2889
2889
2891
2894
3128
3076
2887
2887
2889
2888
2886
2882
2889
2886
2886
3063
2888
2890
2890
2890
2888
2891
2884
3056
2884
2896
2889
2887
2891
2887
3082
2888
2890
2886
3079
2890
3082
2890
2886
2893
2890
2897
2887
2897
2888
2886
3113
2892
3125
3131
2885
2889
2885
2889
2885
2890
2890
2889
2890
2890
3132
2892
2890
2890
3136
2886
2890
2894
2889
2890
2891
2888
2889
2892
2885
3041
2882
2890
2925
2894
2890
2899
2891
2887
2889
2889
2891
2885
2886
3047
2886
2887
3048
2896
2885
2891
2891
2889
2888
2894
2889
3108
2887
2888
2887
3121
2889
2889
2882
2887
3099
3112
2891
2890
2893
2887
2890
2882
3122
3145
3139
3130
2885
2889
2890
2890
3055
2892
2889
2902
2888
2886
2892
3049
3041
2890
3053
2889
2898
2888
2895
2889
2893
2889
3064
2884
3058
3044
3056
2890
2888
2889
3057
2888
2896
3120
2888
2893
2889
2889
3099
2886
2900
3108
2890
2886
2887
2888
3115
3142
2883
2889
2897
3137
3121
2887
2886
2887
3124
2890
3156
2896
3167
2890
3041
2887
2891
2886
3036
2890
2888
3055
2886
3064
2885
3046
2889
3071
3071
2886
3084
2889
3089
3113
2886
2891
2893
2892
2892
2882
2887
2898
3166
3137
2891
2892
2891
2892
3156
2891
3049
3144
2887
2888
2889
3132
2887
2900
3074
3054
2887
2895
2892
2890
2890
3058
2889
2892
2894
2892
2891
2889
2894
3038
2894
2888
2891
2886
2893
2895
2892
2892
2888
3060
3061
2892
3053
2892
2885
2891
2887
2898
2889
3061
2890
2887
2888
2890
3089
2890
2888
2890
2893
3124
2890
3151
2885
2889
2890
2891
3134
3104
2888
2883
2888
2887
3113
3058
3166
2893
2885
2892
3063
2892
2890
2885
2889
2888
3039
2884
3055
2890
2889
2889
3056
3061
3070
2890
2893
2891
2888
2886
3081
2891
3076
2895
2887
3072
2887
2890
2892
3076
2892
2892
3115
2897
2894
2889
3122
2889
2894
2891
3114
2889
2893
2887
2893
2894
2885
2893
2889
3133
3060
2899
2891
2885
2892
2898
2890
2894
2886
2891
2898
2888
2892
2891
2892
2887
2892
2888
2889
2888
2894
3071
2885
2898
3104
2892
3090
2887
2892
2887
2891
2890
3104
2894
2886
2888
2884
3133
2889
2893
2890
3145
2897
3118
2900
2887
2898
2887
2887
2887
3155
2890
2888
3055
2888
2891
2889
2891
2892
2889
2891
2891
2890
3097
2896
2883
2889
2886
3059
2890
2891
2892
3058
3059
3058
3056
2884
2892
2891
3059
2898
2893
2893
3106
2891
3106
3081
2889
2887
2894
2887
2892
2892
3114
2892
2897
2893
3115
2895
2889
2892
2889
3122
2892
2889
2895
2891
3187
2898
2893
2889
2887
2887
2885
2898
2889
2892
2892
2890
2895
2884
3052
2888
3056
2890
2888
3058
3054
2894
2884
2890
2889
3053
2896
3056
2891
2901
2891
2888
2892
2888
2890
3127
2884
3102
2896
3114
2894
2884
2898
2905
2890
2891
2893
2893
2890
2891
2888
2891
2885
2898
3102
2886
2888
2887
2890
2889
2888
2895
2886
3047
3048
2889
3055
2893
2890
2889
3061
2889
2888
2892
3048
2891
2888
3095
2891
2892
3085
2884
2893
2894
3110
2889
2890
2900
2890
2891
2886
2889
2888
2903
2895
3124
2889
2896
3139
2889
2902
3141
2897
2894
2892
2889
3050
2890
2892
2891
3060
2897
2890
2890
3258
2889
3037
3053
2895
2892
2891
2890
3068
2885
2888
2885
2893
2886
2892
3078
2888
3084
2889
2889
2891
2890
3064
2890
3122
3087
2892
3103
3130
3216
2890
2890
2889
2892
2891
3144
2887
2899
2891
3128
2893
2886
3155
2895
2890
2892
2890
2891
2887
3055
3058
2887
3133
2890
2889
2892
2888
2889
3052
2893
3050
2891
2891
2888
2884
3060
2887
2897
2889
3066
2893
2891
2891
3067
2896
2886
3104
2891
3065
3107
2884
2888
2884
3115
2887
2894
2890
2895
2897
2888
2891
2892
2889
2883
3139
3137
2896
2891
2893
2891
2890
2892
3053
2892
2891
2890
2890
2895
3044
2894
2892
3150
2894
2882
2891
2901
2900
3054
2894
2889
2888
2890
3056
3055
3064
2888
3072
3027
3070
2891
2904
3083
2896
2895
2895
2894
2890
2896
3099
2891
2895
2888
3110
2892
2892
3136
2884
3102
2889
3162
2892
3111
2896
2890
2892
3050
2896
2890
2888
2893
2899
2890
2889
3056
2890
2888
2889
3051
3047
2888
2892
2892
3060
2891
2888
3078
2887
3067
2887
3054
3054
2897
2890
2897
2893
2890
3067
2888
2894
2891
2892
2888
2891
2892
2894
2893
2891
2892
2892
2891
2884
2892
2892
2893
2891
3087
3116
2900
2886
2888
2884
2892
3064
2900
2900
2889
3066
2698
3051
2890
3057
2892
2887
3058
2885
3050
2905
2888
2888
3047
2891
2893
2894
2890
2897
2892
3058
2889
2885
2890
2885
2889
3076
3082
2891
2891
2889
2888
2888
2890
2892
2896
2896
2889
3081
3112
2888
2902
2887
2892
2889
2892
3141
2889
2892
2885
2889
2884
2893
2890
2890
3063
2892
2890
2895
3073
2897
3074
3059
2892
3050
2886
3061
3071
2893
2894
2891
2899
2894
3073
2899
2893
3054
2893
2893
2891
2888
2888
2889
2899
2892
2893
2887
2891
2885
2898
2891
2891
2888
3108
3104
2883
2890
2888
2889
3171
2889
2895
2884
2891
2890
2890
3064
3173
2890
2889
2891
2889
2890
2887
2887
2892
2890
