2885
2870
2871
2885
2874
2874
2886
2872
2868
2871
2866
2883
2867
2870
2874
2876
2867
2871
2872
2872
2877
2868
2870
2873
2875
2883
2877
2873
2874
2868
2873
2876
2872
2869
2876
2877
2874
2873
2875
2875
2869
2870
2865
2862
2871
2865
2876
2867
2869
2868
2875
2875
2874
2873
2881
2884
2880
2877
2873
2871
2879
2871
2876
2874
2873
2871
2871
2873
2867
2868
2872
2875
2874
2875
2867
2875
2870
2878
2870
2880
2868
2870
2871
2873
2867
2872
2872
2875
2882
2880
2887
2872
2878
2878
2881
2875
2875
2876
2868
2872
2875
2873
2873
2878
2879
2871
2873
2868
2873
2874
2874
2893
2875
2864
2872
2869
2876
2864
2875
2865
2871
2875
2875
2878
2881
2883
2872
2870
2875
2870
2875
2870
2874
2879
2874
2886
2870
2875
2880
2878
2878
2877
2884
2870
2875
2869
2870
2866
2868
2870
2875
2867
2870
2873
2873
2872
2877
2883
2878
2882
2874
2879
2874
2873
2874
2876
2873
2871
2875
2870
2871
2871
2868
2874
2865
2870
2869
2876
2870
2877
2874
2876
2870
2871
2868
2875
2886
2869
2871
2873
2870
2875
2876
2871
2879
2870
2879
2875
2873
2871
2874
2873
2870
2871
2873
2870
2872
2871
2870
2867
2874
2865
2873
2868
2874
2868
2872
2868
2878
2869
2873
2876
2869
2872
2879
2875
2873
2872
2886
2872
2868
2874
2872
2876
2869
2875
2877
2870
2872
2872
2869
2870
2860
2875
2871
2890
2872
2879
2865
2872
2868
2870
2867
2873
2873
2873
2870
2874
2874
2872
2882
2877
2873
2875
2873
2874
2876
2872
2874
2869
2878
2874
2880
2871
2873
2869
2871
2871
2883
2868
2885
2868
2868
2867
2874
2870
2881
2866
2872
2873
2868
2873
2870
2875
2875
2872
2878
2876
2880
2872
2866
2872
2868
2872
2872
2878
2872
2870
2871
2871
2871
2873
2866
2868
2865
2873
2872
2881
2867
2880
2866
2869
2871
2873
2872
2878
2870
2876
2867
2873
2872
2874
2879
2878
2879
2878
2877
2873
2882
2869
2871
2872
2874
2871
2871
2869
2870
2873
2882
2867
2875
2867
2872
2868
2875
2870
2873
2867
2869
2871
2876
2881
2871
2874
2870
2878
2872
2867
2874
2874
2871
2870
2870
2870
2872
2878
2874
2880
2866
2873
2870
2873
2869
2883
2867
2877
2867
2887
2867
2875
2869
2867
2873
2870
2874
2873
2871
2867
2875
2873
2866
2875
2867
2870
2876
2877
2877
2874
2869
2871
2877
2868
2874
2875
2879
2872
2872
2869
2869
2866
2886
2871
2874
2867
2872
2870
2875
2872
2871
2873
2867
2874
2875
2877
2876
2869
2869
2872
2879
2872
2873
2871
2878
2872
2884
2876
2877
2873
2874
2873
2871
2879
2891
2869
2878
2873
2873
2870
2867
2871
2868
2871
2865
2871
2875
2880
2865
2875
2870
2871
2871
2874
2870
2872
2872
2873
2870
2875
2876
2872
2869
2868
2872
2871
2875
2870
2869
2872
2869
2873
2884
2871
2877
2872
2872
2879
2873
2869
2872
2870
2874
2883
2874
2873
2872
2867
2870
2870
2870
2889
2874
2873
2873
2872
2869
2870
2875
2871
2871
2881
2882
2876
2882
2873
2874
2891
2879
2916
2876
2872
2872
2868
2878
2871
2874
2875
2873
2878
2870
2875
2868
2875
2873
2869
2871
2877
2866
2874
2870
2871
2878
2870
2868
2875
2869
2872
2879
2874
2870
2868
2872
2879
2875
2889
2892
2868
2875
2869
2878
2869
2873
2882
2872
2874
2870
2872
2867
2874
2867
2873
2864
2874
2875
2879
2886
2872
2871
2881
2876
2888
2874
2874
2871
2874
2873
2871
2869
2870
2879
2876
2880
2875
2872
2875
2874
2876
2889
2881
2880
2874
2877
2881
2872
2869
2874
2867
2867
2876
2873
2864
2876
2866
2873
2869
2871
2877
2871
2868
2875
2873
2876
2874
2875
2873
2871
2879
2875
2871
2894
2871
2870
2874
2872
2873
2871
2875
2877
2876
2873
2876
2862
2881
2867
2870
2868
2871
2866
2867
2870
2873
2875
2873
2883
2879
2871
2879
2872
2872
2880
2875
2878
2873
2876
2880
2876
2893
2882
2876
2873
2874
2870
2868
2871
2875
2874
2866
2869
2870
2875
2866
2878
2878
2888
2865
2878
2868
2875
2864
2872
2872
2874
2874
2873
2882
2882
2879
2874
2872
2874
2873
2871
2873
2873
2877
2882
2871
2874
2877
2874
2876
2871
2873
2870
2871
2872
2874
2871
2876
2867
2877
2871
2873
2863
2872
2867
2870
2873
2874
2873
2884
2878
2881
2872
2870
2874
2868
2872
2871
2875
2874
2884
2869
2869
2873
2881
2873
2880
2882
2880
2864
2870
2865
2872
2865
2872
2867
2869
2866
2885
2864
2873
2871
2869
2876
2871
2875
2880
2889
2878
2865
2868
2883
2869
2871
2869
2869
2872
2866
2871
2874
2872
2878
2870
2870
2872
2873
2861
2872
2871
2882
2868
2872
2868
2882
2879
2873
2872
2873
2869
2869
2874
2869
2870
2878
2871
2868
2872
2870
2875
2874
2868
2874
2865
2871
2873
2875
2873
2875
2870
2863
2874
2867
2872
2871
2875
2867
2878
2865
2876
2875
2875
2872
2870
2869
2879
2887
2876
2876
2870
2876
2883
2871
2872
2871
2879
2875
2870
2870
2873
2874
2875
2878
2865
2875
2879
2878
3641
2871
2873
2878
2872
2870
2871
2874
2876
2870
2877
2872
2868
2865
2874
2869
2881
2869
2874
2867
2869
2878
2878
2875
2875
2868
2872
2877
2872
2872
2872
2866
2875
2870
2880
2877
2871
2878
2869
2875
2872
2874
2866
2874
2870
2874
2873
2873
2865
2878
2867
2877
2883
2872
2870
2875
2872
2871
2870
2874
2871
2876
2870
2873
2873
2873
2886
2895
2869
2879
2875
2871
2870
2878
2869
2869
2883
2871
2874
2873
2867
2877
2875
2870
2882
2868
2875
2878
2874
2869
2871
2870
2868
2870
2875
2868
2867
2875
2875
2870
2877
2871
2876
2873
2882
2878
2870
2870
2868
2879
2873
2872
2875
2875
2873
2877
2875
2875
2873
2883
2874
2879
2862
2875
2872
2876
2872
2880
2868
2871
2878
2872
2869
2878
