3005
2966
2969
2961
2956
2965
2969
3121
2964
3135
2964
2954
2961
3177
2962
2964
2954
2969
3185
2962
2960
2961
2959
2955
3207
2959
2960
2969
2965
2964
2959
3158
2962
2968
2966
2958
3128
2966
2969
3124
2955
2961
2973
2960
3136
2961
3128
2955
2970
2966
3122
2963
2965
2966
3182
2959
2967
2960
2971
2964
2960
2962
2966
3187
2963
2958
2968
2975
2969
2970
2962
2961
2959
2971
2960
2961
2960
3139
2965
2961
2971
2962
2962
3131
2968
2967
2971
2964
2961
2991
2962
2964
2959
3133
2958
2968
2958
2967
3181
2961
2960
2979
2964
2962
3182
2966
3211
2967
2953
2965
2965
2962
3158
2954
2962
2967
3129
2963
2962
2964
2957
3205
3158
2968
2967
2967
2960
3146
2960
2969
2960
3146
2960
3141
2972
3270
2962
2960
2966
2964
2955
2965
2960
2961
3153
2960
2968
2954
2961
3122
2968
2962
2967
2963
2958
2967
2961
2961
2960
2961
2966
2954
2963
2958
3118
2968
2962
2962
2961
2963
2972
2968
2968
3130
2961
2959
2961
3187
2962
3172
2957
2970
3206
2961
2962
2968
2994
3010
2965
2962
2968
2960
2954
2961
2967
2962
2964
2960
2965
2962
2969
2964
2964
2962
2968
2969
3128
2963
2961
2955
2968
2961
2965
2959
2962
2967
2967
2961
2953
3154
2965
2961
2972
2963
2962
2960
2961
2961
2960
2969
2963
3176
3248
2955
2964
2962
2964
2965
2964
2961
2965
2966
2963
3190
2962
2954
2979
2959
2962
3120
3140
2960
2960
2961
2962
2964
2971
2966
2963
2958
2960
2970
2962
2962
2961
2962
2960
2969
2959
2965
2960
2969
2972
2975
2967
2960
3198
2961
2963
3273
2970
2961
3196
2953
2974
2962
3193
3111
2958
2965
2962
3118
2964
2961
2960
2954
3116
2959
3118
3160
2966
2963
2960
3163
3155
2956
3147
2962
3146
3199
2962
2961
2964
3201
2962
2961
2960
2952
2970
3205
2973
2961
2961
2968
3123
2961
2961
2960
2970
2954
3119
2960
2960
2968
2958
3121
2962
2962
2970
2955
2971
3155
2963
3146
2961
3144
3207
2963
2962
2968
2969
2954
2960
2957
3164
2968
2962
2960
2954
2972
2958
3218
2972
2963
2963
2962
2959
3121
2954
2962
2960
2968
2962
2956
2964
2964
3133
2970
2883
2964
2968
2968
2967
3203
2966
2960
3152
2968
2964
3177
2976
2959
3215
2960
3165
2972
2963
2962
2959
3217
2971
2968
2963
2962
3184
2968
2959
3123
2965
3128
2967
2961
3128
2960
2967
2955
2962
3143
2962
2967
2954
2961
2960
2961
2961
3143
2969
2977
2961
2965
2967
3213
2954
3216
3224
2960
2962
2956
2967
3118
3223
2963
2959
3128
2970
2967
2962
2959
2961
3084
2968
2961
2960
3126
3120
2971
3128
2965
2967
2958
2967
2960
2963
2962
2961
2968
2955
2964
2961
2959
2967
2904
2962
2960
2960
2962
2985
2969
2839
2961
2962
2963
3136
2956
2965
3131
2969
2972
2963
2961
2955
2961
3126
2970
2961
2955
3130
2968
2973
2960
2958
3142
2967
2971
2962
2955
3178
2970
2979
2962
2957
2960
2962
2962
2967
3184
2962
2962
2967
2963
2967
3123
2899
2965
2968
2963
3113
2955
2961
2962
2964
2966
2955
2967
2961
2963
2961
2969
2962
2960
3143
3147
2958
2970
2960
3164
3203
3207
2968
2962
2960
2960
2956
3271
2964
3222
2961
3009
2968
2963
3120
3132
2956
2961
2964
2968
2960
2957
2969
2960
2961
2972
3160
2965
2956
2970
2967
2970
2963
2966
3140
2964
3155
2906
2961
2961
3161
2960
3148
2960
2960
2969
2962
2972
2963
3149
2972
2964
2964
2965
2966
2964
2962
2962
2961
2959
2968
2961
2962
2960
3126
2962
2960
2962
2962
3164
3143
2965
2961
2961
2962
2967
3143
2961
2959
2962
2967
2961
3196
2957
2969
2959
3188
2960
2962
2960
2959
2961
3149
2961
2969
2954
2968
2961
2962
2962
2954
3131
3148
3142
2973
2954
2960
2961
2963
2976
3130
2965
2954
2966
3176
2956
2961
2958
2961
2971
2969
3211
2960
2963
2965
2971
2961
2962
2963
2955
2971
2962
3264
2961
2966
2969
3125
2970
2963
3109
2969
2964
2955
2960
2969
2963
2965
3104
2962
2961
2969
2961
2970
2964
2961
2967
2955
2967
2960
2962
2961
3168
3190
2969
2961
2967
2968
3254
2968
3242
3170
2965
3182
2968
2977
2967
2962
2962
2868
3138
3133
2956
2968
2956
2967
3167
2961
2969
3134
2970
2964
2971
2960
2961
2965
2961
2961
3179
3166
2961
2958
2971
2966
2965
2970
2959
2962
2961
3188
2968
2970
2972
2955
2966
3131
2966
2961
2962
2970
2962
2962
2964
3132
2967
2961
2960
2960
2959
2964
2960
2963
2966
3162
2966
2961
3167
3204
2959
3196
2960
2972
2967
2963
2960
2960
3156
2959
2966
3170
2961
2963
2965
2961
2963
2961
3127
2970
2964
3125
3117
2963
2973
2955
2961
3141
2960
2969
2963
2961
3119
2962
2954
2969
2969
2962
2961
2975
2975
2962
2962
2961
2955
2971
2961
2960
2964
2961
2971
2960
2966
2968
2966
3120
2970
2961
2965
2972
2974
2968
2960
2960
3124
3114
2956
2961
2969
2968
2962
2956
2962
2954
2968
2962
3157
2975
2971
2962
2959
2962
2963
2970
2962
2962
2963
2969
3215
3206
2961
2961
3129
2960
2966
2955
2962
3128
2956
3120
2961
2969
2966
2966
2967
2959
2966
2959
2966
2971
2959
3147
3196
2964
2964
2955
2968
2962
2962
2961
3193
2975
2962
2966
2961
2961
2963
2972
2971
3129
3130
2966
2964
2965
2961
2963
2968
2959
2966
2962
2973
2964
2961
2961
2955
2971
2963
2963
2962
3118
2973
2956
3151
3178
2961
2966
3166
3189
2961
2955
2965
2961
3187
3227
2955
2966
3121
2963
2961
2973
3129
3108
2962
2961
2967
2962
2959
2971
2962
2962
2961
2966
2969
2961
2962
2961
2966
3153
2962
2960
2968
2954
3197
3188
2965
2961
2977
2965
3212
2961
2967
2968
2960
2960
2960
2961
2962
2975
2968
3126
2960
3136
2967
2955
2961
2961
2963
