3002
2971
2988
2973
2973
2977
2969
2967
2969
2967
2967
2976
2974
2973
2966
2968
2975
2968
2968
2972
2987
2969
2972
2973
2968
2969
2967
2967
2973
2971
2967
2967
2966
2967
2972
2971
2971
2967
2968
2980
2979
2969
2973
2967
2968
2968
2976
2974
2968
2967
2969
2967
2979
2976
2968
2974
2967
2968
2968
2972
2966
2973
2972
2967
2977
2970
2969
2970
3000
2969
2972
2975
2967
2975
2970
2973
2975
2975
2969
2977
2969
2967
2968
2967
2970
2968
2966
2967
2975
2968
2978
2976
2969
2967
2969
2968
2975
2967
2979
2972
2967
2964
2968
2965
2968
2965
2993
2966
2973
2965
2968
2961
2968
2962
2977
2965
2968
2967
2969
2971
2969
2967
2967
2966
2970
2973
2972
2967
2968
2967
2967
2973
2977
2967
2969
2974
2974
2967
2976
2971
2969
2968
2968
2967
2974
2968
2968
2967
2974
2976
2974
2974
2969
2972
3026
2977
2983
2971
2969
2979
2972
2969
2970
2971
2977
2976
2974
2969
2967
2967
2981
2968
2968
2969
2968
2968
2969
2974
2975
2979
2970
2974
2969
2974
2973
2969
2969
2976
2971
2968
2979
2969
2990
2978
2974
2971
2969
2968
2966
2974
2970
2967
2965
2967
2978
2974
2971
2967
2968
2979
2973
2969
2964
2971
2965
2969
2973
2977
2970
2970
2964
2967
2963
2971
2962
2969
2963
2973
2967
2970
2963
2969
2962
2969
2964
2967
2961
2975
2962
2982
2964
2966
2962
2974
2965
2973
2974
2969
2961
2968
2963
2981
2967
2974
2967
2969
2973
2975
2968
2983
2969
2968
2977
2973
2967
2968
2969
2979
2970
2967
2970
2968
2969
2981
2967
2977
2968
2990
2981
2977
2969
2968
2967
2967
2976
2973
2967
2970
2967
2968
2979
2979
2968
2975
2968
2966
2972
2975
2969
2970
2968
2966
2968
2975
2967
2968
2967
2976
2974
2966
2968
2964
2978
2972
2970
2967
2969
2968
2967
2966
2968
2967
2970
2964
2970
2981
2978
2966
2969
2972
2976
2966
2968
2973
2974
2966
2974
2965
2969
2967
2967
2967
2977
2981
2967
2967
2970
2967
2991
2974
2971
2967
2970
2972
2969
2972
2972
2966
2973
2969
2971
2973
2975
2984
2969
2969
2975
2965
2969
2967
2969
2965
2979
2971
2966
2962
2968
2961
2975
2965
2971
2967
2969
2964
2968
2962
2967
2965
2977
2962
2973
2970
2965
2962
2975
2964
2970
2962
2967
2962
2973
2962
2967
2961
2967
2962
2974
3001
2979
2971
2983
2970
2970
2966
2973
2977
2978
2969
2973
2967
2972
2967
2971
2976
2968
2969
2976
2968
2983
2967
2968
2981
2970
2972
2966
2974
2968
2968
2968
2967
2980
2970
2974
2977
2973
2969
2973
2969
2968
2990
2971
2969
2969
2967
2973
2975
2980
2972
2967
2968
2971
2973
2965
2969
2968
2984
2968
2968
2969
2974
2968
2975
2968
2967
2967
2966
2968
2969
2967
2967
2968
2969
2968
2976
2974
2966
2968
2972
2967
2974
2968
2975
2966
2968
2966
2971
2979
2973
2972
2969
2966
2976
2969
2972
2966
2969
2968
2972
2968
2967
2968
2978
2970
2971
2971
2970
2980
2974
2974
2971
2968
2969
2967
2975
2967
2966
2967
2970
2968
2968
2965
2973
2965
2967
2986
2973
2965
2975
2963
2970
2961
2968
2962
2968
2961
2968
2963
2975
2973
2975
2965
2967
2969
2973
2978
2970
2973
2979
2971
2968
2976
2969
2966
2973
2967
2969
2969
2971
2967
2972
2967
2969
2967
2971
2974
2978
2969
2972
2969
2967
2967
2968
2977
2977
2969
2968
2969
2968
2972
2975
2971
2973
2971
2969
2974
2973
2969
2967
2968
2969
2975
2978
2968
2966
2967
2967
2976
2988
2973
2967
2968
2968
2967
2968
2970
2967
2967
2974
2967
2966
2982
3010
2972
2968
2968
2969
2973
2972
2971
2968
2972
2967
2986
2975
2978
2968
2967
2968
2971
2968
2968
2966
2972
2965
2968
2973
2970
2968
2970
2971
2966
2965
2967
2969
2970
2970
2967
2965
2967
2962
2975
2961
2978
2962
2968
2961
2968
2969
2975
2963
2969
2963
2970
2964
2971
2962
2972
2964
2968
2968
2968
2965
2971
2966
2967
2966
2969
2963
2974
2962
2978
2961
2970
2971
2970
2962
2974
2963
2972
2962
2966
2962
2971
2967
2970
2961
2986
2975
2972
2966
2971
2966
2975
2973
2976
2966
2967
2968
2972
2967
2975
2967
2970
2969
2982
2977
2967
2967
2972
2969
2973
2966
2970
2973
2981
2974
2979
2968
2967
2975
2973
2970
2968
2968
3024
2973
2973
2968
2975
2967
2968
2967
2973
2980
2975
2969
2973
2975
2971
2969
2966
2971
2975
2974
2973
2975
2967
2970
2966
2975
2967
2968
2966
2979
2976
2967
2974
2971
2971
2967
2975
2968
2970
2969
2974
2969
2974
2972
2972
2968
2969
2979
2991
2969
2967
2979
2976
2968
2966
2974
2963
2967
2966
2974
2964
2968
2962
2967
2964
2972
2964
2968
2964
2970
2968
2967
2962
2968
2963
2973
2965
2977
2962
2971
2962
2970
2963
2974
2966
2971
2963
2967
2963
2976
2967
2967
2972
2978
2981
2980
2967
2970
2982
2979
2977
2969
2969
2967
2974
2976
2968
2974
2967
2970
2976
2974
2968
2968
2967
2976
2973
2967
2968
2978
2975
2975
2967
2968
2968
2966
2976
2980
2969
2968
2974
2984
2969
3003
3000
2986
2970
2968
2975
2980
2969
2970
2969
2968
2977
2985
2970
2977
2968
2968
2973
2975
2971
2970
2974
2968
2975
2981
2972
2969
2967
2970
2966
2972
2967
2966
2968
2973
2972
2967
2967
2967
2977
2972
2967
2966
2967
2976
2978
2981
2973
2969
2969
2963
2969
2964
2972
2961
2967
2962
2975
2964
2975
2963
2976
2962
2980
2963
2972
2963
2968
2962
2974
2963
2977
2970
2971
2963
2977
2961
2969
2963
2969
2965
2975
2961
2969
2968
2980
2990
2977
2968
2968
2967
2967
2974
2970
2970
2968
2969
2965
2974
2973
2977
2975
2969
2967
2967
2975
2980
2971
2977
2973
2972
2968
2968
2969
2974
2967
2969
2973
2967
2967
2973
2972
2967
