3431
3071
2887
2897
2894
2888
2887
2879
2891
2884
2896
3144
2889
3046
2881
3050
2886
2888
3051
2881
2891
2881
3043
2887
2885
2890
2887
3056
2883
2888
2886
2894
2889
2890
2890
2886
2895
3108
2880
2887
2892
2892
3167
2881
2890
2893
2892
2885
2888
2887
2885
2898
3054
3138
3053
2892
2889
3048
3053
3044
2879
2892
2886
3050
3076
2889
2892
3073
2881
2886
2885
2894
3098
2887
2885
2892
3073
2886
2887
2889
2895
2898
2883
2894
2887
2879
2888
2933
2901
2893
2895
2884
2884
3077
2885
2893
2893
2888
2893
2900
2887
2880
2888
2884
2902
2885
2881
3085
2894
2887
2887
2889
3067
2892
2901
2886
2880
2895
2884
2896
2887
2887
2894
2881
2889
2887
3112
2893
3061
2888
2888
3078
2893
2884
2892
2887
2901
2888
2891
2892
2886
3044
3090
3043
2887
2885
2888
3066
3085
2885
2898
3067
3073
2906
2884
2892
2886
2888
2897
2884
2894
3103
2888
2893
2890
2886
2880
2888
2891
2896
2890
2899
3097
2885
2891
2884
3178
2887
3121
2896
2889
2890
3049
2879
2896
2886
2890
2926
2885
2889
3057
3059
2892
3045
2887
2880
2886
3118
2893
2885
2879
3095
2897
2893
3122
3126
3102
2887
2892
2888
2888
3105
2889
2895
2890
3003
3104
2888
3079
2894
2899
2885
2890
2893
2888
2893
2884
2888
3058
2890
2892
2884
2887
2885
2902
2893
2880
2889
3076
2897
2886
3104
2886
2879
2898
2893
2888
3129
2881
2887
2884
2890
3106
3121
2893
2879
2887
2880
3110
2893
2888
2888
2879
2889
2880
2900
2886
2886
2887
3128
3052
2883
2888
2886
2890
3056
2880
2895
3094
2888
2890
3052
2888
2885
2887
2887
2888
2895
3113
2888
2887
2880
2887
2883
2895
2885
3105
2893
3107
2890
2887
2891
2892
2897
2898
3054
2889
2887
2896
2887
2885
2893
2885
2891
2885
2880
2886
2887
3053
2887
2882
3134
2881
3061
3068
2900
2903
2878
2889
3087
2890
2897
2888
2887
2884
2889
2888
2869
2889
2886
3121
2887
2886
2894
2883
2896
3048
2887
2895
2879
3034
2891
2888
2886
2893
3051
2885
2899
2895
2888
2886
3054
2901
2890
2887
3111
2890
2888
2901
2893
2887
2878
3119
2894
2892
3116
2895
3115
3136
2887
3147
3052
2889
3054
2888
2893
2878
3045
3059
2899
3055
2896
2890
2893
2805
2887
3069
2889
2887
2894
2886
3118
2888
2894
2889
2887
2879
2888
2891
3101
2890
2888
2895
3140
2889
2889
3109
3151
2881
2886
2889
2888
2894
2892
2893
2891
3056
3049
2888
3042
2880
3060
3060
2889
2893
2879
2899
2892
2891
2887
2889
2887
2894
2895
3112
2888
2887
2997
2895
2889
2886
2892
2878
3154
2891
3102
2888
2879
2901
2886
2889
2885
3135
2891
2879
2887
2885
2887
2890
2889
2885
3058
2892
2896
2881
2894
2885
2890
2886
2887
2893
2882
2892
2885
3066
2892
3066
2897
2881
2887
3125
2901
3161
2878
2887
3132
2902
2885
2879
2886
2899
2890
3051
2881
2888
2890
2894
3047
2884
3041
2885
3054
2895
2895
2886
2878
2888
2895
2901
2887
2880
2888
3084
2896
3088
2891
2889
2893
3101
2898
2890
3111
2885
2888
3144
2879
2895
2888
2879
2886
2880
2901
2886
2889
2892
2888
2904
2888
2889
2892
3046
3048
2891
2891
2894
3096
2896
2887
2891
2886
2879
2895
2887
2892
2889
2887
2894
2885
2889
2884
2890
2896
2879
2887
2892
2897
2887
2889
2887
2880
2893
3037
2890
2885
2890
3051
2882
3046
2891
3046
2894
2895
2888
2992
2900
2889
2899
2891
3065
2898
2886
2896
2887
2879
3078
2885
2892
3123
2879
2895
2886
3130
2895
2897
2895
2885
2891
2890
2879
2891
2880
2887
2884
2888
2892
2891
2887
2879
2896
3043
2890
2885
3052
2894
2885
3043
2888
3044
2892
2880
2891
3082
2888
3100
2881
2897
2889
2888
2908
2902
3116
2889
2889
2902
2899
2889
2899
2896
2888
2889
2893
2885
2896
2891
2892
2887
2884
2888
2892
3041
2890
2880
2890
2896
2908
2889
2896
3074
2889
2887
3115
3077
2888
2886
2894
2886
2887
3119
2899
3118
2891
2878
2886
2890
3165
2890
2887
3106
2881
2895
2885
2889
3051
2888
3045
2888
2897
2893
3054
2883
2888
2890
2883
3051
2886
2880
2894
3121
2900
2885
2887
2889
2887
2896
2885
2895
2896
3186
2889
2886
2889
3175
2879
2889
2885
2898
2886
3084
2891
2885
3076
3042
3117
2892
2883
2888
3046
2888
2888
2879
2887
2886
2889
2894
2894
2896
2885
2889
2886
2888
2894
3096
2887
3131
3098
2887
2880
3108
2889
2891
3105
2881
2888
2888
2888
3119
2888
2891
2884
2889
2886
2884
2889
2885
2887
2893
2881
2888
2887
2887
2894
2895
2887
2885
3077
2894
3121
2888
2887
3077
2894
2885
2895
2886
2888
3118
2885
2888
2895
2889
2891
2891
2886
2879
3092
2885
2895
3035
2893
3051
2882
2895
2886
2895
2896
2887
2888
3057
2896
2888
2894
2895
2885
2889
2887
2879
2891
3129
3071
2888
2887
2886
2892
2893
3094
2886
3111
2882
2893
3141
2897
3141
2879
2888
2891
2897
2886
2889
2886
2890
3040
2885
2893
2895
2894
2888
2886
2893
2892
2891
3061
2881
2887
2891
2891
2893
2882
2890
2886
2888
2893
3129
3112
2892
2880
2892
2886
3101
2891
2896
2888
3140
3128
2885
2895
3047
2879
3053
2885
2890
3064
2890
2901
2886
3040
3060
2889
2897
2880
2885
2887
3051
2886
3108
3067
2989
2888
2893
2886
2904
3099
2888
2893
2901
2888
2881
2889
2886
2889
3134
2878
2886
2879
2889
3057
2889
2894
2883
2887
2886
3065
2893
3060
2886
2887
2886
2897
2895
2889
2887
2891
2887
2886
2889
3103
3145
2895
2896
2887
2886
3138
2888
2880
2895
2886
2889
2885
2879
2896
2884
3054
2895
2886
3052
2894
2888
2893
2885
2893
2884
3055
2892
2879
2895
2883
3055
3082
2883
2894
2883
2896
2888
2890
2888
2896
2889
2890
2887
2893
2889
