2913
2897
2897
2883
2885
2879
2902
2880
2886
2894
2888
2886
2880
3119
2892
2888
2884
2883
3067
2891
2891
2884
3037
3048
2892
2885
2890
2885
3045
2892
2884
2885
2879
3092
3084
2890
2886
2879
3062
3068
2899
2903
2902
2898
2907
2894
3119
2892
2887
3071
2894
2885
2890
2894
2898
2901
2896
2890
2911
3114
2894
2892
2885
2886
2885
2886
2886
2888
2887
2891
2889
3051
2880
2895
2883
2889
3058
2881
2886
2886
3072
2894
2888
2886
2884
2886
2893
2887
2890
2880
2892
2881
2888
2895
3075
2886
2894
2893
2886
2887
2887
2892
3163
2892
2894
2887
2884
2883
2886
2882
2886
2887
2886
2891
2891
2887
3063
2885
2887
2707
3063
3084
2889
2886
3050
2892
2892
2893
2881
2892
2904
3099
2887
2880
2886
2891
2892
3154
2885
2886
2896
2894
2887
2884
2885
2887
3055
2894
2896
2886
2885
3054
2891
2891
2886
2887
2887
2894
2886
3075
2883
3063
2881
2888
2930
2908
3112
2885
2886
2888
2890
2888
2881
2892
2899
2887
2896
2884
3109
2894
2889
2886
2882
2889
2886
2889
2885
2885
2887
2887
3050
3061
2890
2892
2890
2893
3087
2886
2887
2882
2892
2885
3098
2894
2882
2888
2885
3083
2886
2893
2892
2882
2897
2887
3102
3124
2880
2894
2887
3193
2887
2881
2895
3048
2888
2886
2890
2894
2780
2888
2889
2889
2886
2883
2888
3088
2887
2893
2882
2886
2887
2887
2886
2895
3119
2886
3103
2892
2896
3115
2887
3097
2881
2889
2895
2887
3211
2881
3116
2904
3125
2887
2891
3104
2887
3104
2893
2885
2887
3056
2887
2886
2890
3039
3078
2893
2891
2889
2885
2882
2887
2882
2894
2881
3079
2897
3097
2887
3057
3065
2887
3085
2887
2885
2887
2881
2892
2887
3120
2890
2887
2893
2884
2887
2895
3118
2889
2888
2886
2893
2888
2881
2887
2882
2890
3044
2889
2886
2892
2893
3046
2886
2885
2977
2893
2886
2892
2889
2896
2887
2889
2887
2902
2898
3097
2888
3073
3133
2895
2887
3098
2886
2926
3102
3143
2886
2892
2894
2895
3158
2897
2889
2896
2891
2886
2887
2886
2899
3052
2887
2886
3050
3067
2889
2886
2887
3070
2882
2896
2887
3057
2888
2881
2886
2886
2892
3115
2880
2890
2886
2899
2886
2891
2892
3043
2898
3156
2890
2887
3047
2891
2887
2887
2891
2881
2888
2891
2893
2887
2895
2887
2881
2894
3064
2886
2894
2879
2892
2894
2887
3070
2898
2886
2900
3071
2883
2891
2886
2888
2890
2890
2896
2885
2886
2887
2888
2894
2894
3112
2885
2892
3156
2889
2887
2886
2895
2886
3159
2886
2890
2888
3124
2887
2891
3036
2886
2887
2894
2890
2887
2894
2888
2894
2891
3053
2886
2891
2880
2897
2886
2887
2892
2892
2892
2882
2893
2895
2885
2890
3069
3102
3114
2890
2888
2885
3109
2881
2886
2886
2886
2889
2892
3138
2888
2886
2894
2891
2887
2881
2895
2994
2892
2888
2886
3043
2881
3040
2887
2887
2895
2887
2897
2881
2887
2888
3049
2888
2882
2893
2881
2891
2886
3070
2887
2885
2895
3105
2887
2887
3106
2887
2900
2887
2898
2893
2892
3049
2894
2889
2882
3076
2886
2888
2887
3066
2888
2894
2903
2895
2892
3091
2887
3068
2883
2890
3074
2896
2887
3058
2887
2895
2889
2887
3067
2887
2883
2896
2893
2893
3098
2885
2890
3070
3116
2887
2891
2894
2896
3166
2887
2887
2891
2892
2889
3057
2886
2899
2884
2892
2889
3057
2891
2891
3070
2882
2886
2894
2896
2897
2897
3076
2902
2888
2895
2887
2901
3137
2892
2886
2887
3120
3095
2886
2894
2886
2887
3068
2885
2890
2892
2887
2886
2887
2894
2884
3043
2886
3053
2896
2886
2893
2887
3051
3063
2887
2898
2885
2887
3098
2886
2894
2890
2888
3114
2886
3112
2709
3126
2886
2889
2889
3120
2887
2898
2891
2887
2884
3094
2893
2891
2887
2886
2886
3091
3042
2886
2889
2889
2888
2895
2887
2886
2888
2886
2900
3109
2888
2886
3076
2895
3133
2887
2892
2886
2886
2892
2897
2896
2895
3092
2883
2888
2895
2892
3115
2887
2893
3059
2887
2893
3088
2896
2887
2892
2886
2887
3055
2894
2888
2884
3042
2888
2885
2891
2881
2886
2895
2886
2892
2893
3126
2882
3094
2886
3108
2889
3102
2887
3113
3115
3109
2887
2896
2886
3182
2887
2887
2900
2889
2889
3055
3119
3052
3055
2885
2890
2881
3039
2889
2887
2886
2882
3091
2889
2888
2900
2889
2890
2881
2890
2891
3100
2887
2887
2892
2883
3106
3119
2886
2890
2888
3108
2903
2889
2887
2884
2893
3034
2886
2892
2893
2888
3057
2886
2896
2881
3053
2886
2888
3087
2894
2895
2886
2885
2888
3039
2890
3125
2888
2894
2882
3105
2886
3109
2887
2887
2887
2882
2902
2887
2887
2885
2887
2893
2887
2886
2886
2883
2897
2888
2897
2889
2890
2896
2881
2887
2888
2893
2892
2888
2891
2885
2885
2893
2886
2890
2879
3070
2896
2893
3106
2890
2886
2887
2887
3140
3141
2886
2884
2895
2891
2888
3153
2885
2890
2881
2897
2890
3124
2895
2674
2886
3042
2886
2894
2882
2888
2881
3051
2892
2886
2887
2881
3055
2893
2890
3080
3066
2887
2892
2886
2885
3108
3113
2889
2893
2885
3096
2888
2891
2892
2890
2896
2888
2885
2887
3113
2893
2898
2886
2887
2887
2893
2886
2885
2888
2890
2891
2889
2894
2895
2891
2884
3046
3060
2896
2890
2882
2896
2889
2888
3062
2885
2892
3126
2894
2887
2882
2891
2901
2886
2888
2887
2895
2890
3162
2887
2887
2906
2905
2889
2881
2890
2881
2886
2885
2888
2888
2895
3053
2892
3047
2888
2884
2889
2887
2887
3067
2889
2889
2882
2888
2887
2888
3072
2887
2894
3107
2887
2893
2882
2887
2886
2886
3107
2889
2890
2882
3110
3123
2890
2887
2885
2890
3050
2886
2888
2881
2894
3047
2886
2892
2806
3052
2887
2884
2888
3045
2886
3084
2886
3066
2887
2886
2881
3063
2887
2891
3099
2884
