2893
2889
2895
2887
2884
2886
2892
3057
2887
3047
2888
2890
2898
2880
2887
3087
2892
2892
3066
2896
2884
2885
2887
2888
2898
2887
2888
2888
3125
2895
3063
2887
2890
3091
2886
2886
2887
2886
2883
3053
2887
2904
2910
2918
2888
3071
2886
2893
2781
3061
3077
2886
2894
2881
3098
2886
2901
3114
2891
2885
2892
2892
2888
2890
2886
2894
2887
2888
3161
3054
3067
2886
2888
2886
3088
2885
2893
2888
2886
2893
3052
2890
2882
2887
2886
2888
2893
2887
2886
2888
2892
2893
2886
2887
2886
3094
2895
2888
2887
3112
2887
2896
2883
2888
3077
3171
2886
2885
2888
2887
3064
2887
2888
2900
2887
2888
2894
3051
3049
2883
2891
2895
2896
3065
2883
2898
2897
2896
2892
2887
2889
2903
2889
2882
2887
2887
2888
2893
2895
2887
2889
2887
2888
2893
2894
2888
2890
2887
2887
2909
2890
2887
2889
2888
2886
2896
2887
2890
2889
2887
2887
2893
2890
2889
2887
2887
2888
2893
2887
2888
2884
2888
2882
2904
2887
2887
3110
2885
2888
2888
2889
2888
3117
3213
2889
2889
3058
2953
2888
2889
2900
3043
2891
2896
3089
2887
3098
2890
2893
3119
2885
3101
2898
2907
3110
2883
2895
2887
2882
2888
2888
2894
2887
3200
2888
3052
2894
2888
2882
3092
2897
2889
3052
2882
2893
2896
2896
2890
2889
2891
2889
2888
2882
2903
3095
2894
2888
3044
2896
2883
2888
3103
2886
2897
2882
3106
3096
2886
2895
2882
2888
3120
2889
2896
2897
2889
3114
2889
2897
2887
2889
2883
3051
3051
2893
2888
2883
3059
2897
2893
2889
3077
3047
2893
2883
2890
3116
2888
2897
2887
2889
2887
2888
2896
2886
2891
2882
2890
2897
2893
2888
2883
2890
2896
2892
2889
2883
2886
2896
2883
3048
2888
2888
3057
2883
2889
3070
2888
2895
2882
2891
2896
2907
2889
2888
2891
2899
2894
2889
2883
2886
2894
2895
2888
2882
2890
2899
2895
2889
2888
2890
3048
2891
2888
3046
2888
2882
2896
2888
2889
2890
2883
2895
2894
2896
2888
2888
3080
2888
2888
2888
2892
3126
2882
2888
3115
2891
2892
2891
2890
2883
2894
2897
2894
2892
2883
2892
2887
2903
3041
2888
2889
2897
2894
2898
2887
2889
2883
2889
3062
2894
2896
2888
2887
2883
2893
2889
3065
3063
2883
3061
2888
2889
2899
2886
3120
2888
2888
2897
2887
2889
2883
2889
2889
2891
2889
2883
2892
2889
2888
2891
3060
2891
2889
2883
3056
2893
2888
2888
2888
2888
2887
2897
2888
2889
2890
3056
2897
2887
2888
2888
3070
2896
2892
2891
3111
3095
2890
2892
2889
2887
3099
2899
2891
2888
2896
3114
2888
2897
2890
2883
3054
2887
2895
2890
2891
3060
2887
2888
2898
2883
2889
2888
2889
2893
2882
2889
2887
2894
2893
2885
2887
2889
3072
2882
3101
2888
2886
2889
2883
2888
3152
2891
3071
2884
2890
3064
2888
2888
2888
2888
2864
2887
2887
2888
2897
2894
2888
3088
2889
2891
2882
2888
2888
2887
2893
2890
2887
2887
3074
2898
2900
2891
2882
2887
3035
2893
2891
2894
2887
3069
2893
2893
3111
2887
2894
3070
2882
2889
3074
2883
3143
3048
2895
2889
2887
3051
3061
2898
2887
2882
3088
2902
3084
2891
2883
2889
2887
2881
3081
3110
2892
2888
2885
2890
2903
2905
2887
2892
3141
3064
2891
2898
3170
2890
2889
2889
2896
2886
2888
2884
2889
2893
2895
2895
2887
2887
2897
2897
2887
2883
3065
2896
2888
2889
2883
2888
2884
2888
2890
2883
2889
2894
2884
3169
2887
3114
2887
2888
2889
2888
2888
2891
2887
2889
2888
2891
2889
2824
3050
2889
2884
2894
2887
2890
2888
2889
2894
2893
2887
3120
3096
2895
2883
2889
3095
2888
2890
2883
3178
2888
2890
2888
2893
2893
3058
2887
2888
2889
3054
2887
2888
2892
2888
2888
2895
2888
2887
2888
3077
2897
2888
2887
2891
3082
3113
2890
3098
2887
2883
3165
2887
2892
2888
3110
2908
2887
3103
3061
2894
2893
2887
3051
3053
2882
2888
2890
3052
3099
3064
2888
2889
3085
3105
2889
2895
2887
2888
2890
3097
2896
2886
2888
2889
3095
2888
2699
2888
3104
2890
2896
2887
3134
2889
2891
2896
3148
2888
2887
2889
2889
2895
2888
2885
2889
2894
2939
2891
2887
2889
2887
3093
3080
2886
2892
2890
2889
2889
2888
2885
2887
2885
2886
2885
3081
2900
3084
2880
2893
2886
3196
2888
2894
2888
2891
2887
2892
2895
2891
2890
2883
3057
2896
2895
2888
2884
3083
2897
2887
2888
2895
2889
2893
2888
2890
3097
2888
2889
2888
2892
2888
2891
2895
2887
2896
2888
3147
2882
3110
2889
2891
2888
2895
2892
2888
2889
3054
2883
3053
2888
3044
3046
2895
3055
2892
2885
2890
3130
2892
3135
2884
3096
2889
2903
3150
3154
2889
2897
2887
2891
2884
2891
2900
3134
3054
2883
2895
2888
2892
2894
3049
2900
2882
2891
2888
3064
2892
2882
2889
2888
2887
2896
2887
2891
2888
3074
3108
3102
2891
2888
2883
2889
2895
2888
2889
2888
3152
3059
3153
2893
2893
3057
3051
2887
2890
2888
2899
2896
3067
2890
2897
2898
3072
2887
2892
2882
2888
2888
2888
2888
2882
2887
2887
2894
2889
2883
2890
2887
2891
2889
2889
2893
2896
2896
2888
2886
2894
2895
2897
3043
2888
2887
2888
2895
2969
2886
2894
2882
2887
2893
2891
2895
2891
2893
2894
2889
2888
2887
3109
2895
2887
2888
2887
2888
2894
2892
2887
2885
3068
2891
2894
2889
2890
2892
2888
2896
2892
2887
2892
2890
3049
2886
3048
3053
2887
3066
2891
3064
2894
2886
2897
2882
2891
2887
2889
2894
2884
2885
2883
2890
2897
2891
3110
2887
2888
3135
3125
3138
2883
2887
2887
2892
2891
3134
2891
2883
2889
2887
3055
3055
2883
2899
2915
2890
2888
2889
2893
2891
2895
2887
2894
3078
2883
2896
2888
2889
2887
2885
2887
2889
2888
2882
3066
2892
2892
2888
2883
3129
2888
2890
