3023
2983
2968
2975
2964
2975
2972
2970
2975
2971
2969
2985
2968
2963
2972
2967
2968
2969
2975
3131
2973
2970
3141
2971
2965
2975
2970
2969
3171
2976
2972
2964
2978
2974
2976
2971
2965
2982
2972
2974
2974
2974
2969
2970
2979
2967
2969
3142
2980
3201
2971
2975
2975
3195
2965
2976
2968
2969
2972
3184
2975
3142
2977
2969
2967
2983
2965
2970
2968
2972
2975
2978
3133
2963
2975
2970
2983
2968
2969
2972
2974
2972
2969
2969
2980
2963
2972
2979
2968
2969
2967
2985
2967
2973
2973
2980
3206
2973
2968
2974
2968
2975
2970
3245
2968
2977
3146
2963
2973
3130
2973
2971
2972
2968
2969
2970
3120
2975
2977
2966
2973
3126
2975
2976
2976
2969
2967
2971
2974
2970
3180
2969
2981
2977
3186
3191
3183
2978
2974
2975
2972
2973
3258
2970
2970
2975
2981
2968
2963
2972
2976
2973
3136
2974
2968
2978
2984
3131
3332
2969
2965
2974
2963
2969
2981
3128
2976
2964
2977
3180
3156
3188
2971
2969
2970
3179
2973
2970
2969
2968
3190
2972
2972
2971
2978
2978
2965
2970
3175
2970
2975
2979
2972
2965
3204
2970
2970
2969
2978
2976
2969
3129
2970
2968
2973
2966
2969
2975
2971
3176
2978
2969
2970
3184
2975
2992
2969
2963
2970
2969
2970
2974
3183
2975
2968
2975
3274
2968
2978
2965
2972
3181
2972
2969
3193
2976
2965
2981
3136
2970
2977
2972
2974
2970
2982
3133
2970
2983
2963
3129
3159
2972
2968
3137
2978
2973
2977
3182
2969
2970
2971
2969
2973
2971
2971
3127
2976
2974
2970
2978
3204
2971
2969
2978
2975
2970
3194
3196
2975
2968
2969
2973
2969
2975
2988
3125
2967
2970
2973
2968
2974
2971
2971
2967
2976
2974
2980
3133
2963
2971
2980
2970
2970
2974
2969
3194
3153
2974
2980
2969
2967
2978
2969
2977
2970
3206
2968
2977
3294
3218
2963
3220
2970
2977
2969
2969
3134
2966
2970
2968
2975
2969
2977
2973
2977
2973
2981
2982
2968
2969
2969
2969
2976
2974
2973
3156
2972
2978
2973
2973
2979
3154
2970
2972
2967
2967
3187
2970
2971
2969
2969
2968
2967
2979
2979
2980
2969
2985
2976
3176
2977
2971
2969
2968
2974
2969
2977
3136
3135
2970
2980
2975
2968
2975
2969
2972
3139
2975
3139
3131
2964
3149
2976
2980
3154
2964
3191
3200
3149
2975
2968
3203
3190
2979
2975
2968
2969
2970
3184
2971
2974
2973
2966
2970
2974
3228
3117
2967
2975
2987
2980
2976
2963
2981
2964
2974
2971
2972
2986
2970
2987
2970
3125
2977
2974
2969
2970
2977
2976
3173
2963
2969
3176
2972
2970
2968
3190
2969
3180
2974
2978
2982
2964
3238
2977
2976
2971
2963
2969
2985
2971
2970
3218
2968
2964
2970
2977
2974
2969
2969
2969
2974
3127
2975
2969
3140
2964
2970
3147
2976
3169
2969
3153
2979
2982
2968
2976
2968
2964
2968
3194
2972
2971
2968
2977
2970
2970
2981
2968
2978
2971
2969
2973
2974
2984
2970
3146
3152
2976
2969
2969
2972
3141
3125
2968
2975
3141
2970
2968
2985
2974
2968
3169
2970
3141
2972
2969
2974
2970
3145
3189
2971
3151
2976
2975
3245
2977
2979
2984
3160
2970
2969
2976
2968
2966
2971
2976
2973
3140
2969
2970
2968
2982
3150
2971
2970
3122
2975
3142
2978
3146
3139
2969
2980
2978
2977
3160
2969
2978
2973
2964
2970
2974
2982
2977
2963
3191
3270
2974
2969
2976
2968
2974
2968
2969
2975
2978
2973
2968
2968
2969
2975
2972
3127
2964
2974
2968
2969
2974
2964
2975
2968
2968
2975
2971
3154
2972
2972
2969
3146
2968
2974
2968
2963
2973
2969
3195
2977
3260
2970
2976
3208
2970
2968
2973
2975
2977
2969
2968
3140
2970
3144
2974
2964
2971
2969
2972
2978
2981
2969
2970
2968
2964
2979
2967
2971
3147
2970
3148
2965
3148
2970
2969
2976
3210
2969
3199
2964
2969
2968
2978
2968
2980
2970
2975
2972
2977
2972
3185
2978
2969
2986
2980
2971
2964
3138
2968
2968
2970
2967
2974
2972
2969
2965
2971
2980
3135
2969
2964
3169
2970
2980
2980
3169
3182
2969
2975
2976
2968
3203
2969
2974
2980
2969
2970
2966
3023
2987
2978
2971
3284
3190
2975
2975
2971
2969
2971
2970
2973
2966
3139
2969
2970
2977
2973
2970
2969
2969
2970
2972
2969
2971
2977
3138
2968
2964
2976
2975
2970
2969
2977
2971
3170
2970
3158
3209
3214
3191
2971
2962
2978
2972
3189
3196
2974
2981
3176
2966
2972
2977
2974
2970
2974
3126
2966
2980
2970
2970
2974
2966
2969
2968
2969
3140
2963
2972
2973
2975
2970
2973
3152
2965
2978
2967
3169
2972
2969
2971
2975
2970
2971
2968
2981
2969
3208
2969
2967
2978
2966
2972
2968
2976
2970
3227
2992
2980
3142
2976
2968
2973
2971
2972
3142
2975
3141
2972
3146
2974
2975
3181
2973
2971
2965
2968
2968
2971
2973
2970
2984
2975
2970
2974
2969
3206
2965
2969
2973
2969
2977
2970
2970
2980
2969
2977
3236
2976
2970
2969
3129
2975
2968
3130
2968
2964
3121
3149
2972
3133
2975
2975
2993
3130
2970
2964
3147
3200
2976
3187
2967
2969
2972
2970
2978
2975
2971
2968
2969
2979
2985
2970
2972
3222
2964
2975
3120
2970
2976
2976
2972
2970
2972
2975
2975
2969
3127
3139
2970
2977
2968
2970
3134
2974
2986
2972
2976
3163
2964
2968
2968
2969
3184
2968
2976
2970
3186
2971
3182
3234
2973
2968
2963
3179
2976
2973
3240
2969
2968
2986
3216
2972
3134
2987
2985
2970
2970
2978
3137
2974
2965
2971
3154
2974
2970
2975
2977
2968
2978
2965
2972
2975
2970
2969
3151
2973
2966
2976
2965
3208
2975
2971
2969
3173
2971
2964
2971
2969
2975
2969
3261
2969
2965
2982
2981
2982
3130
2970
2970
2974
2970
2968
2978
3006
2967
2975
2980
3123
2974
2964
2973
2971
2972
2981
2974
2971
2969
2985
2981
3150
2973
2969
