2883
2884
2878
2891
2876
2884
2877
2883
2876
2886
2875
2889
2876
2885
2876
2880
2875
2881
2877
2882
2882
2884
2879
2881
2882
2881
2888
2881
2884
2880
2879
2881
2885
2881
2880
2881
2886
2881
2882
2889
2887
2881
2880
2882
2880
2886
2881
2882
2882
2881
2892
2884
2879
2881
2880
2882
2886
2883
2883
2881
2881
2884
2886
2883
2881
2881
2880
2885
2914
2883
2895
2894
2885
2883
2886
2888
2880
2882
2888
2890
2881
2881
2887
2887
2886
2894
2882
2880
2888
2881
2884
2880
2880
2882
2887
2887
2881
2884
2881
2879
2882
2881
2886
2879
2883
2880
2889
2878
2881
2883
2881
2878
2887
2881
2887
2876
2880
2876
2891
2876
2882
2876
2884
2876
2885
2878
2885
2886
2879
2876
2886
2876
2881
2876
2886
2874
2881
2875
2881
2880
2880
2876
2889
2875
2882
2875
2881
2876
2889
2876
2880
2875
2880
2876
2881
2881
2881
2888
2889
2882
2880
2881
2879
2886
2891
2882
2881
2880
2886
2879
2881
2881
2882
2886
2882
2882
2886
2881
2878
2881
2880
2881
2882
2884
2880
2888
2882
2884
2879
2881
2888
2909
2886
2887
2890
2885
2880
2888
2903
2880
2880
2889
2880
2881
2890
2883
2881
2881
2881
2883
2888
2880
2883
2889
2894
2893
2879
2882
2890
2881
2886
2882
2879
2882
2883
2883
2880
2888
2878
2883
2880
2887
2880
2886
2887
2880
2880
2885
2881
2881
2879
2880
2886
2887
2887
2881
2877
2883
2877
2886
2888
2882
2875
2882
2876
2879
2875
2881
2884
2882
2876
2884
2876
2887
2876
2884
2875
2880
2878
2881
2876
2888
2876
2885
2879
2879
2879
2903
2877
2878
2877
2880
2886
2880
2887
2884
2887
2887
2889
2886
2886
2882
2881
2880
2886
2887
2880
2881
2881
2887
2887
2893
2880
2880
2880
2883
2880
2885
2879
2889
2885
2886
2881
2881
2886
2881
2887
2888
2887
2895
2881
2880
2892
2883
2883
2886
2882
2888
2887
2885
2883
2884
2887
2882
2887
2886
2884
2882
2880
2882
2885
2881
2881
2882
2886
2879
2887
2880
2882
2880
2882
2879
2892
2884
2884
2889
2884
2889
2883
2883
2880
2880
2889
2882
2890
2885
2879
2884
2881
2885
2890
2881
2882
2879
2881
2879
2891
2887
2892
2888
2881
2880
2889
2886
2880
2881
2882
2887
2881
2878
2880
2878
2881
2884
2885
2880
2883
2884
2894
2890
2883
2879
2882
2881
2886
2879
2881
2876
2889
2883
2882
2876
2884
2876
2887
2878
2881
2878
2884
2880
2891
2876
2883
2877
2889
2876
2880
2877
2883
2877
2892
2876
2884
2875
2887
2876
2880
2886
2880
2879
2883
2886
2885
2881
2882
2881
2881
2887
2893
2882
2881
2881
2887
2893
2879
2882
2884
2880
2882
2887
2886
2880
2887
2888
2884
2883
2880
2886
2881
2890
2883
2880
2883
2884
2880
2886
2888
2886
2888
2884
2881
2889
2882
2881
2881
2882
2880
2880
2890
2882
2887
2881
2881
2882
2887
2886
2882
2882
2877
2887
2886
2881
2880
2881
2880
2887
2886
2881
2881
2900
2879
2886
2879
2881
2881
2889
2887
2893
2886
2881
2882
2890
2888
2880
2888
2885
2881
2881
2881
2889
2882
2883
2880
2881
2894
2889
2886
2885
2878
2882
2878
2887
2885
2883
2877
2883
2878
2884
2876
2883
2876
2885
2882
2881
2880
2880
2875
2881
2877
2881
2876
2886
2880
2885
2876
2883
2876
2888
2876
2881
2875
2880
2875
2895
2876
2884
2876
2881
2880
2887
2875
2882
2876
2884
2876
2884
2877
2891
2876
2879
2876
2882
2875
2889
2879
2880
2879
2881
2887
2887
2879
2887
2886
2885
2887
2895
2881
2882
2881
2880
2893
2884
2880
2886
2888
2894
2881
2882
2886
2892
2883
2895
2882
2881
2891
2896
2882
2880
2881
2880
2882
2884
2884
2880
2882
2882
2885
2881
2890
2882
2887
2888
2888
2906
2880
2882
2880
2883
2881
2887
2880
2880
2887
2890
2881
2884
2881
2880
2883
2883
2880
2892
2881
2879
2880
2879
2887
2879
2883
2881
2880
2880
2891
2886
2880
2884
2881
2881
2881
2880
2888
2882
2880
2879
2881
2878
2880
2885
2879
2879
2881
2879
2880
2881
2890
2882
2879
2881
2880
2878
2887
2884
2880
2877
2881
2876
2883
2875
2881
2875
2880
2877
2887
2875
2879
2875
2877
2875
2884
2876
2880
2876
2889
2889
2882
2877
2882
2875
2886
2875
2886
2877
2880
2875
2880
2875
2882
2883
2880
2876
2885
2876
2881
2877
2885
2880
2888
2880
2880
2887
2883
2887
2886
2882
2878
2883
2881
2889
2880
2880
2881
2880
2883
2880
2884
2882
2878
2886
2887
2881
2881
2880
2893
2890
2886
2881
2880
2880
2881
2885
2884
2886
2880
2881
2882
2882
2887
2882
2877
2886
2881
2904
2903
2893
2881
2880
2881
2880
2884
2881
2879
2889
2887
2880
2877
2880
2879
2880
2882
2883
2880
2881
2880
2881
2883
2886
2880
2879
2882
2890
2881
2880
2878
2887
2885
2890
2881
2881
2877
2881
2877
2890
2887
2885
2876
2887
2875
2880
2878
2882
2876
2880
2876
2887
2883
2881
2875
2881
2875
2882
2877
2880
2876
2887
2875
2879
2875
2881
2875
2884
2882
2886
2876
2884
2879
2880
2875
2880
2878
2883
2884
2883
2877
2883
2879
2888
2876
2884
2902
2883
2894
2880
2885
2887
2881
2880
2888
2885
2884
2880
2881
2879
2889
2885
2881
2883
2881
2883
2888
2883
2881
2882
2880
2880
2888
2891
2882
2880
2886
2891
2882
2881
2881
2879
2881
2886
2881
2881
2882
2881
2884
2894
2888
2879
2881
2885
2886
2885
2892
2883
2881
2890
2880
2880
2885
2886
2882
2885
2885
2885
2879
2879
2887
2880
2880
2882
2882
2880
2883
2880
2886
2891
2880
2878
2882
2879
2888
2880
2880
2877
2881
2877
2892
2882
2879
2875
2887
2876
2887
2877
2886
2883
2881
2876
2889
2876
2884
2875
2882
2881
2879
2878
2893
2885
2883
2881
2886
2880
2880
2887
2889
2880
2880
2885
2881
2887
2883
2880
2884
2889
