3152
3049
2887
2890
2885
3065
2879
2888
2883
3068
3119
2878
3093
3107
2887
2882
2879
2883
2881
2883
2891
2892
2888
3129
2886
2891
2890
3069
2884
2882
2878
2897
2883
2894
2888
2886
2892
2886
3051
2882
2883
2889
3047
2895
2888
2887
2886
2889
2891
2885
2889
2886
2891
2894
3072
3111
2890
2884
2887
2890
2887
2889
3115
2883
2890
2876
3102
2877
3102
2891
2882
2885
2885
2911
2878
2891
3084
2884
2885
2888
2882
2882
3120
2893
2887
2887
2884
2887
3051
2883
3038
2877
2888
2887
2884
3077
2880
2892
2892
2886
2886
3083
2883
2883
2890
2881
2886
3116
3103
3108
2877
2890
2882
2884
2883
2887
2886
2878
3115
2889
2887
3139
2883
3113
2883
2889
3046
2881
2885
2878
2889
2890
2899
2888
2884
2883
2878
2884
2884
2884
3077
2882
2888
3073
2884
3065
2883
2891
2882
2883
2890
2890
2881
2887
2883
3066
2889
2886
2891
2877
2890
2883
2884
2891
2884
2892
2879
2893
2884
2884
3140
2877
2891
2889
3139
2884
2889
3055
2882
2884
2888
2898
2883
2885
2884
2884
2892
2879
2883
2883
2883
2888
2882
2899
2883
2889
2886
2887
2885
2878
2887
2888
2898
2885
2884
2884
2884
2892
2881
2888
2882
2883
2888
3104
2890
2877
2894
3149
2890
2894
2882
2885
2878
2901
2879
2884
2884
2884
2881
2883
2888
2887
2889
2887
2888
2883
2882
2892
2893
2878
2885
2882
3055
2886
2888
2883
2882
2888
2889
2887
3053
2887
2889
2879
2891
2884
2881
2883
2882
2885
2885
3071
2884
2881
2894
2884
2884
2888
2890
2884
2882
3096
2878
2888
3128
2892
3152
3099
3146
2887
2887
2881
2886
2896
2888
2886
2883
3060
2890
2888
2882
2879
2890
2878
3042
2916
3045
2889
2890
2884
2879
3048
2888
2887
2884
3056
2887
3104
2883
2884
2889
2890
2881
2891
2878
2888
2884
2884
2893
3102
2899
2891
3095
3128
2893
2889
2891
2884
2876
2882
2879
2890
2884
2883
2885
2890
2886
2885
2892
2884
2887
3056
2884
2883
2886
2888
2881
2883
3070
2942
2888
2887
3049
2879
2887
2877
3060
2886
3053
2889
2886
2885
2884
2884
2878
3072
2885
3063
3069
2880
2890
2884
2883
2885
2891
3105
2889
2891
3064
3107
2891
2887
2898
2879
2884
3028
2887
3059
2883
2888
2878
2894
3043
3050
2889
2890
3043
2879
2884
2896
3047
2889
2888
2885
2877
2888
2890
2888
2883
2890
2885
2885
2890
2883
3057
2883
2882
2883
2886
2883
2883
2889
2883
2891
2883
2883
2889
2890
2886
2883
3098
2888
3113
2884
2888
2886
2878
2893
2884
2892
2888
3091
2891
2884
3063
3049
2890
2882
2894
2885
2888
2883
2886
2883
2893
3069
3084
2888
2879
2886
3038
2889
2892
2890
2883
2883
2884
2877
2889
2876
2890
2881
2888
2889
3093
2888
3085
2892
2878
2882
2882
2886
2883
2888
2885
2877
2888
2886
2887
2884
2884
2885
2886
2895
2878
3107
2883
2883
2887
2879
2883
2877
2884
2887
2885
3054
2889
2888
3057
2890
3064
2883
2892
2892
2886
2877
3079
2892
2886
3096
3070
2884
2877
2898
2878
2884
2881
2886
2894
2884
2887
2887
3098
2880
3109
2883
2890
2888
2893
2887
2881
2887
2880
2887
2879
2888
2886
2884
2888
2880
2887
2883
3078
2887
3060
2885
2879
3055
2885
2893
3041
2884
2893
2877
2892
3098
2885
2893
3044
2890
2888
2884
2886
2888
2889
2886
2884
2886
3090
2882
2891
2877
2899
2883
2888
2888
2889
2884
3066
2890
2884
2886
2881
2886
2894
2889
2894
3117
3123
2882
2889
2883
2885
2883
2883
2883
2877
2883
2877
2883
2893
2893
2884
2888
2882
2891
2887
2877
2889
2889
2886
2884
2889
2883
2879
2882
2887
3036
3075
2877
3071
2880
2888
2883
2887
3084
2890
3078
2878
2883
2894
3084
2884
2882
2892
2885
2884
2883
2888
2888
2887
2877
2885
2887
2890
2890
2885
2883
2883
2882
2892
2883
2882
2889
2885
3124
2884
2878
2887
2882
2883
2882
2884
2890
2890
2887
2880
2885
2887
3040
2888
2885
2889
2875
3052
2889
2883
2882
2889
3054
2883
3042
2887
2887
2883
2887
2884
2891
3092
2885
2883
2888
3084
2892
2883
2887
2878
2884
2879
2883
2883
2883
3087
2876
2893
2878
3138
2888
2888
2889
2886
3148
2886
2886
2876
2890
2884
2884
2884
2890
3050
2883
2889
2886
2887
2887
2889
2888
3043
2886
2892
2885
2883
2875
2885
2882
2882
2890
2882
2889
2890
2886
2887
2893
2888
2884
3107
2879
2891
3137
2887
3121
2883
3106
2882
2883
2882
2885
2891
2890
2894
2879
2883
2882
3133
2887
2884
2883
2886
3041
2876
2887
2884
3058
2886
2890
3036
2885
3048
3050
2887
3063
2884
2884
2888
2897
3057
2882
2881
2883
2890
2878
2884
3093
2881
2889
2883
3096
2888
2895
2885
2884
2887
2883
2896
2878
3110
2885
2884
2887
2883
2882
2894
2887
2876
2889
2882
3132
2883
3131
2882
2877
2892
2880
2884
2885
2908
2896
2879
2883
2884
2883
2884
2880
3058
2884
2884
2883
2886
2892
2882
2885
2879
2883
2889
3073
2887
2888
2882
2886
2883
2886
2884
2881
2890
2890
2887
2884
2885
2890
2890
2897
3127
2882
2888
2881
2897
2885
2884
2885
3072
2893
2884
2888
2888
2887
2885
2877
2886
2890
2884
2889
3040
2881
2882
2890
2894
2892
2884
2883
2889
2886
2883
3055
2885
2887
3069
2882
2888
2890
2890
2889
2883
2884
2885
2884
2885
2883
2894
2878
2883
2877
2890
2882
3111
2884
2891
3103
2882
2892
2888
3158
2884
2878
2885
3049
2890
2890
2885
2883
2877
2902
2889
2885
2884
2883
2883
2882
2885
2885
2882
3062
2895
3069
2889
2888
3079
3065
2889
2889
3099
3110
2884
2894
2884
3112
3101
2899
2900
2899
2892
2887
2888
2887
2886
2883
2882
2891
2878
2882
2883
2897
3049
2883
2888
2883
2887
2881
2891
2884
2890
2883
2888
2894
2890
3043
2884
2882
2883
2892
