2907
2884
2892
2897
2897
2893
2885
2891
2893
2895
2889
2884
2888
2885
2895
2889
2889
2895
2897
2897
2896
2889
2889
2888
2884
2894
2890
2896
3056
2889
2893
2884
2889
2889
2894
2896
2888
2895
2889
2890
2885
2898
2896
2890
2889
2889
2893
2889
3053
2883
2893
3065
2891
2894
2899
2894
2884
3072
2888
3060
2895
2883
2889
2894
3120
2895
2883
3111
2893
2893
2888
2886
2887
2885
2890
2895
3135
3055
2886
3049
2893
2899
3049
3047
2888
2894
2895
2892
2885
2950
2893
3060
2890
3082
2893
2884
2888
2888
2886
3085
2889
3091
2893
2884
2888
2911
3132
2891
2895
2893
2884
2889
2896
3126
3049
2887
2888
2888
2896
2888
2886
2890
2883
2890
2889
2891
2904
2893
3068
2883
2889
3066
2892
2888
2888
2889
2884
2892
3072
2891
2893
2888
2893
3120
2889
3110
2898
2892
2890
2896
2890
3130
2893
2889
2889
2884
2890
2890
2889
2891
2888
2893
2883
2895
2890
2898
2901
2889
3052
2893
2888
2890
3048
2900
2895
3076
2897
2889
3074
3080
2892
2895
2888
3089
2883
2890
2896
3116
2891
2886
3100
2888
2891
3159
2887
3097
2890
2888
2889
2883
2894
3055
2890
2891
3089
2894
2890
2888
2887
3055
3047
2892
2891
2892
2891
2888
2887
3049
2903
2891
2891
2889
2884
2889
2887
2891
2891
2893
2893
2893
3114
2886
2891
2884
2901
3129
2890
2889
3089
2892
2888
2889
3115
2883
2889
2894
2893
2896
2884
2888
2887
3223
2888
2885
2888
3052
3058
2889
2888
2889
2889
2894
2891
2884
2889
2884
2891
2884
2895
2883
3090
2888
2893
2889
2890
2888
2884
2895
2894
2888
2893
2884
2889
2889
2889
2889
2889
2893
2883
3112
2889
2890
2894
2889
2900
2890
2888
2889
2882
2895
2890
3050
3059
2887
2907
2888
3047
2888
2894
3090
2883
2897
2894
2896
2895
2885
3097
2888
2890
2889
2892
3122
2884
2889
2889
3123
2897
2887
2893
2896
2895
2897
3049
2890
2889
2896
2890
2897
3050
2894
2884
2896
3094
3054
2891
3052
2898
3098
2887
2889
2888
2897
3111
2884
2889
2889
2896
2890
2890
2899
2883
2897
2895
2894
2892
2888
3036
3047
2889
2890
2890
2896
2887
3051
3056
2885
2892
3068
2912
2890
2896
2889
2888
2893
2889
2890
2890
3041
2896
2896
2889
2884
2892
2888
2891
2889
2894
2899
2889
3109
2896
2893
2897
2891
3144
2888
2890
3153
2891
3159
2888
3123
2896
2889
2895
2905
2911
2890
2889
2891
2890
3058
2885
2897
2888
2889
2893
2897
2896
2887
2891
2894
2894
3082
2895
2891
2884
2894
3119
2888
2895
2884
2902
2889
2892
2895
2884
3143
2892
2888
2901
2895
2891
2888
3153
2893
2883
2889
2883
2890
2898
2894
3049
2884
2893
2897
2893
2891
3053
2889
2889
2896
2889
2888
3071
3051
2895
2883
2889
2889
3069
2888
2885
2888
3103
2890
2898
2898
3149
2887
2891
2970
2889
2888
2889
2897
2887
2889
2888
3080
2896
2890
2892
2883
2888
2893
2898
2889
3059
2900
2888
2890
2888
2888
2890
2885
2888
2884
2889
2887
2889
2894
2884
2890
2898
3075
2892
2890
3099
2888
2894
2889
2894
2889
2898
2904
2887
2894
2888
2890
2890
2890
2888
2902
2890
2901
2900
3057
2894
2895
3138
2901
2893
2890
2888
3062
2894
3061
2889
2884
2900
2889
2889
2891
3051
3049
2899
3067
2892
2893
2890
2895
2905
2895
2889
2893
2889
2885
2890
2890
3070
2890
2889
2898
3135
3102
3106
2886
2897
2885
2889
3134
3113
3116
2884
2894
3052
2891
3064
2890
2897
2889
2895
2894
2884
2895
2888
2893
3076
2889
2890
2884
2897
3065
2890
2895
2894
2898
2892
3074
2889
2895
2896
2891
2890
3104
2884
2897
2890
2897
2897
2885
3092
2891
3118
2898
2886
2896
2885
2899
2898
2891
3048
2893
2892
2891
2897
3061
2895
2886
2889
2895
2896
2889
2894
3087
2890
2898
2884
2889
2890
2893
2889
2902
2891
3084
2888
2896
2893
2889
2890
2892
2886
2891
2891
2888
3109
2889
2900
2897
2889
3101
2896
2889
2896
2889
3128
2895
2895
2898
2889
2888
2891
2884
2897
2893
2896
2892
2889
2891
2885
2902
2893
2895
2889
2899
2907
2897
3047
2887
2891
2899
2897
3064
3058
2892
3089
3071
2895
2893
3101
2884
2897
2891
2890
2894
2900
3140
2892
2895
2895
2883
2890
2889
2888
2889
2895
3088
3060
2889
2893
2888
2896
2890
3041
2889
2889
2896
2884
2890
3084
3045
2893
2888
2892
3096
3085
2905
2895
2890
2884
3099
3122
2894
2890
2889
2902
3204
2895
3209
2884
2896
2895
2897
2891
3203
2891
2895
2895
2890
3120
3049
2887
2889
2894
3053
2889
2898
2889
2890
2895
2885
2890
2890
3061
3093
2884
2899
2889
2894
2892
2887
3112
2901
2894
2896
2890
3108
2899
2897
3135
2885
2890
2895
2898
3142
2884
3112
2890
2901
3057
2884
2889
2895
2892
2889
2887
2893
2894
2897
2889
2896
3053
2891
2899
2885
2893
3072
2891
2889
2892
2890
3118
2897
2902
3084
3133
2885
2889
2889
2900
2890
2900
2889
2888
2895
2892
2888
3123
2889
2910
2898
2891
2895
2899
2893
2889
2897
2895
2889
2896
3046
3060
2898
2902
2891
2889
2884
2889
2888
2894
2899
2892
2896
2884
2894
2897
3062
2888
2890
2890
2903
2889
2886
2888
2888
2894
2896
3102
2890
2891
3110
2885
2897
2885
3112
3103
2889
2894
2885
2893
2890
3099
2896
2896
2894
3152
3146
2896
2890
2894
2890
3060
2893
2895
2892
3056
2891
2890
2898
3057
2896
3053
2890
2896
3114
2884
2890
2889
2903
3116
2890
3126
2887
2889
2889
2893
2892
2883
2895
2885
2889
2889
3120
2894
2902
2888
2885
2900
2895
2896
3054
3146
2894
2888
2898
2891
2896
2891
2889
3066
2897
3055
2896
3050
2891
2884
2901
2889
3065
3067
3114
2893
2897
2708
2896
2891
2893
2895
3109
2889
2884
2891
2896
2891
2891
3114
2891
2886
3152
