2913
2888
2885
2888
2883
2876
2893
2882
2881
2880
2883
2882
2880
2883
2888
2897
2882
2883
2883
2882
2883
2882
2883
2882
2883
2879
2881
2885
2883
2885
2889
2884
2885
2882
2876
2885
2876
2883
2878
2885
2876
2881
2874
2886
2880
2878
2892
2884
2883
2882
2880
2881
2888
2886
2888
2887
2881
2882
2886
2883
2891
2882
2883
2881
2881
2885
2882
2879
2882
2883
2883
2880
2880
2877
2880
2875
2896
2877
2881
2887
2887
2889
2881
2886
2882
2880
2882
2882
2882
2887
2905
2881
2880
2894
2883
2884
2883
2883
2889
2884
2883
2884
2882
2881
2884
2880
2877
2884
2881
2883
2874
2889
2879
2880
2876
2880
2881
2880
2884
2885
2880
2885
2883
2884
2879
2881
2882
2890
2880
2881
2882
2879
2886
2881
2881
2883
2889
2877
2881
2876
2888
2875
2881
2877
2880
2887
2884
2882
2880
2880
2887
2881
2881
2880
2885
2881
2883
2881
2881
2882
2880
2881
2886
2881
2894
2878
2882
2885
2886
2876
2882
2876
2880
2881
2880
2885
2899
2882
2887
2890
2891
2880
2880
2881
2883
2885
2884
2883
2886
2889
2895
2885
2881
2883
2888
2884
2883
2882
2883
2888
2883
2884
2881
2883
2876
2880
2881
2879
2876
2888
2874
2881
2886
2889
2881
2891
2885
2884
2883
2882
2884
2880
2880
2880
2879
2883
2880
2888
2888
2888
2881
2883
2886
2882
2886
2879
2888
2877
2888
2877
2888
2878
2883
2880
2883
2884
2881
2888
2887
2883
2886
2880
2884
2883
2883
2882
2884
2883
2882
2883
2887
2882
2881
2894
2889
2894
2891
2886
2888
2885
2882
2882
2876
2882
2876
2882
2878
2884
2879
2882
2882
2894
2882
2884
2883
2884
2884
2884
2880
2881
2882
2881
2884
2879
2888
2889
2886
2884
2883
2883
2883
2881
2898
2885
2884
2878
2883
2876
2880
2875
2878
2874
2882
2885
2880
2885
2883
2886
2884
2884
2883
2882
2883
2880
2883
2882
2880
2882
2889
2882
2882
2889
2886
2887
2883
2889
2879
2895
2878
2887
2876
2887
2879
2888
2878
2884
2876
2890
2885
2883
2877
2886
2888
2883
2882
2884
2883
2891
2885
2884
2890
2884
2883
2881
2881
2880
2884
2882
2883
2898
2880
2889
2882
2880
2881
2885
2880
2878
2880
2886
2885
2876
2882
2881
2885
2884
2884
2891
2881
2881
2885
2889
2882
2883
2883
2895
2881
2883
2881
2883
2884
2883
2879
2881
2892
2884
2889
2883
2879
2882
2877
2883
2878
2884
2875
2883
2878
2890
2884
2892
2890
2882
2885
2878
2886
2889
2884
2884
2886
2883
2881
2879
2890
2886
2888
2888
2886
2886
2887
2884
2889
2888
2886
2890
2892
2880
2886
2881
2884
2879
2884
2879
2885
2879
2888
2878
2887
2880
2881
2879
2886
2880
2886
2889
2881
2892
2883
2884
2879
2881
2882
2881
2881
2880
2883
2891
2893
2888
2896
2889
2881
2884
2882
2882
2884
2887
2891
2879
2882
2886
2876
2888
2884
2885
2889
2893
2890
2888
2877
2882
2884
2880
2881
2882
2897
2884
2885
2888
2881
2885
2882
2894
2888
2891
2882
2892
2892
2884
2884
2889
2883
2884
2883
2882
2882
2886
2885
2887
2911
2887
2879
2882
2881
2880
2883
2881
2882
2876
2886
2878
2888
2877
2890
2888
2884
2887
2895
2886
2886
2881
2880
2889
2883
2885
2879
2882
2883
2890
2881
2889
2879
2881
2884
2893
2884
2884
2884
2887
2894
2882
2878
2883
2889
2887
2876
2884
2886
2883
2883
2881
2883
2885
2882
2882
2884
2888
2883
2884
2891
2894
2894
2890
2886
2889
2878
2885
2886
2881
2887
2887
2887
2880
2883
2894
2879
2886
2880
2886
2881
2884
2877
2885
2879
2886
2877
2886
2881
2883
2883
2883
2880
2881
2879
2879
2880
2883
2882
2884
2883
2881
2883
2886
2881
2882
2881
2883
2882
2895
2886
2886
2884
2877
2884
2894
2884
2876
2885
2879
2885
2874
2883
2891
2884
2881
2881
2881
2881
2882
2881
2884
2881
2880
2886
2882
2880
2889
2879
2884
2883
2883
2882
2883
2893
2880
2881
2892
2893
2887
2883
2892
2879
2883
2876
2895
2877
2881
2876
2886
2882
2896
2882
2885
2896
2889
2884
2882
2884
2888
2882
2880
2882
2885
2884
2883
2887
2888
2883
2890
2887
2882
2885
2881
2881
2876
2884
2894
2886
2877
2881
2884
2886
2882
2884
2877
2894
2878
2888
2877
2884
2883
2882
2882
2896
2885
2880
2882
2879
2880
2881
2887
2891
2883
2887
2882
2888
2884
2888
2888
2894
2882
2880
2884
2876
2890
2879
2883
2876
2882
2875
2885
2878
2899
2888
2883
2882
2880
2881
2882
2880
2882
2883
2880
2883
2881
2883
2887
2891
2882
2899
2887
2883
2889
2895
2883
2884
2880
2881
2881
2882
2877
2883
2875
2890
2877
2881
2874
2881
2884
2890
2883
2883
2882
2887
2884
2887
2883
2881
2884
2883
2886
2883
2883
2880
2886
2880
2880
2884
2883
2880
2879
2887
2880
2876
2883
2880
2880
2874
2886
2874
2888
2883
2882
2879
2883
2881
2882
2886
2883
2884
2882
2883
2885
2879
2880
2880
2885
2882
2891
2883
2884
2883
2885
2883
2882
2883
2891
2883
2878
2878
2876
2882
2875
2880
2886
2904
2881
3540
2882
2876
2881
2904
2887
2882
2881
2878
2880
2876
2890
2900
2879
2878
2882
2883
2883
2882
2881
2881
2882
2880
2881
2884
2901
2881
2886
2884
2879
2884
2882
2887
2880
2881
2882
2882
2875
2882
2879
2885
2878
2884
2879
2880
2881
2881
2880
2885
2884
2880
2879
2884
2882
2880
2883
2880
2882
2880
2882
2881
2885
2883
2884
2883
2881
2883
2882
2880
2882
2880
2880
2878
2881
2878
2888
2875
2887
2878
2885
2891
2885
2881
2893
2885
2903
2883
2880
2886
2886
2883
2880
2882
2883
2881
2882
2889
2883
2883
2881
2886
2880
2882
2884
2889
2883
2881
2880
2886
2885
2891
2887
2882
2874
2888
2887
2892
2881
2883
2877
2884
2879
2884
2883
2883
2882
2887
2887
2884
2881
2886
2883
2888
2882
