2910
2905
3094
2887
2882
2887
2893
2887
2888
2887
2899
2886
3142
2887
2889
2889
2884
2892
2883
2890
3056
2888
2888
2893
3041
3077
2890
2898
2883
3061
2889
2885
2896
2888
2890
3075
2884
2892
2888
3078
2890
2800
2917
2924
2905
2889
2889
3182
2889
2889
2893
2888
2888
2892
2890
2890
2884
2890
2895
2894
2895
3040
3091
2897
2892
2888
2890
3073
2889
2899
2887
2889
3071
3074
2897
2890
3100
2895
2899
2898
2882
2890
3118
2899
2892
2764
2890
3063
2888
2890
2892
2891
2884
2889
2888
2894
2891
3084
3057
2892
2884
2888
2889
2890
2889
2883
3057
3098
2902
2898
2883
2888
3118
2899
2898
2896
2892
2887
2893
2890
2899
2892
2891
3112
2897
2891
3115
2885
2889
2884
2896
2889
2891
2889
2891
2894
2895
2890
2890
2889
2891
2898
2895
2890
2889
2890
3074
2895
2886
2891
2885
2890
2887
2891
2884
2893
2885
2889
2888
2895
2887
2896
2888
2890
2895
2890
2888
2889
2888
2895
2889
2900
2892
2891
3058
3045
2896
3093
2892
3103
2885
2894
2888
2889
2890
2892
2896
3111
2899
2895
2885
2902
2893
2890
2891
2885
2890
2890
3189
2890
2897
2892
2891
3102
2895
3053
2890
3056
3112
2899
3098
2889
2890
2893
3105
3100
2890
2892
2897
2890
2890
2890
2890
2898
3126
2891
2884
2893
2884
2901
2883
2891
3093
2891
2891
2884
2895
2888
3121
2890
3085
3052
2889
2895
2889
3053
2902
2884
2890
2889
2889
2898
2886
2891
2889
3088
2889
2900
3104
2892
2890
2898
2895
3129
2884
3097
2889
2903
2889
2884
2888
2898
2907
3117
3048
3105
2889
2885
3051
2884
2890
2893
2885
2893
2888
3057
2893
2895
2889
2884
2892
2896
3066
2891
2890
2891
2898
2891
2892
2889
2890
2889
2895
3117
2889
2890
2921
3061
2894
2890
2899
3049
2884
2891
2891
2893
2890
2896
2890
2890
2906
3064
2884
3051
3100
2894
2889
3069
3076
3061
3099
2890
2887
2890
2885
2897
2890
2892
2892
2884
2901
2897
2899
3052
2884
3157
3055
2891
2895
2892
3046
2884
2893
2895
2895
2892
2890
2891
2892
2890
2897
2906
2894
2887
3061
2897
2890
2892
3063
2891
2896
2896
2893
2886
2890
2890
2896
2906
2896
2890
2889
2890
2895
2890
2889
2902
2891
2884
2892
2890
2890
2895
2887
3059
2889
2890
3049
2894
3041
2889
2898
3051
2891
3060
2888
2897
2890
2892
3071
2895
3094
3097
2886
2889
2896
2900
2891
2899
2890
2891
3165
2889
2892
2893
3119
2890
2884
2892
3044
2891
2889
2897
2893
3057
3060
2897
3117
2890
3056
2890
2898
2899
2890
2885
2891
2899
3062
2890
2884
2891
2896
2896
2890
2884
2892
2897
2894
2896
3129
2894
2891
2892
2890
2899
2891
2888
2889
2898
2899
2889
2884
2889
2899
2893
2888
3052
2890
3066
2893
2889
3057
2890
2884
2896
2890
2897
3069
3086
2889
2884
2890
2889
3068
2899
2885
2889
2889
3077
2889
2886
3135
2888
3128
2896
2891
2890
2898
2889
2895
2894
2890
2884
2888
2900
2894
2892
2890
3058
2887
2895
2888
3049
3085
2890
2890
2884
3061
3077
2889
2890
3109
2898
2894
2886
2890
2898
2895
2893
2884
2889
2895
3142
2890
2884
3109
2889
3171
2892
2895
3053
2890
2883
2890
2895
2894
3068
2890
3068
2882
2889
2896
2896
2891
2886
2888
2897
2904
3099
2889
2889
2891
2905
2893
2888
3099
3157
2895
3164
2885
2890
2896
2898
2891
2898
2890
2890
2893
3051
2888
2889
2891
2901
3086
3056
2889
2891
2885
2892
3100
3067
3120
2889
2894
2890
2898
2896
2885
2890
2889
3113
3178
2885
2893
2894
2898
2893
2889
2891
2889
3073
2896
2899
2891
3059
3054
2898
2884
2890
3075
2888
2894
2886
2891
2890
3069
3119
3107
2897
2890
2890
2895
3192
2891
2891
2888
3168
3081
2885
2902
2890
3060
2890
2890
2897
2891
2891
3058
2890
2894
2891
2889
2892
3058
3080
2888
2892
2890
3105
2895
2885
3096
2890
2890
2898
2890
2891
2890
3105
2897
3112
2887
2889
2895
3105
3055
2892
3053
3105
2892
2886
2893
3059
3036
2899
2888
2895
2890
3063
2896
2885
2891
2896
3086
2895
2885
2890
3099
2891
2897
2886
2890
2885
2892
3150
2890
2891
2892
3088
3009
2894
3112
2896
2898
2890
2893
2891
3127
2891
2885
2887
2887
2888
2892
3053
3056
2883
2897
3086
2888
2888
2883
2896
2895
2886
3074
2896
2890
3118
2890
3101
2896
2897
2890
2885
2891
2895
3156
2890
3048
2895
2897
2893
2890
2890
2895
2893
2896
2890
2888
2891
2886
2890
2890
2890
2893
2889
2898
2890
2890
2891
3125
2896
2890
2901
2891
2885
2896
3120
2890
2891
2889
2897
2891
2885
2891
3164
2900
2891
2885
2890
2897
3055
2891
2887
3059
2900
3055
3072
2890
3050
2892
2890
2896
3053
2889
2891
2899
2890
2894
2915
2890
2890
3097
2890
2897
2888
2893
2890
2898
2894
2833
2897
2891
2888
2891
2698
2897
3051
2901
2897
3066
2895
3060
2885
2890
3074
2901
3116
3119
2893
2899
2890
3122
2893
2890
2890
3117
3094
2898
2891
2891
2885
2890
2896
2900
2893
2890
3051
2886
2896
2901
2892
2895
2884
3059
2897
2891
2891
2893
3057
2889
3066
2890
2889
3071
2896
3078
2890
2885
2890
2884
2897
2891
2891
3126
2893
3155
2890
3126
2891
2890
2899
2893
3108
2903
3059
3048
2896
2906
2894
2885
2892
2897
2899
3057
2892
2889
2890
2894
2892
2889
2891
3058
2899
2885
2891
2891
2889
2895
2885
2890
2895
3100
2897
2890
2890
2890
3121
2896
2889
2890
2890
2892
2896
2899
2888
2891
2891
2903
2895
2890
2885
2890
3067
2899
2896
3050
2889
2897
2895
2890
2897
2902
2885
2898
2891
3080
2890
2885
2904
2891
3093
2891
2892
2898
3152
3107
2890
2886
2891
2888
2890
2891
2898
2891
2885
2899
2902
2890
2890
2892
2894
2896
2895
2884
2896
2901
2894
2890
2885
