3129
2907
3105
2895
2892
2888
2895
3103
2889
2887
3160
2890
2887
2890
2896
2888
2892
2889
2890
2899
2896
2891
2890
2891
2894
2891
2887
2889
3057
2894
2889
3065
3037
2896
2886
2891
2888
2891
2908
3046
2896
2889
2889
2882
3071
2893
2892
2890
2887
2887
2895
3109
2887
2887
2892
2895
2891
3119
3096
2893
2895
2889
3144
2894
2887
2892
2887
2889
2893
2888
2890
3051
2894
2888
2887
2894
2883
2892
3055
2886
2895
2886
2890
2888
2891
2887
2883
2888
3093
3067
2897
2883
2889
2893
2896
3130
3059
3110
2894
2892
2886
2887
2889
2888
2885
2889
2893
2897
2897
3054
2889
2889
2887
2892
2888
2889
2882
2891
2891
2891
2889
2888
2887
2888
2891
2893
2890
2892
2893
3066
2887
2893
2882
2887
2888
3073
2896
2891
3108
2883
2895
2896
2893
2892
2883
2889
2894
3135
2887
2891
2888
3042
2892
2895
2894
2887
3058
2891
2894
3066
3090
2889
2887
2888
2890
3074
2888
2888
2888
2893
2885
2887
3096
3063
2889
2890
2888
2886
3108
2887
2890
2895
2885
2888
3095
2888
2899
2884
2889
3082
2889
2893
2883
2888
3044
2885
2894
2894
2900
2889
2888
2893
2886
3041
2886
2895
2893
2891
2889
2891
2888
2894
2901
2889
2890
2891
3063
2892
2893
2889
2889
2888
2892
2894
2888
2883
2888
2883
2896
2887
2892
2888
2888
2896
2887
2890
2883
2889
2889
2891
2888
2898
2897
2892
3104
2892
2882
3047
2890
2888
2891
2884
2892
3075
2887
3084
2890
2893
2893
2895
2890
2883
2896
3098
2900
2888
2888
2887
2888
2891
2885
2893
2884
2890
2904
2888
3187
2894
2889
2883
3116
3082
2888
2902
2900
2887
2883
3087
2896
3118
2888
2893
2892
3051
2885
2889
2896
2895
2897
2885
2890
2883
2888
2895
2895
2897
2883
3099
2888
2889
2892
2887
2896
2890
3136
2887
2886
2889
2885
2892
3108
2888
2889
2886
2887
2893
3089
2886
3120
2895
3049
3052
2891
2887
2888
2896
2891
2892
2887
2901
2894
2900
2891
2884
2888
2895
2892
2896
2889
3096
2900
2888
2893
2887
2892
3135
2885
2888
2895
2895
2889
2901
3048
2889
2889
2907
3049
2892
2882
2889
3061
2897
3062
2884
2889
2896
2891
2895
2884
3116
3110
2888
2896
2883
2888
2884
2888
2886
2896
2887
2889
2888
3111
2897
2887
2891
3156
2898
3139
2885
2898
2888
2895
2889
2893
2892
2885
2895
3058
3045
2893
2883
2892
2889
2889
3055
2907
2904
2885
2890
2883
2901
2895
3060
2890
2885
2894
2886
2888
2889
2898
2895
2883
2888
2889
2892
2892
2890
2887
2889
3122
2905
3142
3118
2887
2893
3051
3158
2888
2896
2889
3058
2882
3051
2889
2895
3063
2890
2892
3049
3055
3080
2890
3080
2885
2888
2887
2888
2893
2889
2899
2895
2893
2882
2889
2895
2894
2889
2890
3103
2882
2898
2887
2890
2888
2883
2911
2888
3146
2892
2883
2891
2984
2888
3046
2896
3051
2885
2889
2893
2901
2895
2891
2888
3063
2892
2887
3057
2894
3067
2889
2882
3063
2894
2893
2893
2890
2888
2886
2889
2893
2897
2890
3128
3111
2898
2890
2895
2891
2900
3114
2892
2887
2890
2898
2900
3054
2892
2895
2891
2891
2899
2892
3057
2892
2895
2889
2890
2893
2890
2897
2897
2895
2898
3059
2887
2896
3070
2891
2891
2890
2891
2886
2890
2896
2894
2891
2892
2893
2894
2897
2886
2896
2887
2890
2890
2891
2897
2896
2897
2889
2892
2898
2892
2890
2885
2892
2899
2903
3053
3148
2897
2886
2892
2896
2892
2892
2886
2893
2898
2894
2893
2886
2893
2896
2892
2895
2887
2895
2886
2894
2899
2892
3103
2896
2897
3120
2887
3110
3150
2890
2898
2886
2891
3071
2892
2895
2901
2892
3044
3065
2891
3084
2897
2886
2898
2892
2894
2895
2892
2898
2886
2890
2889
2891
2896
2892
2899
2891
2890
2894
2896
2899
2897
2886
2893
2898
2905
2891
2893
2891
2886
2899
3116
2891
2889
2886
2890
2886
2893
2899
2891
2897
2893
2896
2887
2891
2893
2899
2893
2891
2893
3117
2899
3041
2891
3052
3064
3052
2889
2891
2892
3067
2901
2891
2903
2892
2910
2891
2894
2893
2900
3071
2893
2893
2896
2896
2896
2890
2895
3075
2895
2886
2892
3112
3090
2893
2887
2892
2892
2891
2897
2896
3176
2900
2898
2891
2892
2891
2886
2896
3055
2890
2890
2890
2895
3058
3056
2895
2897
2896
2938
2897
3085
2888
2895
2904
2892
2891
3091
2889
2896
2902
3130
2892
2896
2886
2898
3146
2893
2893
3128
2902
2890
3192
2895
2887
2896
2890
2891
2891
2890
3056
3055
3053
2893
2891
2898
2890
2891
3091
2891
2893
2887
2895
2890
2891
2891
2893
2897
2892
2891
3093
2900
2896
2902
2892
3103
2908
3080
3125
3087
2902
2893
2894
2896
2891
3117
2894
2892
2895
2897
2892
2902
2888
2890
3060
3060
2903
2887
2894
2892
3017
3097
3061
2890
3069
3080
3098
2896
2891
2886
2892
2898
2897
2893
2890
3110
3108
2902
2892
2891
2896
2896
2897
2891
2890
3136
3076
2900
2886
2891
3053
2894
2897
2886
2893
2886
2891
2892
2901
2902
2893
2901
2887
2891
2887
2892
2891
2898
3067
2893
3059
2892
2909
2892
2891
2891
2896
2891
2898
3097
2901
2894
3125
2900
2893
2886
2894
2899
3119
3112
2893
2892
2891
2899
2887
2899
2891
2889
2892
2891
2896
2900
2890
3147
2891
2892
2904
2895
2891
2892
2888
2897
2893
3055
2893
2891
2900
2892
3058
2892
3059
2897
2886
2892
2892
3063
2895
2890
2895
3104
3073
2899
2886
2892
2890
2901
2898
2887
2892
2897
2890
2891
2902
3141
2887
2892
2903
2897
2892
2890
2892
2893
2896
2899
2897
2893
2888
2896
3062
3058
2890
2899
2899
2886
2900
2891
2892
2894
2889
2891
2887
3084
2890
3068
2897
3082
3105
3113
2893
2893
2886
2897
2895
3155
2891
2900
2898
2890
2891
2892
3142
2891
2887
3050
2900
3046
2898
2892
