3007
2957
3180
3188
3183
2959
3157
2963
2968
3205
3178
3181
2956
2962
2962
2955
3258
2954
2960
2965
2968
2956
3110
2950
2962
2955
3117
2955
3126
2961
2956
3111
2953
2955
2961
2949
2953
2953
2956
2960
3144
2954
2968
2957
2957
3162
2961
2962
2961
3182
2957
2950
2963
2953
2959
2955
3173
2965
2951
2961
2955
2957
2960
3192
2955
2956
2955
2955
2962
3121
3160
2956
3149
2969
2972
2957
3124
2956
2961
2950
2955
2954
3126
2962
2956
2964
3316
2957
2955
2954
2962
2964
3166
2949
2955
2962
2959
3171
2949
3180
2960
2957
2959
2962
3187
2948
2957
2954
2961
2954
3264
2969
2949
2956
3113
3147
2956
2962
2960
2949
2963
2958
2957
2962
2949
2958
2953
3120
2967
2952
2959
2957
3160
2957
2956
2961
2964
2954
2951
3144
2960
3149
3190
2951
2957
2964
2961
2959
2957
3192
2950
2959
3178
2954
2966
2963
2956
3178
2955
2964
3212
2959
2955
2960
2972
2957
3188
2961
2960
2959
2954
2962
2963
2949
2958
2955
2956
2954
2956
2969
2951
2959
2955
2955
2963
2959
2955
2958
3145
2956
2973
3159
2949
3179
2957
2955
2955
2960
2955
2962
2958
2952
2957
2963
2960
2960
3196
2955
2951
2955
2951
2955
3112
2956
2965
2955
2962
2953
2958
2958
2958
3111
2968
2956
2962
2955
2956
2958
2971
2963
2954
3124
2959
2970
3113
2955
3131
2964
3132
2956
2964
3116
2957
2965
2963
2956
3126
2961
2951
3147
2963
2958
2961
2954
2954
2955
2956
3203
2959
3208
2957
2956
2969
2962
2960
2950
2966
2954
2962
3111
2959
2961
2955
2966
2950
2955
2954
2970
2958
3122
2956
2966
3108
3122
3114
3128
2955
2960
2950
2959
3135
3117
2955
2955
2956
2967
2963
2954
3144
3171
2954
2961
3174
3193
2959
2957
3214
2954
2957
3211
2959
2958
2956
2956
2955
2955
2957
2965
3122
2958
2955
2957
2956
2959
2958
2959
2953
3119
3125
2960
2961
2956
2961
3125
2962
2963
2968
2958
3130
2949
2961
2959
2956
3137
2958
2955
2951
2957
2958
3124
3184
2959
2957
2966
2957
2953
2957
2959
2956
2955
2962
3177
3133
2967
2969
3196
2954
2956
2960
2961
2958
2960
3209
3091
2959
2953
3232
2958
2959
2958
2957
2955
3122
2967
2960
2948
2957
2957
3113
2966
2961
2968
2951
2967
3136
2959
3132
2956
3145
2957
2959
3189
2963
2956
2953
2964
3164
2954
2956
2956
2962
2956
2957
2955
2955
2950
2961
3218
2956
2954
3167
2963
2955
3144
2955
2962
2960
2954
3146
2958
2958
2952
3126
2958
2956
2961
2954
2961
2955
3120
2964
2958
2956
2949
2958
2960
2961
2956
2963
2954
2954
2960
2962
2956
3168
2973
2959
2962
3172
3172
2948
2961
2956
2956
2955
2957
2962
2962
2955
2964
3167
2959
2966
2955
2955
2976
2959
2958
3160
2959
2949
2955
2954
2960
2960
2953
2955
2949
2957
2954
2957
2969
2961
2955
2955
2958
2962
2966
3139
2955
2961
2958
3135
3172
2956
2954
2960
2960
2960
3174
2965
2963
2956
2956
3172
3160
2958
2954
2957
2955
2970
2962
2958
2955
2957
3167
2953
2961
3156
2955
2957
2955
2961
2967
2958
2953
2963
3120
2957
2955
2954
2961
2962
2957
3140
3121
2965
2961
2966
2964
2959
2951
2964
2962
3109
2957
3115
2961
2950
2957
2955
2955
2962
3173
2959
2958
2959
2956
2962
2955
3168
3197
2957
2966
2955
2956
2954
3187
2961
2964
2957
2955
2962
2950
2957
2949
2960
2961
2957
2954
3271
2958
3143
2965
2954
2961
2955
3185
2960
2953
2957
2964
2957
2960
2960
2967
2953
2957
3119
3108
3154
3124
2968
2959
2954
2957
2955
2952
2964
2948
3160
2955
3147
2961
2962
2960
2953
2956
2964
2956
2958
2949
3165
2961
2959
2954
2955
2956
2958
2963
2950
2958
2961
2957
2968
2965
2965
2959
2959
3276
2956
3142
2959
2953
2956
3121
3175
2955
2958
2966
2948
2963
2949
2955
2955
2955
2961
2970
2957
2949
2959
2951
2961
2953
2955
2955
3123
2954
2951
2956
2961
2956
2958
3120
2957
2949
2961
2949
3165
2955
2957
2961
2949
2955
2949
3176
2960
2963
2954
3168
2963
2953
2961
2955
3174
2964
2961
2959
3184
2955
3109
2954
2963
2956
3116
3200
2958
2960
2960
2954
2958
2958
2957
2956
2960
2959
2949
2956
2970
2955
3111
2962
2955
2950
2969
2954
2955
2964
2965
3152
2953
3128
2957
2976
2958
3136
3194
2962
2960
2957
2963
2955
2953
2956
3180
2956
2965
2956
2955
2964
2958
2960
3219
2959
2949
2957
2972
2967
2958
2963
2959
2955
3122
2949
2956
2955
2955
2966
2962
2963
2961
2958
2950
3123
2964
2963
2958
2951
2964
2954
2957
2958
2955
2961
2951
2956
2962
2956
2961
2963
3172
3172
2959
2967
2956
3207
2955
2961
2948
3199
2960
3204
2960
2959
2957
2960
3116
2952
2956
2968
2963
3112
2955
2960
2960
3120
2949
2957
2954
2953
2960
2966
2955
3121
3124
2963
2963
2955
3129
2955
2954
3136
2965
2963
3159
2963
3154
2965
2956
2963
2957
2958
2957
2962
2972
2970
2953
3183
3213
2962
3208
2956
2956
2954
3216
3125
2956
2954
2959
2956
2965
3115
3120
2950
2962
2949
2957
2953
3126
2956
2959
3133
2950
2955
2956
2955
2956
2964
2961
3168
2959
2956
2959
2964
2955
3151
2951
2961
2949
2960
3186
3143
2954
3136
2955
2951
2967
2951
2959
2954
2961
3193
2949
2960
2954
3136
2961
2965
2956
2955
2953
3135
2956
2949
2955
3130
2958
3324
3123
3113
2954
2963
2955
3116
2959
2963
3140
3133
2956
2955
2956
3170
3153
3142
3165
2950
2971
2957
2956
2957
2953
2963
2949
3200
2969
2960
2961
2961
3195
3152
2957
2954
2961
3113
2951
2958
2960
2963
2955
2954
3119
2951
2964
2974
3117
2963
2955
2963
2960
3120
2951
3048
2954
3125
3131
2956
2965
2959
2956
3174
2960
2961
2955
3197
2951
3161
2965
2967
2958
2956
