2904
2901
2892
3065
2896
3076
2894
2888
3096
3178
2893
3121
2891
2896
2888
2897
2882
2900
3093
2888
2892
2894
2891
3128
2887
2893
2900
2889
2889
2887
3087
2896
3012
3082
2887
2888
2891
2883
3049
2884
2886
2892
2888
3052
2887
2886
2888
2894
2888
2887
3069
3055
2891
2883
2888
2887
3073
2894
2882
2890
2889
2886
2893
2884
2888
2887
3110
2893
2890
2888
3105
3113
3080
2891
2889
3204
2888
2887
2893
2888
2887
3055
2902
2893
2901
3048
2888
2891
2892
3047
2894
3053
2889
2903
2894
3085
3053
2892
3049
3089
2887
2887
2893
3100
3119
2889
2889
2882
2887
2888
2892
2890
2883
3107
2893
2895
2896
2888
3111
2883
2889
2888
2888
2894
2888
2888
3128
2887
2893
2896
2887
3130
2888
2882
2887
2887
2888
2889
2890
2894
2889
2887
2883
2900
2888
2887
2888
2888
3094
2881
3091
2889
2889
2893
2882
3107
3107
2887
2892
2890
2887
2885
3097
2891
2890
3111
2889
2889
2883
2893
3131
2890
2889
2888
2895
2882
2894
2890
2887
3062
3107
3058
2883
2892
2887
3050
3055
2884
2894
2885
2891
2891
2890
2894
2893
2888
2887
2889
2892
2889
2890
2888
2923
2883
2895
2882
2898
3131
2888
2888
2882
2889
2887
2890
2894
2892
2890
2887
2887
2882
2890
3141
2901
2894
2887
3135
3058
3148
2890
2896
2893
2885
2890
2891
3058
2889
2889
2892
2884
2889
2896
2896
2890
2886
2891
2889
2899
3069
3064
2890
2895
2891
2889
2897
2890
2885
2902
2891
2889
2889
2892
2895
2885
2889
2888
2892
2896
2889
3138
2894
2890
2886
2899
2895
2892
3045
2888
3058
2884
2895
2889
3044
3052
2895
2894
3040
2889
2884
3058
3057
2888
2889
2903
3070
2885
3061
2888
2888
2890
3041
2902
2890
2889
2892
2886
2894
2884
2891
2884
2888
3102
2891
2893
2889
2889
3115
2897
2889
2889
2889
2890
2894
2884
2898
2888
2893
2894
2894
2891
3064
2894
2884
2890
2889
2897
2895
3050
2888
2891
3053
2886
2899
2897
2898
2890
2894
2889
3037
3066
2884
2890
2889
2889
2890
2884
2889
2902
2896
3107
2884
2887
2896
2893
3114
3120
3106
2894
2894
3156
3111
2894
2892
2890
2888
2894
2893
3138
2899
2901
2895
2888
3041
3055
2895
3054
2892
2889
2895
2891
2896
2897
2896
2888
3062
2889
2891
2894
2894
3077
2886
2892
2884
2893
3102
2890
2898
2894
2895
2887
2895
2887
2895
3108
2898
3123
2884
2897
2890
2889
2890
2886
2896
2891
2889
3065
2889
2897
2888
2889
2889
2889
2893
3052
2894
2884
2894
2889
2888
2895
2894
2889
2889
2889
2898
2885
3070
2892
3080
2894
2887
3091
3083
2897
2890
2890
2892
2889
2890
3083
2896
2888
2892
2892
2890
2895
2892
2895
2895
2884
3090
2889
3068
2890
2892
3057
2884
2889
2895
2898
2895
2884
3079
2889
3088
2895
2890
2907
2889
2895
3091
2883
2895
2901
2890
2888
2882
3121
2893
2888
2888
2883
2887
2882
2892
3050
2890
2888
2893
2889
3162
2888
2893
2888
2888
3082
2887
2889
2893
2896
2888
2883
2890
3048
3049
3058
2893
2891
3062
2884
2887
2893
3072
2887
2888
2891
3096
2894
2890
3113
3119
2882
2894
2886
2888
2887
2888
2889
2886
2888
2893
2892
2888
2889
2887
2882
2892
2890
2888
2897
2893
3057
2885
2887
2882
2890
2893
2913
2888
2888
3048
2883
2894
2895
2904
2888
2887
2893
2881
2887
2886
2889
2894
2896
2888
2882
2897
2882
2889
2889
2887
3108
2883
3109
3113
2888
2894
2882
2890
3122
2887
2899
2882
2891
2883
2888
2892
2904
2888
2887
3056
2893
3050
3057
2882
2889
2883
2897
2883
2888
2887
2888
2893
2894
3094
2887
2889
2888
2892
3093
2887
2887
2885
2896
2883
3106
3116
2896
2896
2883
3125
2889
3097
2894
3115
2894
2882
2891
3108
2887
3126
3087
2892
3052
2886
3053
2882
2897
2887
2888
3058
2883
2893
2887
2889
3051
2882
2898
2888
2888
3067
3047
2894
2887
3082
2882
2888
2892
2890
2888
2887
3113
2896
2893
2882
3105
2891
2889
2897
2885
2894
3122
2891
2888
2895
3121
3058
2895
2893
2894
2888
2895
2895
2891
2891
2889
2888
2897
2890
2902
2890
3051
2894
2890
2890
2888
2890
2892
2893
3098
3113
2889
2895
2899
2893
2894
2889
2901
2892
2894
2917
3136
2890
2891
2893
2896
2889
2889
2889
3056
3047
2906
2892
2890
2889
2895
2894
3056
2884
2893
3081
2890
2896
2892
2889
2889
2895
2896
2894
2890
3072
3111
2898
2899
2900
3123
2889
2884
2899
3148
3138
2893
2887
2890
2891
2894
3053
3023
2888
2896
2901
2895
2884
2893
2884
2894
2891
2889
3016
2895
2894
2884
2889
3072
2899
2895
2886
3081
2889
2889
2894
2884
3113
2888
3107
2897
2898
2890
2888
2892
2890
2897
2889
2898
3141
2890
2893
2888
2895
2894
2891
2889
2893
2896
2888
2893
2889
3058
3051
2890
3057
2898
2897
3066
2884
2889
2904
2894
3072
2885
2888
2895
2895
2890
2888
2890
2887
2895
2890
2887
2889
3104
2890
2889
2892
2894
2888
3126
3114
2892
2888
2890
2885
2899
3061
2893
2894
2894
3058
2889
2888
2895
2896
2891
2891
2889
2892
3052
2888
3051
2888
2889
2895
2884
2891
3067
2895
2892
2894
2889
2887
3074
2898
2896
2890
2888
2895
3065
2895
2886
2899
2892
2895
2889
2894
2891
2897
2887
2888
2888
2891
2895
2893
2892
2888
3057
2894
2897
3052
2890
2896
2884
2889
2889
2895
2891
2899
2888
2884
2892
2884
2890
2896
2890
2890
3086
3081
2884
2889
2889
2892
2898
2892
2896
3130
2889
2895
2892
3118
3069
2896
2895
2896
3167
2884
3108
2895
2888
2894
2891
2891
2895
2893
2888
2891
2890
2890
2889
2894
3052
2889
2893
2897
2895
3059
2891
2885
2897
2894
2890
2893
2884
3050
2889
3052
2889
2902
2895
2890
2890
2883
2890
2889
2898
3119
2883
2889
2888
2893
3131
2884
