2898
2971
2880
2885
2881
2880
2882
2887
2887
2889
2880
2892
2880
2887
2887
2899
2885
2880
2880
2881
2881
2896
2881
2882
2884
2886
2889
2885
2882
2894
2896
2882
2890
2885
2883
2883
2901
2890
2882
2890
2890
2882
2889
2889
2887
2883
2882
2883
2884
2897
2886
2882
2882
2883
2880
2888
2882
2886
2882
2882
2890
2888
2890
2895
2883
2887
2896
2881
2890
2883
2883
2886
2886
2884
2886
2890
2881
2882
2884
2882
2882
2890
2889
2889
2890
2884
2891
2893
2884
2882
2883
2898
2895
2891
2892
2886
2896
2890
2883
2882
2882
2885
2892
2888
2883
2884
2888
2890
2886
2886
2884
2884
2882
2882
2894
2897
2900
2886
2891
2900
2888
2914
2890
2902
2886
2873
2883
2882
2884
2886
2882
2887
2884
2892
2886
2886
2888
2882
2892
2890
2886
2888
2883
2886
2887
2883
2882
2884
2887
2886
2885
2883
2882
2891
2883
2886
2883
2885
2886
2888
2888
2886
2886
2884
2884
2884
2884
2883
2887
2899
2882
2886
2888
2884
2894
2889
2883
2883
2885
2883
2882
2885
2886
2883
2882
2884
2895
2891
2890
2882
2883
2883
2882
2886
2882
2883
2883
2883
2887
2888
2887
2885
2889
2894
2884
2882
2886
2885
2881
2882
2883
2881
2890
2887
2884
2883
2889
2897
2883
2883
2914
2929
2897
2879
2888
2877
2883
2877
2883
2876
2890
2878
2882
2877
2885
2876
2883
2889
2887
2884
2882
2884
2885
2890
2883
2886
2882
2882
2887
2891
2883
2883
2892
2889
2881
2883
2883
2883
2894
2885
2889
2886
2889
2887
2882
2889
2886
2883
2882
2885
2893
2886
2886
2884
2898
2876
2893
2888
2882
2878
2884
2877
2887
2877
2887
2881
2895
2879
2888
2878
2893
2877
2888
2878
2887
2885
2890
2886
2888
2879
2887
2876
2884
2879
2891
2877
2883
2876
2887
2877
2888
2876
2882
2877
2886
2879
2888
2878
2884
2885
2887
2877
2893
2878
2888
2881
2884
2878
2890
2878
2883
2880
2888
2878
2889
2878
2884
2876
2882
2879
2891
2887
2884
2883
2884
2882
2889
2885
2883
2883
2886
2886
2883
2890
2883
2882
2884
2890
2898
2895
2889
2884
2889
2877
2882
2876
2882
2882
2891
2879
2881
2877
2898
2882
2892
2880
2889
2885
2893
2876
2882
2876
2892
2883
2889
2877
2890
2883
2886
2877
2886
2877
2883
2882
2887
2879
2891
2882
2885
2879
2883
2877
2887
2881
2886
2877
2883
2882
2884
2877
2896
2883
2883
2880
2882
2878
2883
2879
2885
2876
2891
2886
2893
2877
2883
2876
2889
2879
2882
2889
2894
2877
2890
2891
2888
2879
2889
2882
2895
2878
2884
2877
2885
2877
2898
2878
2883
2925
2895
2883
2886
2892
2884
2892
2889
2889
2885
2885
2889
2889
2884
2888
2887
2883
2882
2891
2890
2883
2884
2884
2887
2895
2882
2889
2889
2884
2883
2884
2882
2884
2889
2884
2890
2885
2888
2887
2889
2886
2889
2882
2886
2888
2884
2890
2886
2883
2889
2885
2891
2886
2883
2883
2885
2889
2886
2887
2884
2882
2886
2882
2890
2881
2883
2883
2887
2886
2883
2887
2892
2882
2882
2882
2884
2888
2887
2884
2887
2880
2889
2881
2893
2882
2889
2881
2882
2879
2888
2882
2884
2878
2888
2877
2887
2878
2894
2885
2882
2884
2886
2878
2891
2876
2896
2882
2887
2884
2893
2879
2887
2877
2887
2877
2905
2883
2884
2877
2889
2881
2902
2882
2884
2876
2885
2879
2883
2878
2885
2877
2886
2878
2883
2884
2889
2877
2888
2882
2883
2877
2895
2881
2884
2878
2885
2876
2888
2879
2889
2877
2883
2887
2884
2877
2884
2885
2892
2878
2884
2878
2885
2879
2888
2891
2891
2877
2885
2885
2890
2880
2889
2878
2882
2877
2887
2885
2890
2878
2883
2884
2884
2878
2883
2881
2891
2889
2896
2881
2884
2891
2884
2884
2892
2891
2888
2881
2886
2881
2884
2881
2890
2885
2882
2885
2894
2886
2887
2883
2896
2881
2885
2895
2892
2881
2891
2888
2887
2882
2883
2882
2885
2895
2891
2890
2889
2886
2889
2883
2889
2882
2885
2883
2889
2882
2888
2891
2886
2882
2888
2886
2884
2879
2895
2884
2889
2889
2889
2882
2888
2881
2887
2885
2893
2896
2887
2886
2889
2883
2896
2888
2889
2891
2894
2886
2887
2883
2888
2912
2888
2882
2883
2897
2887
2890
2881
2885
2891
2884
2883
2881
2887
2884
2888
2883
2892
2883
2891
2883
2882
2891
2882
2892
2882
2884
2883
2881
2885
2890
2883
2894
2891
2890
2883
2881
2883
2881
2884
2892
2895
2885
2883
2882
2883
2894
2894
2881
2885
2879
2887
2879
2895
2876
2893
2876
2884
2879
2890
2884
2883
2876
2888
2881
2883
2879
2885
2883
2881
2876
2895
2880
2883
2878
2887
2877
2894
2876
2890
2879
2887
2884
2893
2877
2883
2883
2882
2883
2883
2877
2895
2895
2882
2884
2887
2882
2887
2877
2887
2879
2886
2877
2887
2881
2892
2885
2891
2887
2890
2887
2883
2884
2887
2878
2893
2882
2888
2877
2892
2883
2880
2874
2885
2874
2885
2879
2887
2874
2880
2876
2881
2874
2883
2873
2880
2880
2891
2874
2883
2878
2889
2874
2880
2882
2880
2874
2880
2878
2893
2879
2882
2874
2883
2881
2882
2875
2888
2875
2881
2874
2882
2874
2895
2873
2881
2875
2881
2875
2886
2884
2880
2886
2899
2881
2894
2874
2880
2874
2881
2874
2885
2878
2880
2874
2880
2883
2891
2874
2880
2879
2884
2877
2887
2883
2881
2882
2891
2881
2880
2882
2888
2886
2880
2881
2881
2881
2886
2892
2885
2879
2879
2885
2887
2880
2885
2887
2891
2893
2885
2885
2891
2880
2887
2888
2887
2880
2880
2880
2889
2884
2884
2879
2883
2881
2885
2888
2879
2894
2884
2880
2889
2880
2886
2881
2885
2881
2880
2881
2883
2882
2880
2881
2879
2889
2887
2895
2883
2885
2894
2885
2891
2886
2882
2884
2954
2888
2885
2886
2892
2884
2883
2881
2883
2904
2889
2878
2886
2878
2889
2877
2900
2878
2883
2877
