3126
2872
2875
2870
2875
2868
2871
2875
3109
2877
3101
2874
3099
3140
2875
2871
2870
2868
2875
2874
2874
2874
3066
2869
2869
2877
2872
2881
2870
2876
2863
2876
3058
2874
3058
2879
2879
2871
2872
2874
2874
2871
2880
2880
2876
2874
2870
2881
2870
2882
2872
2879
3082
2871
2869
2872
3074
2874
3072
2869
2875
2870
2870
2875
2873
2874
3104
2874
2872
2870
2879
2875
2873
3094
2871
2878
3154
2872
3163
3076
2871
2871
3163
3069
2876
3085
2886
2879
2873
2871
2879
3061
2870
2873
3046
2873
2869
2873
3040
2876
3038
2875
2873
2886
2868
2879
2869
2872
2870
2868
2878
3091
3065
2873
2872
2874
2875
2876
3062
2873
2880
2874
3106
2877
3092
2870
2875
2872
3104
3096
2876
2877
3090
2877
2876
2873
3098
2881
2872
3105
2874
2870
3106
2874
2872
3025
2873
2895
2913
2879
3080
2873
2864
2879
2877
2879
2936
3043
2891
2873
2877
2871
2870
3077
2878
2879
3038
2871
2870
2882
2879
2870
3086
2874
3102
2873
2876
2874
2876
3104
3068
2875
2876
3097
3196
2876
3091
2875
2874
3103
2871
2872
2873
3075
2877
2873
2876
3139
2879
2868
3032
3038
2878
2872
2872
2878
2887
2876
2874
2875
3075
3034
2876
2880
2879
3024
3083
2872
2872
2878
2880
2877
2873
2873
2886
2875
2873
2876
2872
2875
3120
3074
2876
2873
3109
2877
3090
3100
2871
2882
2884
3095
2879
2877
2886
2879
2878
3119
3149
2874
2882
2876
2874
3050
2885
3042
2871
3045
3053
2884
2878
3033
3032
2873
2886
2875
2880
2873
3038
3039
2873
2872
2875
2875
2875
3048
3087
2876
2875
3112
2872
2876
2868
2878
3117
3092
2875
3092
3121
3130
2885
3120
2881
2871
2880
3089
3086
2881
3040
2883
2872
3138
3038
3192
2869
2870
2876
2877
2875
2873
2877
3038
2874
2871
2872
3030
2879
2879
2878
3045
2877
2874
2877
2875
2872
2894
3049
3069
3050
3062
2879
2874
3101
2878
3093
2869
3112
2874
2877
2873
2882
3122
2874
3126
2877
2876
2875
3085
3123
2871
3153
2871
3121
3035
2877
2879
2876
2879
3033
2877
3036
2880
3040
2873
2883
2873
2874
3052
2873
2879
2879
2876
2876
2877
2877
3048
2883
2877
2882
3096
2874
2877
2871
2876
2871
2876
2878
2877
2879
2886
3139
2872
3153
2878
2878
2873
3100
3145
2878
2882
2876
3109
2878
2880
2878
2871
2874
2874
2874
2891
2874
2871
2871
3041
2881
3035
2872
2901
3039
2874
2872
2877
3049
3022
2873
2869
2877
2872
2870
3056
3053
2873
3053
2875
2869
3055
2879
3058
2867
3046
2876
2878
2874
2875
3088
3134
2875
2877
2872
2874
2884
2878
2874
2876
3139
3044
2874
2878
2877
2883
2873
3049
3041
3031
3039
2869
3026
2876
2882
3081
2875
2873
2871
2881
2866
2880
2875
3053
2875
2874
2879
3068
3053
2870
3051
2881
2873
2875
2888
2871
2871
2948
2879
2892
2873
3062
2874
2886
2878
2873
2877
2874
2876
2873
3103
2876
2876
2880
2878
3125
2868
3104
2872
3165
3042
2874
2877
2872
2877
3040
2872
2878
2879
3041
2871
2876
2877
3041
3059
3037
2879
2871
2876
3062
2876
3056
3063
2874
2873
2879
2873
3056
2878
2884
2880
2871
3079
2873
3080
2873
2878
2882
2878
3121
2871
3099
2878
3118
2873
2869
2874
2874
3170
2878
2876
2876
2875
3090
2880
3066
2876
3042
2881
2875
3163
3082
2869
3063
2888
2878
2871
2883
2876
2869
3038
2878
2876
2885
3044
2882
2872
2880
2877
2874
2873
3035
2873
2873
2878
3029
3071
2868
2876
3109
3070
2874
2875
2877
2873
2877
2874
2876
2875
2872
2882
2871
2874
2871
2874
2874
2875
2874
2873
2877
2869
2881
2878
2883
3054
3172
2872
3170
2877
2880
3103
3028
3073
2913
2882
2878
2873
2877
2881
2878
2875
2874
3074
2881
2870
3040
2872
2879
2871
2880
2878
3034
2873
2879
2885
2881
3110
3092
2876
2875
2880
2877
2878
2874
2873
2868
2875
3069
2872
2873
2877
2882
2874
2880
2873
2878
2875
3077
2875
2875
2880
2867
2874
3094
3084
2872
2870
3096
2877
2880
3103
2874
2877
2866
2872
2881
3195
2872
2876
2879
2879
3121
2878
2868
2871
2884
2876
2879
2883
2874
2869
2879
3037
2878
3039
2878
2877
2879
3050
2883
2877
2874
2876
2881
2871
2987
2870
2879
3092
2874
2877
3070
2874
2877
2874
3117
2876
2873
3059
3100
2868
2876
2874
2877
2877
2877
2877
3039
2873
3031
2869
3034
2871
2872
2872
2877
2876
2876
3036
2876
2873
2875
3028
3054
2875
2878
2872
3054
2868
2870
2876
2872
2882
2877
2877
2874
2876
2870
3093
2880
2876
2877
2869
2878
2871
2873
2878
2874
2876
3100
2874
2874
2876
2876
3204
2875
3052
2879
2887
2875
2877
2873
2873
2866
3044
2879
2875
2871
2875
2879
2874
2881
3051
2878
3051
2877
2873
2874
2877
2879
3040
3078
2876
3058
2871
2885
2880
2872
3104
2871
3125
2872
2879
2878
2871
2878
2872
2877
2878
2869
2871
2868
3147
3041
2870
2878
2882
2880
3041
2877
2879
2879
3045
2874
3048
2877
3041
3054
2879
2876
2869
2877
2873
2878
2873
2870
2881
2870
2875
2889
2877
2873
2870
2870
2876
2877
3148
2881
2876
2879
3090
2870
2882
2871
3093
2871
2877
2870
2876
3117
2878
2881
2877
2872
3036
2885
2874
2877
2868
2878
2874
3022
2875
2873
3041
2874
2883
2874
3030
3052
2871
2872
2880
2876
2873
2869
3076
2875
2877
2876
2878
2873
2874
2874
3106
3095
3135
2883
2878
2874
3140
3048
2876
2876
3127
3039
2979
3043
2869
3042
3048
2875
2878
3042
2881
2877
2884
2873
2876
2873
2880
2877
2873
2868
2876
2871
2875
2872
3055
2871
2888
2870
2876
2871
3060
2872
2875
2876
3064
3063
2872
2880
2879
2874
2877
2877
2870
2870
3139
2867
2874
2874
2873
2876
2874
2872
2870
2873
2741
3118
2873
2876
2875
2875
2878
2875
