3007
3132
3133
3139
2966
2979
3159
2973
3153
3126
2985
3202
2975
2970
2972
2976
2974
2970
2970
2974
2972
2971
2968
3191
2964
3191
2974
2974
2969
2965
2969
2976
2970
2973
2972
3225
3192
2979
2992
2975
2967
3154
2982
2976
2970
2976
2974
3224
2974
2968
3135
2972
2974
3135
2972
2971
2976
3148
2972
2964
3132
2986
3145
2969
2972
2978
2969
3142
2975
3149
2970
2972
2977
2973
2979
2977
2969
2976
3230
3207
2969
3190
2973
2964
2970
2971
3159
2980
2969
2972
2976
3139
2971
2964
2970
2971
2971
3130
2964
2969
2975
2973
3144
2975
3148
2972
2971
2974
2972
2976
2971
2969
3194
2972
2977
3230
3219
2974
2967
2974
2774
2980
3150
2981
2972
2973
2970
2982
2972
3130
2970
2972
2970
2973
2965
2969
2978
3136
2974
2972
2976
2971
2975
2978
2977
2969
2968
3150
2968
2972
2981
2975
2969
2966
2976
3197
3169
2973
2974
2975
2969
2972
2969
3189
2976
2969
3252
2974
2972
2970
2969
2978
2973
2973
2971
2975
2978
3153
2977
2970
3136
2969
3137
2976
2981
3162
3149
2969
2974
2969
3145
3173
3136
2975
2969
3183
3189
2967
3201
2969
2970
2976
2975
2969
2969
2973
2964
2973
2977
2979
3157
2973
2973
2970
2976
2963
2970
2965
2973
2969
2972
3115
2969
3138
2979
2974
2977
3127
2969
3141
2983
2964
2969
2980
3138
2970
2977
3163
2965
2982
2977
2978
3194
2974
2972
2973
2972
2970
2972
2980
2970
3192
2971
2976
2980
2970
2970
2970
2970
3194
2977
3183
2969
2973
2975
2968
2975
2969
2978
2974
2968
2969
2969
2979
2977
2972
2970
2970
2969
2978
2976
2968
2968
2969
2969
2975
2975
2970
2969
2972
3190
3175
3211
2978
2978
2978
3208
2969
2969
2969
2980
3277
3182
2974
3159
2985
2980
2969
3159
2976
2971
2971
2971
2972
3132
2992
2977
2973
3132
2970
2964
2977
2969
2980
3178
2970
2972
2977
3183
2975
2970
2971
2978
2977
3214
3174
2970
2975
2972
3189
3133
3181
2971
2978
2973
2964
2978
3131
2967
3138
3169
2972
2980
2969
2975
2970
2971
3167
2974
2971
2972
3151
2975
2975
2973
2965
3183
2978
2975
2974
2965
2975
2975
3293
2973
2970
2970
3126
2968
2992
2973
2971
2974
2969
2969
2975
2969
3126
2973
2971
2974
2970
2981
2972
2975
3153
2965
2977
2979
2981
2973
2970
2975
2967
2983
3191
2969
2970
2968
2976
2974
2969
2976
2977
2973
2976
3019
2998
2972
2976
3210
2969
2974
2972
2975
2968
2968
2972
2976
2965
2971
2975
2970
2984
2972
2969
2969
3138
2975
2967
2975
2970
3139
2975
2979
3146
2978
3153
3194
2966
2973
2978
2980
3234
2970
2972
2973
2976
2969
2972
2972
2971
2968
3135
3202
2972
2974
2975
2978
2976
3136
3143
2984
3133
2971
2964
3142
2974
2977
2974
2970
3140
2974
2972
3154
2974
2970
2968
2976
2970
2969
2969
2972
2975
2964
3176
2968
2975
3228
2968
2972
2967
2978
2971
2977
2971
3183
3064
2967
2970
3137
2974
3137
2965
2977
2964
2977
2983
2985
2973
2979
2969
2974
2970
2971
2968
2976
2969
2970
2965
3124
3151
2978
2972
2971
3153
2973
2975
3201
2976
2976
2973
2978
2967
2979
3193
2971
2977
2974
2970
2972
2971
2967
2981
2969
2973
2973
2967
2979
3122
2971
2974
2973
3120
2968
2971
2970
2971
2970
3152
2973
2971
2975
2976
2974
2967
2971
2970
2969
2982
3137
2970
2969
3169
3155
2977
2973
2968
2975
2970
2974
2970
2972
2970
2964
3152
2975
2969
2969
2975
3217
2979
2971
2985
3110
2971
2975
2971
2976
2969
3169
3140
2971
2973
3145
3137
3139
2989
3151
2966
2978
2972
2971
2983
2975
2972
3155
2971
2978
2970
2974
2973
3160
3195
2973
2970
2968
2976
2970
2972
3154
2970
2975
2975
2972
2970
3208
2967
2975
2970
2968
2985
2971
2976
2977
2973
2979
3172
2970
2976
3135
3137
2970
2968
2969
2971
2970
2973
3123
2977
3359
2969
2973
2969
2974
2970
2976
2968
2977
2967
2976
2968
3152
2969
2971
2976
2965
2971
2970
2977
2977
2971
2973
2974
3219
2969
2973
2977
3196
3274
2970
3188
2969
2988
2970
2971
2973
2967
2977
2970
2974
2970
2973
2975
2973
2974
3147
2972
2980
2972
2976
2970
2973
2973
2973
2979
2966
3162
2970
3157
2969
3220
2975
2971
2970
3192
2964
2978
3264
2967
2970
3010
2980
2978
2979
3161
2974
3179
2976
2972
2969
2972
3137
2980
2974
2970
2977
3144
2983
2973
2975
2971
3179
2965
3165
3209
2971
2973
2964
2971
2969
3182
3169
2973
2971
2968
2971
2973
2973
2971
2973
2991
2977
2972
3189
2971
2975
2978
3201
2974
3215
3134
2980
3142
2973
2969
2972
2972
3125
2973
2970
3164
3125
3162
2966
2978
2969
2969
3168
3174
2974
2970
2970
3181
2970
2972
2971
3200
2970
2979
2983
2969
2971
2971
2971
2974
2969
2977
2969
3215
2971
2981
2971
2966
3138
2979
2979
3136
2980
2972
2969
2973
2971
2973
3149
2986
2982
2972
2972
2973
3130
2978
2972
3169
3195
3153
2975
2971
2970
3172
2977
2970
3198
2972
2982
2980
2974
2979
2975
2977
2965
2977
2972
2971
3230
2971
2971
2969
2974
2984
2983
2977
2975
3142
2968
2971
3123
2972
2977
2970
2970
2966
2975
2978
2973
2982
2973
2975
2969
2975
2972
3148
2970
2973
2976
2976
2974
2966
2970
2977
2970
3214
2974
2971
3136
2981
2964
2970
3096
2970
2977
2965
3210
2969
2971
2984
2971
3212
2980
2972
2978
2965
2975
3126
3135
2975
2969
3134
3137
3127
2979
2966
2974
3153
2970
2974
2979
2973
2976
2972
2969
2974
3214
2978
2971
2965
2976
3222
2972
3183
2978
2969
2969
3183
2976
3242
2971
2970
2975
3230
2970
3126
2978
2980
2970
2970
3135
2971
2975
2968
3137
2973
2972
2970
3168
2974
3171
3137
2972
2972
2978
2983
2976
2975
3136
2987
2972
3201
2973
2972
