1482
1476
1479
1475
1483
1470
1483
1707
1474
1476
1473
1475
1478
1471
1661
1473
1469
1475
1471
1651
1476
1477
1476
1471
1476
1471
1471
1476
1474
1475
1471
1474
1481
1473
1482
1478
1471
1707
1472
1475
1471
1473
1677
1472
1477
1471
1475
1483
1483
1478
1479
1472
1476
1472
1470
1475
1470
1476
1473
1476
1479
1473
1476
1474
1472
1712
1471
1692
1471
1471
1693
1470
1475
1474
1477
1480
1473
1480
1472
1474
1477
1471
1477
1697
1471
1693
1473
1478
1471
1471
1477
1475
1480
1474
1469
1474
1474
1484
1471
1474
1714
1475
1480
1471
1472
1709
1471
1475
1470
1472
1705
1471
1484
1473
1472
1482
1471
1479
1475
1471
1482
1472
1477
1470
1473
1479
1471
1476
1476
1474
1482
1473
1482
1471
1656
1475
1470
1475
1471
1678
1476
1470
1476
1471
1670
1472
1472
1481
1472
1479
1473
1472
1702
1473
1663
1471
1472
1477
1474
1675
1470
1472
1484
1471
1478
1481
1472
1713
1473
1479
1472
1472
1476
1472
1480
1693
1472
1479
1480
1476
1477
1470
1475
1473
1476
1480
1473
1686
1473
1481
1471
1474
1474
1471
1680
1471
1471
1683
1471
1670
1473
1474
1475
1472
1482
1477
1472
1478
1472
1480
1473
1473
1478
1472
1689
1472
1472
1483
1472
1486
1476
1472
1486
1474
1482
1699
1471
1690
1471
1474
1483
1471
1475
1474
1680
1472
1470
1478
1475
1474
1473
1470
1477
1471
1475
1471
1473
1477
1471
1663
1472
1472
1478
1471
1483
1471
1481
1478
1477
1477
1475
1475
1494
1489
1479
1475
1471
1476
1473
1677
1472
1471
1694
1470
1476
1472
1643
1471
1471
1475
1477
1480
1471
1471
1669
1470
1476
1471
1473
1519
1472
1640
1476
1470
1479
1473
1475
1473
1476
1682
1473
1481
1471
1481
1472
1472
1481
1473
1484
1471
1470
1476
1471
1634
1472
1472
1477
1472
1480
1483
1471
1480
1471
1480
1473
1471
1475
1471
1470
1645
1475
1637
1472
1634
1474
1471
1475
1471
1474
1477
1475
1479
1477
1471
1475
1475
1648
1475
1472
1483
1476
1484
1474
1471
1478
1472
1640
1473
1471
1476
1471
1641
1473
1474
1477
1474
1480
1471
1474
1477
1480
1471
1476
1471
1475
1475
1471
1643
1471
1476
1479
1471
1479
1471
1473
1718
1473
1477
1473
1472
1706
1475
1477
1472
1473
1475
1471
1478
1475
1473
1482
1473
1470
1475
1475
1475
1476
1473
1476
1474
1470
1481
1473
1487
1473
1472
1734
1472
1483
1471
1483
1472
1471
1475
1473
1475
1717
1472
1475
1471
1475
1470
1472
1477
1470
1482
1472
1472
1476
1472
1713
1471
1472
1480
1477
1482
1473
1471
1479
1472
1482
1473
1471
1700
1471
1475
1472
1477
1475
1470
1472
1480
1472
1482
1472
1471
1709
1472
1693
1470
1474
1727
1474
1698
1473
1474
1476
1474
1483
1483
1470
1475
1471
1481
1484
1471
1481
1470
1481
1473
1471
1719
1473
1477
1475
1475
1476
1470
1693
1471
1473
1486
1476
1484
1475
1471
1477
1470
1474
1474
1474
1739
1474
1475
1472
1473
1482
1474
1482
1472
1471
1477
1471
1480
1478
1474
1484
1471
1481
1476
1471
1744
1470
1478
1473
1470
1477
1470
1472
1480
1475
1483
1471
1474
1482
1476
1476
1477
1472
1642
1472
1741
1473
1472
1478
1471
1481
1472
1470
1637
1472
1476
1474
1475
1645
1481
1739
1474
1475
1475
1476
1483
1472
1471
1477
1471
1477
1470
1476
1476
1473
1478
1472
1474
1481
1471
1480
1471
1475
1476
1474
1730
1471
1476
1639
1478
1477
1472
1473
1484
1470
1481
1473
1473
1480
1474
1479
1474
1473
1478
1499
1478
1475
1475
1485
1474
1474
1476
1471
1475
1473
1471
1477
1471
1475
1479
1471
1644
1475
1470
1474
1471
1476
1470
1475
1476
1472
1475
1473
1470
1481
1472
1481
1473
1471
1477
1470
1474
1477
1474
1475
1471
1478
1479
1471
1486
1474
1483
1474
1471
1478
1472
1473
1476
1472
1477
1471
1472
1476
1471
1476
1471
1470
1478
1471
1648
1475
1472
1479
1472
1478
1474
1471
1475
1471
1481
1475
1472
1656
1474
1474
1692
1474
1478
1471
1647
1472
1474
1477
1471
1484
1476
1471
1478
1471
1476
1474
1472
1659
1471
1474
1472
1470
1478
1471
1480
1473
1470
1479
1472
1651
1471
1473
1476
1471
1476
1474
1471
1481
1471
1639
1470
1472
1476
1471
1476
1472
1472
1477
1472
1478
1474
1471
1482
1472
1483
1718
1472
1477
1475
1472
1680
1471
1475
1473
1473
1480
1471
1474
1753
1470
1477
1473
1653
1472
1471
1477
1473
1476
1476
1471
1481
1470
1472
1476
1473
1475
1474
1471
1480
1472
1693
1471
1472
1479
1471
1482
1477
1472
1479
1473
1471
1476
1473
1475
1471
1472
1479
1474
1475
1474
1472
1477
1475
1475
1478
1472
1475
1471
1470
1636
1473
1710
1474
1476
1656
1473
1475
1638
1478
1482
1472
1476
1475
1471
1486
1471
1721
1473
1482
1475
1470
1739
1473
1486
1471
1476
1478
1476
1699
1473
1472
1477
1474
1718
1474
1473
1478
1473
1476
1478
1471
1483
1474
1471
1479
1472
1722
1471
1706
1471
1472
1479
1478
1694
1481
1472
1476
1471
1475
1636
1471
1477
1472
1472
1479
1473
1722
1474
1699
1473
1479
1484
1472
1484
1475
1471
1477
1471
1475
1473
1472
1485
1471
1474
1470
1476
1475
1472
1476
1481
1471
1480
1470
1489
1542
1475
1476
1472
1471
1650
1471
1481
1476
1475
1478
1471
1477
1489
1471
1483
1474
1487
1478
1474
1481
1473
1475
1471
1470
1477
1471
1485
1473
1471
1477
1471
1470
1476
1471
1656
1472
1471
1480
1471
1637
1476
1469
1476
1472
1475
1472
1470
1473
1470
1477
1477
1475
1475
1472
1470
1481
1471
1642
1474
1471
1645
1471
1475
1471
1470
1481
1477
1482
1471
1478
1477
1471
1636
1471
1476
1664
1476
1475
1471
1471
1482
1471
1480
1472
1470
1478
1476
1485
1472
1475
1475
1471
1476
1471
