2962
3131
2930
2936
2936
2933
2939
2936
3160
2941
2936
2939
3160
2937
2939
3160
2939
2935
2937
2935
2932
2940
2936
2938
2942
3155
2939
2936
2935
2930
2937
3090
2938
2936
3196
2939
2933
2938
2931
2938
2938
3101
2949
2940
3105
2935
3095
2936
3098
2945
3096
3105
2936
2934
2931
3120
3118
2938
2937
2935
3118
2936
2943
2930
2936
2937
2943
2939
2938
2937
3114
2942
2947
3148
2941
2940
2942
2940
2933
3149
3172
2932
3180
2936
2936
3151
2933
2935
3171
2948
2931
2940
2939
3179
2940
2933
3105
2936
2941
2938
2947
2939
2938
3104
3115
2934
2933
2942
2932
3099
3110
2939
2938
2928
3115
3103
2944
3116
2938
2940
2943
2937
2939
2936
2942
3113
3122
3178
2936
2931
2932
2941
2934
2940
2936
2939
2941
2939
2936
3163
2935
3162
2944
2931
2936
2941
2937
2937
2937
2940
2935
3131
3087
2936
2937
3118
3087
2928
3106
2934
2934
2935
2935
3130
2936
2936
2937
3106
3121
2935
2935
3146
3111
2934
2934
3156
2932
3166
2937
2938
2938
2930
3177
2939
3161
2944
2937
2938
2937
2937
3122
2934
2939
3225
2941
2930
3128
2932
2933
2935
2935
2937
3139
2940
2936
2939
3098
3095
2931
2942
3096
2935
2936
2943
2939
2936
2935
2933
2939
2954
2929
2938
2929
2939
2937
2951
2940
2934
2938
3124
3162
2934
2932
2929
3162
2942
3161
3183
2936
3160
2933
3165
3157
2936
3233
2933
2936
2934
2936
3143
2936
2937
3222
3138
2935
2940
2938
2941
2937
2930
2937
2946
3095
2942
2942
3096
2934
2940
3133
2934
2938
3146
3137
2937
3143
2934
3126
3146
3159
2936
2935
3158
3185
2940
2942
2941
3164
3162
2938
2937
3167
2942
2937
3166
3143
2933
2940
3107
3196
2941
2935
2942
2940
2942
2932
2936
2953
3118
2944
2933
3103
2936
2948
2931
3098
2935
3098
2935
2932
2940
2936
3114
2940
2939
2944
2932
2940
2942
3147
2939
2937
2940
2931
3173
2943
2942
2933
2936
2936
3156
3253
3153
3186
2942
2933
3016
2931
2943
3111
2933
2940
2933
3080
2940
3102
3091
2937
2939
2930
2941
2940
2948
2936
3099
2936
2941
3110
3152
3099
2940
2935
2940
2939
2943
2932
2935
2943
3153
2941
2932
2945
2933
3153
2936
2943
2942
2937
2939
3154
3178
2932
2935
2937
2937
2937
2945
2941
2937
2936
2936
2950
3190
2940
3194
2942
2948
2935
2938
2938
3101
2933
2948
2940
3089
2934
3102
2939
2936
2938
2943
3103
2937
2937
2939
2935
3098
2939
2948
2935
2934
3123
2937
2934
3174
3135
2939
2940
3165
2930
2934
2933
3186
2935
2937
3189
2930
3190
2941
2936
2949
2939
3196
2939
3206
2934
2941
3104
2947
3097
3196
2933
2934
2935
2938
2939
3109
3222
2939
2929
3100
3103
2937
2940
3094
2937
3092
2937
2934
2936
2945
2942
2939
2929
2940
3159
2936
2939
2936
2942
2935
3179
2936
3158
2936
2937
2938
2938
2936
2931
3211
2938
3177
3173
2948
2936
2937
2938
2932
2942
3266
3197
3103
2938
2938
2936
3093
3101
2939
2935
2937
3102
2930
2941
2930
2939
2936
2935
2934
2930
3115
2935
2937
3096
2933
2938
3101
3125
2931
2938
3136
2938
3171
2943
2943
3122
2937
2930
3145
2941
2940
3167
2937
2938
3143
3124
2929
2936
2931
3175
2936
2934
2935
3177
3202
2939
3189
2941
2942
2940
2940
2941
2935
3119
2936
3126
2942
2939
2937
3098
2936
2930
3103
2928
2942
3109
2940
2938
2940
2939
3099
2939
2937
2936
2931
3112
3115
2936
2931
2938
2941
2937
2935
2940
2937
3140
2929
3142
2941
3145
2941
2932
3161
2936
3162
2942
2938
2938
3156
2939
2936
2938
3120
2943
2937
2936
3104
2935
2939
2938
2941
3099
2933
2938
2940
3103
3135
2937
2943
2936
2941
3111
3133
2938
2938
2939
2939
3110
2942
2933
3157
2936
2937
2930
2943
2934
2937
3156
3143
2943
2935
2932
2931
2935
2950
2934
3223
2927
2940
3104
2934
3114
2935
2935
2942
3116
2932
2934
2936
2941
3103
2940
2940
2933
3106
2945
2941
2939
3109
2934
2936
3099
3098
3100
2936
2937
3129
2934
2937
2941
2941
2939
2940
3168
2936
3166
3173
2938
3161
2935
2942
2936
3157
2936
2941
3215
3162
2941
2928
3156
3125
2942
2932
3152
2939
2938
3139
2935
2936
2935
2934
2938
2942
3104
3145
3109
2929
2940
3100
3106
3102
2935
2938
2936
2935
2938
3094
2938
3096
3131
2940
2941
2943
2939
3172
3182
2936
2934
2939
2939
2928
3176
2936
2936
2946
3182
3247
3176
2936
2934
3175
2936
2940
2940
2931
2939
2931
3224
2938
3153
2942
2938
3105
3087
2936
2938
2933
3102
2940
2944
3131
2937
3142
2936
2936
2942
3144
2940
3100
3136
2931
3138
3149
2936
3157
2939
2933
2942
2935
2938
2938
3131
3162
2939
2960
2933
2944
2943
2938
2940
2939
2946
2946
2941
2949
2937
2941
2935
2937
2940
2937
2934
2939
2937
2933
2942
2949
2939
2929
2936
2934
2935
2940
2938
2936
2946
2930
2931
3180
2942
2940
2938
2937
2930
2939
3106
2938
2939
2938
2936
2936
3087
2933
2938
2937
2937
3100
2935
2934
2944
2938
2947
3149
2940
2939
3179
3157
2955
2936
2941
2945
2944
2946
3167
2950
2932
2936
3158
3195
2935
2936
2936
3164
2936
2930
3201
2935
2941
2937
2928
2939
2935
2941
2941
3103
3102
2938
3099
2939
3101
3113
2937
2942
2938
2933
2938
2933
2937
2934
2935
2935
3130
3173
2930
2941
2937
2936
2937
2945
2942
2938
2938
2935
2939
3188
2940
2939
2932
3189
2935
2944
2943
3189
3098
3103
2938
2941
3099
2938
3102
2934
2937
2941
2938
3100
2942
2940
2939
2945
3111
3115
3107
2935
2940
3128
2936
2933
2938
2930
2941
3205
2937
3186
2942
2939
3147
2938
2947
2940
2939
2940
2935
3213
2935
2930
2939
2939
2937
2936
2943
3102
2938
2938
2940
3108
3103
3108
3153
3099
2941
3122
