778
770
766
759
760
762
759
760
759
761
762
770
758
761
760
760
764
762
759
764
760
759
759
759
767
761
761
761
759
771
761
759
763
760
762
759
991
757
921
761
758
761
759
763
759
758
761
758
762
759
758
971
759
765
760
760
760
761
956
759
759
761
759
771
758
762
760
759
765
761
759
762
759
764
758
759
761
760
770
758
763
759
758
763
761
759
761
762
769
759
758
759
764
759
760
764
761
759
767
759
761
758
758
771
760
760
759
761
970
759
763
759
758
761
762
765
759
759
758
758
766
760
759
759
759
759
760
758
760
759
764
761
757
759
759
763
762
759
761
759
765
764
759
762
762
759
761
759
767
758
759
760
759
762
757
759
759
760
760
759
763
761
758
760
761
769
759
764
759
760
762
758
764
758
760
759
760
768
760
760
759
760
763
760
758
758
759
763
759
761
758
758
772
759
760
762
761
766
759
759
761
759
764
760
761
761
758
770
760
768
760
759
759
759
763
759
762
762
759
986
761
762
759
758
769
760
761
760
759
763
761
759
921
759
993
759
761
759
761
768
758
762
760
762
763
760
759
760
761
765
759
764
763
759
771
759
758
761
758
763
760
758
760
759
763
760
759
761
759
994
759
760
761
759
1013
759
759
758
759
763
759
759
768
760
760
759
759
764
759
759
763
759
759
760
758
764
760
759
759
760
765
762
759
759
759
765
759
759
759
758
759
759
923
761
759
759
759
763
760
760
768
759
759
758
759
764
758
913
760
759
760
761
932
758
759
759
758
763
760
760
766
759
927
759
760
759
759
770
759
758
759
760
763
761
760
760
759
765
759
762
761
760
759
758
1016
758
759
760
759
765
759
759
759
759
764
759
759
930
760
770
760
760
759
759
765
759
759
759
760
1028
759
761
760
760
770
759
1016
761
759
760
759
1001
764
759
759
759
764
759
758
765
758
758
759
760
769
758
773
760
759
758
758
763
759
759
759
761
766
758
760
759
758
772
758
759
761
759
1002
761
761
761
759
765
762
761
759
762
764
759
759
759
759
764
760
760
762
760
770
761
766
764
760
774
759
766
758
759
759
759
765
761
758
760
764
773
762
758
759
760
764
760
759
761
761
763
758
760
765
760
758
759
762
764
759
758
758
760
768
759
759
759
761
763
759
759
762
761
975
758
758
761
758
769
759
770
759
760
761
758
769
758
758
761
761
762
759
758
759
758
763
759
758
759
759
773
759
760
759
760
763
762
759
759
759
763
761
761
768
759
759
762
761
763
761
761
765
760
765
759
759
765
761
758
759
761
764
760
760
760
758
1014
761
762
760
758
764
760
759
759
759
763
761
758
767
760
759
759
758
764
759
759
761
758
771
759
759
759
760
764
759
759
759
759
763
758
762
759
758
759
761
1021
761
759
763
759
770
760
759
929
759
761
759
760
936
762
764
759
758
767
758
763
760
758
920
759
758
759
758
770
759
763
759
761
760
761
1015
763
763
759
759
763
759
759
759
759
768
759
768
759
759
766
761
759
759
758
1015
761
759
761
759
771
759
759
761
759
766
760
759
759
759
952
757
762
759
761
769
760
770
759
761
761
759
770
759
759
764
759
758
760
759
766
759
759
761
759
765
760
758
759
759
764
758
760
760
760
773
759
760
759
760
763
757
759
762
760
769
759
761
759
759
765
760
761
761
760
764
761
760
760
759
771
760
760
764
759
769
759
762
765
758
764
763
760
760
758
763
764
758
759
759
763
759
762
760
761
764
760
759
765
759
761
760
761
759
759
764
759
761
759
759
769
758
758
761
761
765
761
761
758
759
999
759
764
758
761
765
760
760
760
759
763
760
759
759
762
762
759
759
765
760
764
759
759
768
759
759
759
759
928
761
760
759
759
765
760
759
931
760
763
759
760
759
759
924
758
758
760
761
764
759
759
759
758
761
759
764
760
762
759
758
764
759
759
760
760
1002
759
768
759
759
766
764
762
759
759
947
759
761
762
759
770
759
760
760
765
765
758
1011
762
759
765
760
759
759
757
771
760
760
760
759
943
759
764
759
758
930
763
977
761
761
759
759
992
760
769
760
762
759
759
764
758
761
761
760
948
759
759
759
759
764
760
759
759
758
951
758
763
763
760
766
759
760
985
759
765
758
760
764
759
759
759
761
1005
759
762
760
759
759
763
769
759
760
767
762
759
760
759
767
759
761
761
760
1000
759
762
759
759
977
759
759
759
759
764
758
759
1057
761
762
759
759
759
760
764
759
760
759
761
769
759
770
760
760
768
758
768
759
759
766
760
761
759
