2899
2905
2890
2887
3055
2885
2889
2886
2888
2891
2890
2901
2885
3058
2888
2892
2888
2881
2889
2891
2887
3072
2895
2887
2883
2889
2889
3074
2903
3129
2887
2885
2888
2901
2893
2886
2882
2887
2882
2893
3195
3122
2888
2884
3182
2885
2886
2891
2880
2886
2887
2891
2895
2891
3051
2882
2886
3042
2892
2889
2890
3053
2892
2889
3064
2885
3077
2880
2891
2885
2898
2884
2892
2893
2882
3105
2886
2886
2886
2892
3111
3111
3106
2889
2894
2886
2881
3185
2894
2889
2890
2887
2893
2881
3089
3055
2886
2887
2885
2891
3055
3052
2891
2890
3053
2885
2888
3086
2895
3092
2898
2886
2880
2891
2884
2885
3089
2898
2884
2879
2888
3093
2897
3104
2881
2888
2885
2890
2887
3126
2886
2895
2889
2895
3198
2886
2888
2892
2880
3123
2885
2891
2883
2881
2896
2887
2887
2886
3058
2890
2889
2888
3072
2886
2894
2894
2885
2884
2887
2890
2894
2880
2887
2885
3087
3092
2881
2892
2887
2886
3124
2894
2885
2892
2886
2880
3098
2893
2892
3109
3119
2887
2882
2892
2890
3118
2887
2884
2885
2887
2895
2880
3128
3056
2886
2892
2757
3057
2887
2892
2886
2888
2886
3049
3049
3052
2890
3053
2887
2886
3066
2887
2891
3063
2886
2883
3072
2890
2894
2889
3106
2887
3090
2885
2891
2887
2887
2885
2886
2887
2893
2884
2882
2893
2895
2893
2885
2880
2887
2894
3037
2885
2891
2889
2886
2892
3060
2887
2884
2881
2892
2884
3065
3059
2885
2890
2887
2885
2880
3068
2887
2887
2890
2880
2896
3124
2885
2884
3108
2884
2888
2889
3143
3117
2894
2883
2887
2885
2889
2884
2888
2891
2888
3042
3145
2889
2887
2901
2884
3049
2885
3052
2885
2880
2889
2884
2887
2900
2879
3060
3065
3050
2891
2892
2890
2878
2893
2879
2888
2890
2892
2885
2884
2887
3161
2880
2886
2896
3102
2884
3133
2886
2886
2890
2884
2891
2888
3060
2888
2890
2894
2888
2886
3052
2884
3050
3052
2886
2890
2883
2885
2883
2892
2892
2893
2887
2890
2891
2884
2890
2887
3174
2888
2890
2893
2885
2885
3112
2886
2895
3138
2886
2886
2888
2891
2892
2891
2880
2886
2886
2890
2887
3079
2891
2880
2889
2892
2888
2891
2891
2886
2886
2893
2880
2886
2884
2886
2893
2888
2900
2879
3059
2890
2889
2892
2885
2886
3073
2886
2887
2888
2889
2886
3117
2892
2889
2885
3106
2888
2881
2891
3160
3119
2892
2888
2888
2885
3079
2889
2889
2885
2886
2886
2887
2894
2879
3055
2886
2889
2896
2891
2886
2887
2885
2880
2895
2884
3050
3081
2879
2889
2886
3055
2888
2884
2891
3070
2889
2886
3070
2885
2883
2887
2885
2889
2886
2889
2892
2884
3118
2885
2886
2885
2890
2891
3079
3153
2889
2880
2884
2884
2893
2886
3120
2890
2885
2887
2899
2886
2887
2883
2888
2887
2895
3062
2881
2889
2893
2889
2886
3063
2885
3064
2891
2898
2885
2879
2885
2897
2891
2888
3096
2892
2883
3121
2884
2895
2885
2889
2888
2891
2892
3056
2884
3072
2892
2891
2886
2880
2885
2894
2894
2890
3049
2886
2890
2890
2895
2889
2886
2879
2889
2885
3061
2886
2890
2885
2882
3093
2892
2892
2885
2888
2887
3096
2884
2884
2887
2886
2887
2894
2879
2888
2879
3111
2895
2890
2895
2889
2885
2891
2886
2890
2886
2888
2888
2885
2890
2897
2885
3053
3049
2889
2895
2882
2886
2881
3048
3074
2892
3085
3047
2885
2880
2891
2880
2885
3093
3096
2886
2895
2884
2885
2886
2896
2886
2901
3113
2885
2881
2892
2887
3124
2884
2885
2889
3139
2893
2887
2886
2893
2885
2888
2890
2886
2890
2893
2888
2886
2889
2889
2882
2886
2884
3051
2888
2893
3094
2890
2890
3089
2892
3068
2884
2889
2890
2880
2888
2891
2886
2886
2897
2886
2887
2889
2880
2889
2886
3113
2886
2886
2891
3048
3093
2885
3101
2893
2886
2888
2891
2893
2885
2881
2888
2895
2896
2885
2886
2891
2889
2891
3103
2888
2889
2888
2891
2886
3102
2884
2894
2893
2898
2887
3089
2887
2890
2886
2891
2887
2886
2885
2890
3147
3127
3147
3082
2894
2881
2886
2884
3137
2892
2888
2885
2885
3047
2893
2887
2885
2879
3049
2892
2888
2885
2881
3056
2892
2885
2894
3064
3068
3055
2891
3090
2886
3100
2890
3103
3128
2895
2887
2880
2889
2893
2886
3142
3126
2887
2903
2896
2886
2888
2884
3150
2892
2880
2887
2886
3044
3044
2881
3048
3046
2888
2895
2895
2888
2886
2886
2890
2894
2887
2886
2886
3107
3093
2886
2881
2890
2886
3219
2884
3096
2896
2881
2887
2888
2893
2892
2898
2886
2885
2892
2894
2890
3044
2881
2891
3048
2898
2885
2889
2894
3057
3049
2885
2879
2894
3074
2887
2888
2880
2892
2886
2886
3116
3073
2886
2886
3089
2894
2887
2892
2889
2887
2886
2885
2880
2888
2885
3164
2890
2882
2901
2882
2886
2886
3067
2888
2895
2895
2882
3047
2881
3054
2890
2892
2889
2879
2893
2880
2886
3053
3048
2889
2882
2889
3056
2888
2885
3053
2890
2880
2886
2892
2921
2891
2900
3096
2887
2893
2887
2887
3098
2893
2885
3133
2889
2885
2891
3139
2887
2889
2883
2895
2882
3111
2888
2894
2892
2879
2885
2891
2895
2887
3037
3058
2879
2893
2882
3045
2888
2886
2891
2886
2886
2882
2893
3060
2890
2887
2886
2890
2899
2907
2881
3070
3087
2887
2893
2881
2886
2881
2886
2879
2891
2888
2886
2886
3077
2892
2880
2885
2883
2890
2891
2889
2887
2886
3067
3106
2890
2886
3128
2894
2880
2892
2889
2887
2892
2893
3040
3079
2889
2886
2888
2886
2887
3079
2899
2891
2880
2889
3062
2886
2886
2880
3064
3072
3073
2892
2886
2897
2885
2886
2894
2890
2883
2888
2887
2887
2890
2883
3127
2886
2888
2895
2889
2891
2892
2894
2884
2892
2885
3096
2908
2881
2888
2884
2887
2895
2890
2891
2882
2886
2886
2887
2893
2886
3089
