775
763
771
759
774
768
758
770
758
978
758
759
759
760
949
758
758
759
758
763
759
759
759
758
766
758
759
758
758
763
758
760
759
759
948
758
759
759
759
764
760
764
759
758
766
757
766
758
760
762
758
765
787
758
759
758
765
758
758
759
758
768
758
757
760
760
950
760
760
759
759
762
759
759
760
762
770
760
758
758
760
759
758
759
763
757
760
764
758
763
759
759
761
759
768
758
759
763
758
758
759
758
765
759
760
760
759
762
758
761
984
760
980
759
758
770
760
762
759
759
765
759
766
761
758
768
759
760
759
758
770
761
758
759
759
1029
761
759
760
758
768
759
758
758
758
763
759
758
760
762
770
759
759
759
760
765
757
758
758
760
766
759
758
760
760
773
758
759
764
759
764
763
760
957
760
765
756
758
768
760
759
758
758
765
758
759
758
761
763
759
759
762
758
767
763
760
767
758
762
759
758
915
760
760
758
760
765
758
763
758
758
770
758
757
760
758
762
760
760
759
761
765
760
760
759
758
769
758
761
758
761
765
760
760
762
761
932
760
759
760
759
918
759
759
955
758
762
758
758
759
762
763
759
761
759
759
770
759
758
763
760
763
760
759
761
759
934
758
758
759
758
761
760
759
763
759
758
758
759
764
761
758
759
761
763
758
759
759
761
930
757
762
758
759
759
758
762
759
760
758
760
771
760
758
758
761
764
761
758
759
758
925
759
758
762
758
759
758
955
759
758
761
760
764
758
761
762
759
768
759
760
759
758
765
758
759
759
758
949
758
762
759
758
763
759
764
760
758
758
759
773
759
758
759
759
765
758
760
761
758
764
760
758
760
759
763
759
758
760
758
1068
758
758
760
758
766
760
758
759
758
1078
758
760
760
760
763
759
761
762
761
760
759
759
767
760
759
759
760
762
758
760
759
758
768
760
760
761
762
764
757
760
759
758
771
764
760
759
758
759
760
760
759
758
763
759
759
761
758
963
760
759
759
760
762
762
758
758
758
765
758
760
760
759
982
759
764
758
763
769
759
758
758
760
1004
758
763
758
760
763
760
762
759
759
770
759
767
761
758
759
760
760
759
763
763
758
769
761
761
766
759
760
758
758
769
758
758
759
759
973
758
759
761
759
764
758
759
762
758
770
759
769
760
759
762
760
763
758
758
764
758
758
758
761
767
760
761
758
757
997
759
759
763
758
769
760
763
765
759
763
761
758
759
760
985
759
758
763
759
769
762
759
761
758
757
759
758
764
758
758
760
761
769
760
758
759
758
927
757
757
759
758
765
758
761
759
758
760
759
758
760
758
762
758
760
759
757
759
759
763
758
761
758
759
763
760
759
758
758
763
759
762
759
759
771
761
758
763
762
758
761
761
764
758
758
759
760
771
758
758
760
757
914
757
758
760
760
764
762
760
759
757
769
758
758
762
758
759
759
762
761
768
761
758
770
761
758
763
759
761
759
760
772
760
1007
758
760
761
761
764
760
761
763
759
765
759
759
758
760
769
761
759
758
758
1005
759
760
759
758
1022
758
759
762
758
768
758
761
763
759
765
758
760
758
758
764
762
758
759
765
766
759
759
758
758
772
761
759
759
758
976
758
758
759
760
759
759
769
759
762
764
758
765
760
758
760
758
765
758
759
761
758
764
758
759
758
762
774
758
762
760
760
765
758
759
1027
759
764
759
756
759
758
768
758
773
757
759
760
760
763
758
758
762
758
761
760
959
760
759
759
757
774
758
757
759
761
764
758
760
763
763
761
757
760
994
759
758
759
758
762
758
764
758
758
762
758
761
758
758
770
760
758
758
758
769
760
758
760
760
985
758
758
758
758
763
761
758
759
761
766
758
761
758
761
1009
760
763
761
758
759
760
763
760
764
986
759
758
758
759
764
758
759
760
760
762
760
758
758
759
972
758
768
760
759
760
760
765
760
758
763
760
959
759
758
758
758
768
761
758
759
758
764
758
758
759
758
764
759
758
761
761
762
760
761
758
760
963
759
759
766
765
939
759
761
761
762
770
760
758
759
759
762
759
760
760
758
762
758
760
765
759
771
758
758
759
763
983
758
760
761
760
944
759
758
760
760
769
759
757
762
758
763
758
759
766
758
763
758
769
760
760
944
758
758
760
759
762
758
758
758
759
764
761
758
760
759
770
759
758
996
759
762
759
762
769
760
769
760
762
762
758
921
758
757
762
759
763
760
759
769
759
767
760
760
986
763
767
760
758
972
758
761
759
759
758
758
772
762
760
760
759
763
758
758
761
758
765
758
760
758
759
769
