788
776
768
760
762
973
760
774
759
770
759
760
763
761
767
759
759
766
759
759
762
758
764
761
759
760
759
764
760
760
762
759
1040
760
764
759
761
758
760
765
760
762
759
759
761
760
771
761
761
762
758
759
762
760
767
758
765
763
759
758
760
769
760
759
760
759
994
762
760
761
759
764
761
759
759
758
969
759
759
765
760
764
761
759
759
758
763
760
758
761
760
993
758
942
760
759
760
760
762
762
759
970
759
758
759
762
972
762
759
759
758
975
761
764
758
761
770
761
768
760
759
760
758
763
759
760
967
761
962
759
758
760
760
769
759
758
984
761
764
760
759
762
759
763
759
759
770
760
761
760
760
991
760
761
759
762
982
761
764
759
761
765
766
768
759
758
765
759
957
759
758
760
761
763
760
767
759
757
761
758
762
760
760
952
762
763
759
761
768
758
770
759
761
758
762
762
760
759
759
759
763
759
760
759
760
772
762
759
761
759
764
759
926
759
759
930
760
764
759
760
760
759
770
759
759
922
760
761
761
759
766
763
760
762
759
762
759
771
760
758
759
767
763
759
759
762
761
763
759
766
759
758
770
759
760
760
759
764
759
763
760
758
763
759
759
769
758
770
760
761
761
758
764
760
759
761
759
764
760
759
768
759
760
759
761
764
759
765
763
758
758
760
760
771
761
759
759
761
765
761
758
759
759
930
759
761
656
760
762
761
764
761
759
767
761
763
761
759
768
759
761
761
761
764
760
758
760
759
920
759
765
761
759
759
760
767
759
762
765
769
758
761
759
760
761
764
759
764
762
760
930
761
759
759
758
763
759
760
759
759
916
759
766
758
760
763
759
764
760
758
761
761
919
759
759
760
761
760
759
761
767
760
918
759
762
763
761
764
759
759
759
758
930
760
759
759
760
758
759
764
761
758
764
759
764
762
759
764
763
759
759
758
770
759
759
759
763
759
760
764
759
761
763
759
1026
760
762
760
758
770
758
758
762
759
765
759
758
759
760
767
761
759
759
760
765
759
758
759
760
763
759
761
760
759
770
758
761
760
760
998
758
759
760
759
760
761
765
760
760
908
760
770
759
760
761
759
763
759
761
759
759
770
759
760
760
760
759
761
758
764
760
760
759
758
1029
760
760
759
758
763
761
758
759
761
762
759
761
763
758
768
761
759
760
760
764
763
1012
761
759
762
759
1013
765
762
761
758
764
760
759
763
760
771
761
759
761
762
764
759
758
759
761
980
759
759
769
759
759
761
760
763
759
760
765
763
761
759
761
769
759
761
760
759
766
759
759
764
761
930
762
762
759
759
770
759
759
924
760
764
758
761
764
759
759
761
759
921
759
759
760
758
765
760
758
759
759
915
759
759
765
763
764
761
759
760
759
769
763
768
762
761
763
759
759
761
761
762
761
759
759
759
925
759
758
759
762
923
760
759
760
761
766
759
758
759
760
769
759
758
759
759
927
760
909
761
761
759
758
764
760
760
759
763
769
759
759
760
761
764
759
759
760
760
765
759
762
760
760
764
761
761
768
759
931
759
759
759
761
765
761
759
761
758
764
759
758
759
759
767
759
764
760
760
764
761
762
760
762
931
759
759
762
759
764
759
758
759
760
763
760
760
759
759
768
763
758
759
759
765
761
759
759
760
766
758
759
760
759
923
759
759
761
759
764
760
760
762
761
770
760
763
760
759
764
762
759
762
761
761
761
758
928
760
926
761
759
769
760
770
761
762
924
759
764
761
760
760
759
759
760
759
935
759
932
759
760
761
759
770
759
761
931
759
770
761
762
922
758
765
759
758
759
759
929
759
759
761
759
770
759
758
920
759
766
760
759
764
758
761
760
757
763
760
758
761
761
763
759
757
760
761
767
761
761
760
759
759
761
760
761
760
770
760
759
759
760
933
760
758
760
761
935
759
759
760
759
759
760
763
760
758
768
759
768
759
759
759
762
764
760
760
758
759
763
759
759
758
759
771
763
758
759
759
924
760
761
761
759
764
760
760
762
760
766
762
761
759
765
953
763
759
761
758
763
759
759
759
760
761
759
769
761
759
759
762
763
759
765
760
760
764
761
763
759
759
760
758
769
760
760
762
760
764
761
760
761
761
759
759
759
771
760
760
759
760
765
758
759
763
759
769
760
760
759
761
1013
760
764
759
759
764
761
763
759
761
770
759
759
761
762
1043
758
759
759
760
771
759
761
759
760
769
759
758
759
761
765
759
759
759
760
762
762
758
768
761
1037
761
759
762
759
764
759
758
759
759
763
759
760
759
760
766
