2909
2890
2882
2881
2878
2884
2886
3065
2881
2878
2889
2878
2887
3079
2876
2880
2880
2880
3105
3091
2888
3159
2884
3070
2875
2887
2886
2882
2884
3064
2885
2879
2878
2879
3043
2886
2881
2883
2879
3048
2925
2884
2886
2882
2881
2887
2886
3057
2874
2884
3067
2885
2882
2886
2891
2877
2897
2912
2905
2882
2882
2888
2877
3106
2888
2882
2882
2880
2882
2880
2881
3067
2886
2882
3153
2888
2881
2892
2884
2882
2879
2875
2879
3057
2883
2882
3049
2881
3065
2882
2881
2901
2882
2898
3058
2885
2882
2890
2886
2884
2877
2889
2881
2880
2894
2881
2881
3100
2890
2885
3052
3161
3070
2877
2887
3046
3049
3035
3068
2890
2882
2886
3038
2874
2883
2876
2886
2884
2881
2880
2880
2887
2881
2879
2880
2879
2889
2876
2883
3101
2898
2881
2882
2886
2894
2889
2885
2875
2889
3071
3150
2882
2876
2880
3036
2887
2892
2883
2888
2878
3044
2881
2881
3201
2876
2888
2882
2880
2883
2879
2886
2881
2881
3090
2877
2883
2886
2890
2882
2881
2887
2880
2880
2883
3125
3178
2876
2881
2891
2886
2883
2884
2883
2893
3068
2887
2885
2886
3048
2882
3048
2882
2881
2895
2886
2883
3042
2890
2877
2882
2882
3082
2889
2717
2883
2882
2881
2891
2882
2887
2883
2882
2888
2876
2884
2880
2884
3001
2892
3123
2885
3074
2891
2896
3043
2879
3040
3050
2897
2882
3044
2885
2876
2888
2881
2885
2882
3058
2887
2876
3084
2881
2882
3096
2878
2889
2882
2885
2882
3067
2884
2877
2891
3192
3109
2883
2881
2890
2882
2880
3131
2889
2891
2883
2885
2881
2884
2887
2881
2888
2882
3035
2883
2883
2884
2877
2892
2877
2886
2884
3050
2887
2877
2890
2884
2882
2884
2889
3093
2877
2881
2876
2882
2890
2886
2882
2877
2882
2877
2882
2881
2884
2881
2877
2891
2886
3121
2881
2877
3141
2876
2884
2881
2882
2887
2890
2883
2758
3043
2882
2882
2887
2883
2891
2879
3049
2881
2881
2892
2877
3060
3070
2882
2891
2882
2882
2883
2881
2888
3128
2885
2881
3097
2882
2877
2881
3141
2881
2890
2877
3150
2882
3145
2888
2881
2882
3049
2881
2887
2885
3032
2882
2882
3042
2876
2891
2882
3043
2881
2878
2886
2881
2883
3108
2880
2893
2876
2887
2882
2877
3125
2698
2886
2882
2883
2882
2881
3137
3138
3129
2883
2882
3059
3144
2884
2881
3049
2882
2889
2881
2886
2890
2878
2890
2883
3044
2887
2879
2883
2879
2884
2889
3060
3065
2879
2884
2878
2882
2881
2883
2890
2885
2883
2880
2884
2876
2896
2886
2887
2880
2879
2884
2876
2881
2882
2882
2883
2876
2890
2881
2881
2882
2881
2887
3118
2882
3046
2893
3039
3045
2881
2876
2892
2882
2880
2884
2879
2894
2876
2885
2881
3052
2893
2876
2882
2881
2886
3106
2886
2882
2877
2884
3104
3100
2883
2876
2889
2882
2883
2890
2886
2887
2880
2882
2881
2886
2893
2892
2882
2878
3048
2888
2887
2892
2888
2884
2881
3052
3051
2890
2889
2880
3071
2876
2886
2881
2890
3069
2879
3074
3067
2882
2883
2877
3078
3131
2886
2882
3075
2886
2891
2885
2882
2875
2883
2876
2882
2895
2882
2882
2883
2890
3039
2882
2882
3057
2888
2882
2882
2883
2881
2887
2884
3060
2883
2886
2894
3084
2888
2877
2890
2878
2883
2888
2883
2890
2882
2884
2884
3080
3116
2887
3157
2884
2881
2884
2888
2891
2882
2882
2885
2877
2883
2882
3076
2884
2881
3047
2888
2897
2884
2880
2890
2877
2882
3057
2884
2892
3094
2881
2887
2888
3092
3135
2886
2884
2877
2887
3096
2884
2888
2884
2884
2876
2892
2883
2881
2882
2877
3086
2890
2886
2881
2876
3053
2889
2887
2883
2877
2885
3068
2892
2881
3046
3066
3069
2883
2882
3058
2882
2879
2883
2884
3092
2891
2877
2881
3103
2883
2887
2883
2889
2876
2881
2890
2887
2881
2878
2911
2889
2889
2882
2884
2887
2889
2890
2881
2882
2889
2888
2884
2884
2876
2887
3113
2883
2883
2885
3092
2882
2881
3111
3083
2883
2878
2882
2882
2884
2883
2876
2884
2877
3104
2893
2894
2882
2882
2882
2889
2882
2882
2876
2885
2882
2891
2881
2882
2882
2877
2892
2881
2884
2884
2884
2882
2876
2883
2890
2886
2883
2876
3101
2889
2890
2881
3094
2884
2889
2888
2882
2876
2886
2882
3190
2895
2890
2886
2881
2877
3037
2884
3048
2890
2882
2882
2877
2889
2881
2882
3079
2888
2882
2877
2882
2889
2889
2883
2876
3072
2892
2887
2882
2884
2883
2883
3125
2887
2877
2884
2891
2888
3097
2877
2883
2889
2892
3035
3158
2882
2882
3049
3047
2888
2884
2877
2880
2890
2889
2886
2879
2887
3078
2891
2882
2888
2886
3094
2884
2888
2877
3132
2877
2885
2892
3135
3106
2885
2894
3098
2884
2884
2878
2882
2889
3129
2885
2881
2886
2878
2891
3047
2884
2884
2876
2889
2882
2894
2882
3038
2883
2878
3045
2882
3039
2888
2884
2882
2881
3047
2888
2886
2902
2876
2888
3115
2883
2883
2880
2886
3100
2885
2882
2880
2883
2881
2889
2882
3126
3047
2877
2896
2881
2886
2881
2883
3047
2877
3057
2883
2883
2889
2882
2883
2876
3036
3068
2886
2884
2888
2882
2877
2881
2889
2886
2883
2882
2882
2876
2883
3148
2881
2887
3097
2891
2683
2891
2883
2882
2883
2876
2891
3037
2882
2884
2889
3046
3056
2881
2888
2882
2887
2876
3041
2889
2890
2882
3029
2882
3075
3045
2888
2787
2878
2878
3062
2884
2880
2890
2878
2900
2883
2882
3096
2881
2890
2832
2883
3062
2881
2891
2896
2883
2881
3134
2884
2878
2886
2877
2897
2882
2886
2893
2877
2891
2888
3043
2882
2883
3048
2881
2898
3068
2881
2886
3052
2889
2883
2890
2884
2887
3096
2882
2886
2891
2876
2881
3101
2880
2889
2877
3128
2968
2888
2882
2876
2884
2876
2882
2881
2885
2886
2877
2889
3070
2883
3078
2886
3054
2876
2883
