2905
2900
2893
2888
2902
2884
2894
3057
3084
2897
2888
2890
2889
2891
2896
2895
2889
2890
2893
2889
2886
2896
2884
2894
2896
2894
2892
2890
3100
2892
2894
2889
2891
2890
2885
3117
2885
2892
2884
2890
2897
2893
2890
3122
2896
2886
2893
2888
2889
2888
2894
2890
3187
2893
2884
2898
2901
3083
2895
2892
3055
3051
3057
2888
2884
2888
2888
3050
2901
2888
3092
2899
2893
3126
3075
2890
2884
2892
2887
2889
2893
3106
2890
2889
2888
2888
2891
3203
3130
2890
2894
2901
2895
2892
2889
2888
2889
2900
2893
2894
3099
2888
2890
2889
2889
2895
2889
3049
2887
2885
2894
3051
2890
2889
2883
2894
2894
2894
2889
3082
2895
2889
2888
2891
3083
3112
2885
2888
2894
2888
2890
3127
2890
2886
2889
2899
2892
2889
2888
2889
3096
2899
2889
2888
2889
2892
2895
2882
2888
2889
2894
3043
2889
2888
3058
2899
2893
3052
2891
3055
2899
2885
2896
2888
2886
2891
3022
2889
2890
2889
2884
2892
2888
2889
2888
2898
3124
2889
2890
2885
2894
2889
3111
3112
2889
2894
2884
2890
2884
3104
2889
2891
2890
2884
2889
2889
2889
2894
2889
2888
2893
2896
2889
2889
3061
2890
2899
2890
2897
2889
2887
2888
2888
3057
2894
2889
3100
2884
2889
2884
2888
3134
2890
2893
2892
2893
2883
2894
3101
3119
2889
2883
2891
2894
2892
2890
2889
2889
2883
2893
3053
2889
3063
2884
2893
2895
3062
2895
2895
2891
2883
2888
2897
2892
2889
2896
2887
2884
2889
2889
2889
2888
3056
2893
2885
2888
2888
2896
2889
2888
2887
2888
2891
2884
2889
2888
3101
2893
2892
2889
2887
2894
2895
2895
2889
3164
3146
2887
2894
2884
3147
2888
2890
2889
2888
3052
3027
2893
2888
2894
3049
2884
2892
2888
3049
3055
3066
2889
2891
2882
3071
2897
2891
3119
2884
2890
2894
2894
2890
2888
2895
2889
2888
2884
2891
2895
2890
2888
2888
2889
2887
2888
2889
2890
2889
2888
2896
2884
2888
2888
2888
2894
3044
2892
2894
2888
2884
2892
2888
2888
2891
2889
2895
2883
2889
2894
2897
3077
2888
3068
2884
3082
2890
2894
2891
2900
2889
2883
2895
2884
2897
2898
2888
2894
2882
2890
3176
2896
3148
2883
2893
2894
2893
2895
2889
2890
3168
3051
2888
2895
2888
3050
3053
2889
2892
2889
2888
2897
2893
3062
3074
2890
2890
2883
2895
2891
2894
2889
2884
2888
2894
2888
3140
2888
2889
3085
2892
2889
3123
2888
2888
2895
2885
2889
2883
2888
2883
2892
2892
3163
2888
2892
2894
2889
2889
2888
2887
2892
2890
3057
2887
2888
2903
2883
2889
2887
2891
3066
2890
2891
2890
2889
2894
3069
2889
2889
2894
2884
2892
2889
2889
2896
2884
2894
2889
3109
2889
2887
2894
2891
2898
2889
2888
3067
2884
3122
2888
2898
3051
2889
2889
2883
2895
2888
2892
3052
2888
2888
2888
3044
2895
2884
2888
2887
2888
2893
2888
2891
2883
2890
2894
2895
3109
2888
2890
2904
2898
2890
2884
3117
2888
2906
2888
3154
2890
2891
2889
2892
2891
2892
2888
2891
2895
2891
2889
2889
2900
3043
2892
2887
2891
2883
2902
3089
2888
3096
2885
2896
3128
2890
3101
2885
3115
2889
3097
3122
2889
2896
3125
3102
3122
2900
2895
3113
2893
2894
2899
3123
2901
2900
2884
2891
2889
2887
3052
2888
2895
2884
2890
3041
2888
2894
2893
2897
2885
2888
2889
2888
2888
2890
2889
2884
2890
2883
2889
2894
3099
3108
2888
2888
2891
2889
2885
2892
2887
2897
2889
2888
3114
3071
2893
3196
2891
3113
2884
2889
2896
3109
3135
2893
2890
3095
2899
2883
2889
2888
2888
3047
2893
2889
2889
2889
2887
2901
2889
2891
3059
2884
2894
2890
3050
2889
2888
2895
2883
3052
3078
2887
2889
2888
3085
2884
2895
2888
3107
2889
2885
2889
2884
2891
2884
2890
2896
2890
3115
2884
2888
2888
2896
2892
2889
3154
2885
2893
3053
3167
2891
2884
2893
2888
2891
3050
2885
2893
3064
2889
2888
2891
2896
2884
2889
3075
2895
2889
2884
2889
2884
2893
2896
2889
2889
2889
2889
2890
2894
2887
2892
2889
3101
2893
2894
3140
2888
2893
2894
2896
3152
2895
2892
2895
2891
2896
2890
2889
2883
2891
2894
2889
2888
3063
2894
2897
3048
3044
3057
3065
2893
2891
2890
2889
2897
2896
3060
2890
2894
2883
3077
2888
2891
2895
2887
2889
2884
2892
2884
2889
2888
2889
2894
2884
2889
3152
2888
2898
2888
3147
2888
2889
2889
2891
2888
2883
2889
2895
2894
2893
2884
2888
2894
2900
2888
3042
2889
2888
2888
2884
2890
2903
2890
3083
2886
2889
3097
2889
2888
2892
3108
2884
2889
2891
2894
3100
2888
2891
3093
2895
2885
3128
2896
3098
3135
2888
2889
3060
3077
2893
2894
2889
2884
2888
2898
2893
2888
2894
2897
2888
2889
2889
2891
2892
2891
2888
3071
2895
2890
2890
2889
2887
2888
2896
2888
2888
3112
2883
2893
2890
3129
2888
3107
2891
2883
2888
2892
2901
3056
2889
2889
2888
2889
3051
2892
2889
2884
2894
2889
2888
2888
3060
2895
2889
3073
2888
3082
2895
2894
2892
2890
3067
2888
2895
2883
2889
2890
2890
2896
2884
3089
2888
3068
2896
2884
2889
2885
2889
2896
2891
3154
2884
3099
2889
2888
2889
2889
2894
2884
2888
2884
2890
3051
2887
3060
2884
2894
2889
2890
2889
2888
2906
2883
2890
3070
2889
2894
2890
3071
2889
2889
2899
2895
2888
2886
3099
2884
2897
2884
3091
2888
2888
2895
2883
2889
2888
2890
2893
2896
3153
3115
2889
3110
2888
2883
2888
2888
2889
2894
2891
3073
2887
2889
2887
2897
2892
2895
2888
2889
2889
2884
2888
3057
2888
2895
2891
2893
2884
2889
2884
2893
2894
2889
2888
3052
2895
3115
2889
2889
2888
2890
2890
2888
2884
2889
2894
3097
2890
2884
3106
2896
2895
2889
2889
2888
2883
2893
3058
2890
3092
2889
2890
2883
2894
