2967
2938
2935
2940
3126
2940
2939
3128
3121
2941
3130
2942
2930
2937
2937
2940
3162
2932
2938
2933
3198
3219
2939
2935
2934
3166
2935
2940
2935
3176
2934
3219
2934
2936
2937
2937
2939
2938
2948
2939
3167
3101
2943
3096
2934
2945
2937
2941
2942
2937
2939
2937
2938
2938
2939
2940
2945
2935
2939
2939
3095
2941
3102
3130
3092
3114
2934
3124
3155
2942
2942
3117
2941
2948
2938
3116
2938
2939
3151
2935
3171
3184
2937
2945
2938
2940
2945
3178
2940
3145
2942
2945
2940
2934
2943
2937
2937
2935
2940
2946
2943
2937
3215
3138
3111
2936
3096
3147
3100
2936
2951
2942
2942
3101
3105
2939
2932
2937
2936
2944
3137
2944
2947
2944
2941
2930
2941
2946
3143
3168
2931
2948
2938
3164
2941
3170
3178
2936
2939
2941
3161
2944
2938
2945
2938
3235
2936
2952
2963
2955
2934
2946
2940
2941
2944
2938
2986
2947
2970
2961
2944
2944
2945
3112
3130
3095
2939
2943
3098
2952
3107
2937
2937
2940
3107
3141
2940
3146
3095
2945
2942
3143
3183
2940
2937
2945
2941
3172
3148
2946
2935
3172
2940
2938
3172
3185
3173
2939
2939
3167
2949
3187
2942
2949
2944
2936
2949
2947
2940
2945
3100
2946
3104
3183
2942
2936
2942
2943
2939
2950
2943
2937
2949
3098
2942
2939
3127
2943
3143
2945
2941
2933
3127
2942
2938
2937
2937
3131
3109
2939
2935
3133
2945
3109
2948
3134
3189
2936
2942
3165
3183
2940
2944
2948
3181
2946
2938
3182
2948
2933
3198
2936
2945
3101
2944
2948
3196
2939
2931
2950
3104
2940
3101
3107
3103
2938
3100
2942
3104
3108
2931
2946
3147
2944
2946
3118
2943
3116
2942
2945
2946
2949
2943
3163
2939
2945
3167
2957
2948
2937
3178
2950
2945
2933
2936
2934
2937
2939
2940
2952
3200
2940
3191
3206
2941
3210
3117
3180
2946
2936
2939
3096
2940
2942
2939
2961
3109
2947
2935
2947
3112
2946
2941
2932
3120
2941
3113
3134
3124
2943
2940
3163
2939
3164
2942
3124
2946
2939
2942
3191
2938
2940
2943
2943
2935
3208
2950
2946
2941
2943
2942
2935
2944
2942
2945
3096
2945
2945
3179
2950
2934
2946
2936
3101
2947
3113
3113
3120
2945
2940
2943
3120
2944
2945
2944
2942
2941
2939
2946
3120
2947
2937
3135
3167
2940
3124
3120
2946
2937
2944
2941
2941
3185
2944
2943
2945
3168
3142
3220
2939
2939
2941
2942
2935
3181
3192
3094
2944
2954
2944
2940
2937
3109
2939
3100
2945
3122
2945
3101
3113
2953
2950
3100
2944
2939
2954
2944
3097
3112
2933
2948
3088
3116
3092
2940
2938
2936
3116
2941
3122
3147
2937
2945
3150
2937
3175
3151
3142
2933
2956
3117
3182
3218
2938
3164
2938
2944
3093
3201
2943
3164
2944
2945
3114
2935
2935
2943
3202
3097
3116
2945
3110
2942
2945
3109
2940
3112
2941
3103
2944
3098
3126
2937
2940
2940
2937
2939
2949
3125
3119
3116
3129
3120
2939
2945
3125
2951
3130
2937
2944
2941
3129
3184
2939
2937
3219
2944
2939
2948
2944
3164
2941
2951
2937
2945
2944
2944
2942
2938
3227
2945
3096
2944
2939
2940
3112
2939
2941
2936
3097
2940
2942
2941
2945
3131
2950
2945
2944
2940
2948
2941
2936
2939
3110
3104
2944
3147
2935
2936
2943
2940
2939
2943
2943
2942
2937
2951
2943
2942
2941
2933
2941
2933
2939
2937
2932
2941
2951
2958
2943
2949
3166
3228
2935
3232
2940
2946
2948
3232
2944
2938
2939
2946
2942
2939
3133
2937
2939
2944
2935
2944
2944
3100
2940
2943
3099
2934
2940
2935
3106
3131
2939
2944
3114
2938
2938
3141
3166
2950
2936
2936
2944
3137
2946
2942
2948
2947
3149
2947
2940
3162
2936
3171
2948
2940
2940
2943
2950
2941
2940
2933
2945
2936
2946
2935
2936
2932
2938
2937
2943
2937
2939
2936
2938
2938
2941
2939
2939
2933
2941
2940
3159
2939
2948
2946
2942
2939
2942
2938
2938
3162
3103
2937
2951
2943
3106
2951
2943
2939
3106
2942
2939
3097
2936
3107
2943
2943
2939
3105
2946
2945
2940
2942
3141
2947
2941
3133
2934
2941
3187
2940
2939
2937
3162
3261
2943
3259
2939
2946
2951
2945
3186
2948
2940
2936
2941
3196
2943
3105
2954
2938
2937
2942
2939
3101
2939
2941
2941
2953
3119
2941
2941
2938
2945
2948
3097
3107
2942
2940
2945
3107
2944
3120
2943
2943
2946
3170
2936
2934
3168
3175
2939
2939
2943
2933
2945
2938
2948
3214
2944
2936
3169
2950
2936
2950
2937
2945
3093
3200
2947
2935
2944
2942
3096
3094
2938
2938
3104
3099
2938
3109
2942
2943
3109
3096
2942
2940
2942
2943
3119
2943
2941
2945
2939
3156
2944
2940
3164
2945
3160
3181
2943
2939
2944
2941
2940
2938
3194
3171
2940
2940
2942
2935
3194
2937
3190
3108
2938
2938
2944
2943
2939
3099
2942
2937
2943
2941
3105
2940
3091
3108
2939
2941
2944
3108
3136
3113
2943
2938
2943
2942
3141
2940
2938
3160
3194
3165
2945
2943
2934
2941
2942
2938
3159
3194
2933
2942
2941
2940
3103
3215
2943
2941
2941
3105
3089
3107
2938
2939
3086
3104
2940
2937
3121
2939
2942
2943
3115
3139
3104
2944
3114
2940
2935
3117
2942
3104
3159
2934
2944
2943
2946
2939
2943
2938
2934
2942
2936
2942
2943
3165
3202
3203
2942
2939
2939
2943
2938
2949
2940
2946
3105
3099
2944
2942
3103
2945
2936
2937
3119
2942
2941
2946
2940
2940
2936
2952
3121
2942
2944
2941
3128
2941
3114
2942
2944
3152
2941
2944
2937
2938
2944
2942
3175
2943
2939
3193
2941
2941
3175
2937
2938
2934
2947
2943
2940
3102
2937
2943
3105
2949
2931
2940
2931
2944
3144
2944
3117
2949
2937
2941
2940
2939
2939
2936
2940
2934
2949
2941
2941
3130
2934
2942
2946
2945
2948
2940
2942
2939
2940
2933
2943
3068
3143
2950
2945
2940
2935
2943
2936
