1499
1473
1640
1475
1473
1476
1473
1479
1474
1475
1471
1476
1476
1471
1476
1473
1472
1478
1473
1677
1475
1470
1476
1474
1483
1473
1474
1477
1476
1477
1472
1472
1478
1472
1664
1472
1702
1472
1472
1483
1471
1482
1471
1475
1478
1471
1476
1471
1471
1680
1473
1477
1471
1470
1488
1471
1483
1471
1475
1670
1470
1761
1477
1693
1474
1473
1476
1472
1480
1480
1476
1482
1473
1477
1483
1471
1476
1471
1477
1473
1472
1476
1475
1484
1671
1475
1478
1473
1689
1472
1474
1478
1472
1691
1471
1474
1481
1475
1482
1472
1471
1476
1472
1701
1471
1470
1478
1471
1477
1473
1471
1478
1473
1724
1474
1471
1770
1471
1476
1471
1479
1481
1475
1476
1482
1472
1480
1473
1475
1472
1484
1473
1474
1479
1477
1471
1702
1473
1476
1475
1476
1484
1471
1482
1472
1472
1478
1472
1475
1684
1472
1707
1472
1476
1474
1477
1706
1472
1483
1472
1475
1690
1471
1476
1472
1471
1705
1474
1476
1472
1692
1473
1472
1728
1470
1685
1473
1475
1477
1472
1685
1472
1473
1485
1472
1481
1473
1473
1478
1472
1697
1471
1479
1472
1471
1660
1471
1475
1472
1473
1697
1473
1475
1476
1472
1476
1472
1678
1475
1471
1686
1471
1475
1472
1472
1480
1473
1484
1479
1477
1473
1473
1475
1474
1471
1478
1473
1668
1472
1474
1481
1471
1483
1476
1481
1667
1472
1478
1474
1479
1472
1483
1475
1473
1475
1481
1472
1486
1472
1482
1471
1473
1675
1474
1477
1479
1470
1628
1472
1477
1479
1476
1475
1472
1472
1687
1473
1479
1471
1475
1482
1476
1635
1472
1639
1473
1471
1485
1473
1470
1475
1472
1475
1472
1472
1478
1477
1478
1479
1471
1482
1471
1472
1476
1473
1475
1478
1474
1476
1475
1666
1474
1473
1480
1472
1593
1475
1474
1693
1472
1476
1471
1471
1483
1472
1475
1471
1471
1476
1476
1475
1472
1471
1476
1475
1478
1472
1473
1484
1478
1480
1474
1476
1475
1475
1481
1476
1472
1476
1482
1662
1473
1643
1472
1474
1477
1471
1471
1704
1471
1479
1474
1477
1469
1472
1481
1474
1488
1472
1470
1477
1471
1641
1475
1622
1660
1471
1631
1473
1471
1476
1475
1480
1475
1483
1476
1471
1480
1474
1471
1664
1471
1475
1477
1478
1479
1473
1485
1472
1482
1471
1471
1476
1472
1475
1471
1635
1476
1476
1476
1474
1471
1483
1470
1477
1474
1473
1653
1471
1481
1471
1473
1647
1472
1477
1472
1643
1476
1472
1477
1472
1475
1483
1474
1482
1472
1485
1471
1472
1477
1474
1480
1472
1471
1477
1474
1478
1476
1475
1481
1472
1473
1656
1473
1640
1470
1475
1482
1472
1629
1472
1483
1474
1471
1475
1474
1474
1473
1473
1478
1471
1644
1471
1477
1473
1471
1484
1472
1482
1471
1474
1478
1475
1747
1472
1473
1629
1474
1476
1630
1472
1477
1472
1475
1478
1473
1644
1473
1473
1480
1473
1481
1472
1472
1636
1475
1476
1477
1471
1478
1472
1645
1472
1473
1477
1471
1483
1474
1471
1629
1474
1477
1471
1472
1476
1471
1644
1472
1478
1641
1472
1475
1472
1476
1473
1478
1481
1470
1481
1471
1471
1477
1475
1476
1474
1473
1645
1472
1476
1482
1471
1475
1473
1473
1481
1472
1635
1471
1479
1478
1475
1471
1478
1481
1486
1472
1470
1476
1470
1479
1472
1473
1474
1473
1470
1482
1475
1481
1472
1477
1475
1475
1476
1472
1471
1476
1472
1477
1471
1474
1480
1475
1475
1471
1474
1654
1472
1483
1475
1471
1479
1471
1654
1471
1471
1477
1471
1471
1486
1472
1482
1477
1475
1472
1473
1477
1472
1654
1472
1479
1478
1476
1649
1472
1473
1477
1471
1477
1474
1472
1479
1476
1481
1473
1471
1478
1476
1641
1471
1472
1480
1472
1486
1695
1473
1670
1471
1654
1473
1476
1478
1475
1476
1470
1483
1471
1473
1481
1472
1475
1479
1471
1478
1475
1476
1476
1472
1475
1474
1476
1473
1471
1484
1476
1483
1472
1473
1653
1476
1476
1485
1472
1477
1472
1649
1474
1477
1482
1471
1481
1472
1474
1650
1472
1632
1473
1471
1640
1472
1638
1471
1472
1479
1473
1478
1471
1477
1485
1478
1472
1476
1471
1635
1471
1477
1481
1472
1646
1471
1476
1478
1475
1476
1475
1475
1477
1473
1483
1472
1477
1478
1475
1480
1472
1636
1476
1472
1477
1472
1480
1470
1476
1481
1472
1477
1474
1474
1647
1473
1477
1647
1473
1477
1471
1475
1478
1473
1477
1473
1476
1484
1475
1655
1471
1473
1476
1471
1476
1472
1470
1483
1472
1651
1472
1482
1477
1473
1477
1482
1472
1655
1472
1478
1471
1486
1474
1472
1656
1475
1472
1659
1471
1477
1475
1473
1478
1472
1660
1471
1481
1472
1470
1481
1471
1637
1471
1471
1475
1472
1471
1660
1473
1480
1475
1470
1476
1473
1484
1471
1472
1479
1473
1478
1476
1472
1652
1471
1475
1714
1474
1476
1472
1475
1480
1471
1483
1473
1472
1476
1474
1655
1476
1649
1687
1472
1477
1474
1478
1484
1471
1477
1472
1675
1472
1475
1482
1471
1476
1471
1470
1661
1471
1478
1472
1638
1471
1471
1477
1474
1645
1471
1475
1483
1475
1484
1472
1476
1476
1474
1479
1472
1473
1492
1474
1478
1475
1471
1481
1472
1481
1476
1474
1645
1475
1487
1483
1472
1481
1472
1475
1472
1475
1476
1473
1485
1472
1642
1473
1473
1477
1475
1654
1474
1471
1478
1472
1477
1474
1476
1485
1471
1491
1472
1481
1472
1471
1478
1471
1474
1479
1475
1479
1472
1476
1482
1473
1482
1471
1471
1478
1471
1640
1473
1471
1475
1471
1482
1472
1477
1636
1473
1644
1475
1470
1647
1472
1477
1471
1472
1475
1472
1479
1654
1472
1638
1474
1476
1476
1477
1475
1474
1477
1472
1471
1481
1471
1482
1472
1476
1476
1472
1657
1471
1473
1479
1471
1477
1474
1474
1475
1472
1471
1651
1474
1636
1476
1476
1474
1470
1480
1471
1476
1476
1471
1476
1472
1648
1475
1473
1644
