3110
2903
2893
3072
3048
2889
2882
2887
2894
3068
2893
2884
2889
2881
2886
2893
2890
2888
2889
2887
2880
2891
2880
3114
2886
2885
3154
2888
2885
2880
2889
2888
3195
2887
2890
2895
2880
2885
2881
2885
2888
2884
2885
2890
2886
2886
2892
2880
2888
3047
2886
2886
2880
2890
2885
2884
2885
3052
2890
2890
2893
3048
2888
3118
2890
2889
2886
2895
2881
2887
2891
2890
2885
2885
2887
3081
3117
2889
2893
3099
2887
2887
2897
2888
2884
2886
2892
2885
2888
2886
2894
2882
3073
2894
3078
3038
2893
2885
2881
2886
2885
2886
2882
2898
3046
2892
2890
2885
3052
2884
2884
2897
2888
2885
2887
3072
2888
2886
3119
3119
2880
3106
3117
2885
2891
2885
2884
2885
2886
2885
2890
2881
2886
2885
2886
3120
2895
3108
2879
2893
2880
2892
2886
2890
2901
2885
2887
3051
2887
2902
2896
3047
2885
3055
2987
2891
2887
2885
2888
2882
2891
2881
3098
2886
3080
3081
2880
3083
2884
2891
2886
2891
2898
2887
2887
2885
2891
2881
2892
3112
2887
3103
2884
2900
3156
2885
3149
2881
2889
2886
2887
3059
2881
2891
2885
2886
2888
3037
3051
2891
2891
2884
2889
2886
2893
2887
2887
2888
2888
2894
2892
2886
2888
2891
2881
2900
3096
3064
2888
2883
2887
2883
3094
3109
2884
2892
2891
3109
2886
2888
2885
2887
3126
2897
2887
3091
2886
2881
2890
2882
2888
2887
2899
2892
2891
2892
2889
2886
2885
2885
2880
2892
2886
2901
2887
3039
2886
2887
2887
2889
2881
2892
3059
2886
2895
2881
2885
2889
2889
2884
2885
2887
2886
2886
2887
2897
2888
2887
2888
3072
2894
2883
2888
2887
2886
2890
2887
2889
2891
2891
2885
2891
2882
2892
2899
2890
2886
2882
2885
3050
2886
2886
2887
2892
2892
2887
2891
2891
3044
2893
2892
2890
2893
2887
2889
2893
2890
3060
2887
2891
2897
2892
2887
3068
2891
2890
2889
2886
3081
2894
2891
3109
2886
2886
2884
2890
2888
2894
2891
2887
3105
2881
2893
2886
2886
2887
2887
2894
2892
2886
2881
2886
2881
2891
2886
2887
2893
2881
2886
3054
3047
2895
2885
2894
2891
2887
2888
2886
2892
2895
2886
2895
2887
2892
2886
2888
2888
2883
2886
2886
2895
2887
3052
3063
3083
2893
2888
2887
3093
2880
2893
2885
2886
3123
2887
2893
2890
2894
2880
2889
3149
2889
2891
2881
3148
2888
3091
2891
2891
2887
2892
3064
2881
2890
2887
2886
2889
2892
3057
2882
3049
2887
3053
2890
2882
2892
2886
2894
2886
2894
2887
2896
2888
2886
2894
2887
2896
2892
2897
2893
2891
2888
2886
3071
2891
2881
3100
2889
2886
2892
2891
2888
2885
2894
2881
2893
2884
2887
2886
2886
2883
2881
3063
2886
2895
2892
2893
3050
2881
3057
2896
2887
2887
2890
2888
2886
2892
2882
2886
2881
2891
2896
3078
2887
2886
3074
2882
2887
2882
2886
3111
3061
3098
2879
2887
2883
2886
3105
3097
2891
2886
2886
2881
2886
2893
2886
2885
2881
2886
2885
2885
3073
2894
2889
2894
2887
2886
2889
2882
2889
2881
2887
2887
2887
2886
2886
2897
2889
2886
2881
2893
2892
2893
3050
3043
2892
2881
2891
2895
3054
2893
2901
3078
2886
2890
2883
2895
2885
2889
2893
2886
2885
2881
2888
2887
2886
2888
2885
2893
2890
2887
2887
3111
2894
2897
2891
3106
3124
2893
2894
2886
3197
2887
2884
2891
2894
3109
2891
2882
2888
2881
2889
2888
2889
2888
2886
2887
2892
2894
2887
3043
2893
3045
3091
2887
2886
3102
2891
2900
2892
2888
2889
2886
2886
2894
2891
2886
2886
2889
2898
2892
2886
2885
3098
2884
2896
2887
2886
2887
3115
2892
2888
2887
2885
2886
2891
2884
2886
2893
3084
2886
3124
2889
2881
2892
2886
3048
2885
3059
2891
2881
3038
2885
2887
2891
2893
2887
3050
2887
2882
2896
2892
2886
2890
2886
3067
2883
2900
3102
2890
2896
2881
3120
3087
2888
3196
2885
2888
2891
2889
2889
2886
2889
2884
2890
2889
3130
2891
3155
2892
2885
2887
2888
2891
2897
2887
2886
3055
2892
2890
2887
3050
3051
2901
2889
2888
2881
2886
2892
3064
2886
2886
3074
2886
2889
2887
2893
3101
2902
2895
2886
2888
2887
2886
3138
2882
2887
2893
2898
2886
2883
2886
3098
2891
2888
3134
2890
2893
2893
2881
2886
2896
2888
2888
2894
2891
2892
2890
2885
2886
2892
2887
2889
2886
2892
2886
2886
2881
3055
2885
2893
2891
2887
2888
2881
2891
2891
3077
2887
3065
2892
2886
2886
3104
2883
2886
2893
3096
3143
2892
3135
2887
2887
2882
2886
3048
2889
3047
2884
2899
3050
2884
3051
2886
2892
2882
2892
3052
2890
2897
2888
2886
2891
3063
2881
2888
2882
2890
2885
3053
2894
2892
2887
2888
2897
2890
2886
2888
2884
2892
2886
3110
2892
3106
3111
2885
2886
2883
3117
3137
2886
2886
2881
2888
2888
2892
2893
3130
3058
3049
2888
2886
2892
2886
2896
2889
2893
2894
2886
2895
3064
3051
2885
2888
3070
2905
2893
2893
2884
2888
2893
2896
2886
2894
3096
2896
2886
2884
2890
2893
2893
2887
2886
2889
2886
2894
2891
2888
2880
3107
2893
2891
3131
2882
2887
2902
2887
2887
3160
2890
2895
2895
3044
2889
2888
2882
2895
2897
2887
2887
2886
2887
2882
2898
2889
2889
3075
2887
2893
2889
2890
2882
3071
2892
2887
3074
2894
2889
2886
3069
2900
2886
2889
2882
3132
2883
2887
2886
2886
3100
2883
2896
2886
2889
2885
2886
2893
2887
3061
2886
3061
2892
2885
2885
2895
3054
2890
2888
2886
3052
2888
2882
2890
2882
2892
2892
2886
3063
2891
3062
2881
2886
2889
2888
2886
2887
2893
2886
2885
2890
2888
2898
2881
2886
3115
2885
2897
2886
2885
2888
2889
2897
2886
2887
2889
2885
3018
2889
2887
2886
2888
3060
2896
2884
2893
2895
2888
2892
2883
3052
3068
3054
2895
2886
2889
2885
2894
2894
2888
2889
