778
757
759
757
770
760
758
768
758
769
760
757
765
759
757
757
758
947
758
765
758
758
757
760
770
759
758
766
757
758
760
757
762
757
762
759
757
768
757
758
763
758
764
759
758
759
761
936
759
758
759
759
759
757
1042
756
762
760
760
1043
760
761
757
759
758
757
991
758
760
757
758
1010
758
758
756
760
1000
759
761
758
757
771
759
759
756
758
764
759
758
757
762
763
757
761
759
760
768
757
763
757
759
763
759
762
759
757
1005
759
761
759
761
760
759
773
760
759
757
758
761
759
757
763
760
758
758
757
762
758
758
768
761
770
761
757
758
757
984
757
760
761
758
763
757
758
760
756
762
759
758
758
759
763
758
757
757
757
764
758
764
758
758
758
757
756
760
759
762
762
757
757
758
762
757
757
766
757
768
759
760
758
758
765
758
758
758
759
761
757
759
764
757
758
759
760
763
757
762
759
760
759
768
757
757
759
764
758
763
757
759
763
757
768
756
758
761
760
764
759
761
756
758
769
759
756
759
761
762
759
758
758
757
764
757
760
758
758
759
760
764
759
758
999
757
759
759
757
760
758
763
758
760
765
760
982
758
759
758
757
758
760
759
759
757
758
758
954
758
758
760
760
764
759
761
759
757
763
758
756
759
759
764
760
758
757
761
761
759
761
757
761
757
757
925
757
760
757
759
762
759
757
758
757
768
758
758
759
758
762
761
760
759
758
758
758
762
758
758
759
760
762
760
760
760
757
762
758
757
760
758
764
762
759
757
757
915
758
757
759
759
758
758
764
758
758
757
758
765
757
984
758
757
773
759
770
759
757
758
757
1072
759
761
759
758
768
756
768
759
760
763
760
758
756
758
984
757
758
758
757
768
759
758
757
757
762
758
760
763
757
959
765
759
759
759
763
759
758
757
759
769
758
758
758
757
994
759
762
757
759
763
757
760
758
758
771
759
757
766
760
758
757
757
760
757
988
757
757
760
758
769
758
763
758
757
764
759
757
760
759
764
757
757
758
760
769
757
758
759
759
764
757
757
760
757
757
757
758
770
760
759
759
758
765
760
763
759
757
764
757
758
764
756
767
757
759
757
760
764
759
760
758
758
763
758
759
758
757
764
760
757
758
757
770
758
759
758
758
763
757
761
760
757
764
757
842
759
757
769
758
987
757
760
758
759
762
758
758
758
759
761
757
758
758
758
762
758
758
763
758
762
757
759
763
758
760
758
757
768
758
757
757
758
765
759
759
757
757
763
760
757
759
757
771
757
756
760
757
764
760
759
758
758
762
759
757
768
760
758
759
758
766
762
758
757
758
757
762
756
758
759
763
758
758
757
760
771
758
757
758
760
762
759
757
757
758
763
758
762
766
759
756
759
761
769
757
757
757
761
763
758
759
761
758
929
760
758
757
759
760
758
769
758
757
760
758
765
757
757
757
757
764
760
758
761
760
928
759
761
758
758
918
759
758
760
759
762
756
757
767
757
757
760
758
762
756
758
760
758
763
761
758
757
757
763
757
760
760
759
762
758
912
764
757
767
758
759
757
758
764
756
758
758
758
763
757
757
760
758
759
759
758
768
761
757
759
762
763
757
759
759
758
763
758
760
760
760
763
759
768
758
758
758
757
762
759
761
758
756
928
756
757
758
757
762
757
757
760
758
764
757
756
758
757
768
757
757
757
758
928
757
760
761
758
931
758
762
757
759
768
757
759
757
760
759
757
924
756
761
758
760
758
759
760
761
757
762
759
760
757
759
765
759
757
756
758
925
757
757
758
759
927
757
758
760
758
765
758
757
756
758
926
758
764
756
760
758
756
757
759
762
767
759
756
757
755
760
757
763
760
757
763
757
760
757
759
769
759
757
759
759
763
758
770
757
761
760
759
759
758
757
757
759
764
759
757
759
759
765
757
760
760
757
762
763
757
768
759
1025
758
757
760
758
768
758
757
758
759
764
757
757
762
757
938
759
757
757
758
1017
757
758
763
762
758
762
976
763
757
758
758
763
759
762
757
758
770
758
759
763
758
762
759
758
946
758
764
757
758
757
761
768
758
757
759
759
769
757
1007
758
757
759
763
766
757
760
759
757
767
760
760
765
758
759
762
758
764
762
760
758
757
757
760
768
756
759
757
758
763
759
757
759
760
763
758
760
802
757
757
758
762
763
757
757
757
757
763
762
757
757
759
984
759
757
757
757
1040
759
757
758
756
975
757
757
758
757
763
757
758
758
758
762
757
757
768
758
766
758
759
998
757
760
756
757
938
759
762
757
759
768
759
757
759
