2917
2899
2885
3051
2878
2888
2879
3044
2887
2889
2892
2890
2884
2882
2891
2877
2893
2889
3047
2887
2888
2891
2880
3074
3082
2887
2887
3077
3098
2879
2892
2886
2881
2883
3101
2893
2884
2887
2877
2890
2884
2888
2885
2882
3109
2896
3193
3087
2890
3048
2891
2896
2891
2892
2891
2892
2885
3041
2881
3042
3053
2891
2889
2878
2886
2885
3078
2890
2889
3101
2884
2885
2886
2887
2883
2884
2885
2884
2890
2880
2885
2883
2889
2890
2880
2885
3070
3103
2890
2882
2885
2880
3104
2892
2887
2884
2881
3049
2889
2889
3046
2884
2889
2879
2891
2884
2888
2884
3040
2887
3051
3087
3051
2886
2890
2883
2884
2881
2892
2889
2884
2887
2892
3124
2884
2889
2883
3120
2889
2888
2890
2881
2887
2884
2893
3089
2882
2887
2893
2890
2890
2878
3052
3066
2887
2891
2880
2890
2890
3046
2884
2885
2889
2879
3090
3105
2889
3099
2883
3107
3122
2885
3117
2882
2885
2884
2885
2889
2890
2884
2886
3082
2894
2890
3112
2881
2886
3038
2887
2887
3114
2891
2881
2892
2890
3042
3051
2878
2891
2887
2886
2892
2885
2889
2878
2888
2885
2888
2897
2884
2889
2878
3088
2884
2889
2882
2886
2888
2883
2886
2884
2894
2886
3110
2892
2877
2891
3113
2886
2883
2886
3118
2885
3142
3107
2887
2877
2888
2889
2883
2884
2886
2893
2884
2885
2897
2887
2893
2898
2884
2879
2885
2882
2887
3059
2883
2891
2891
2894
2884
2883
3066
2878
2890
2883
2887
3107
2898
2887
3092
2885
2890
2887
2883
2884
3083
2879
2888
2891
2890
2884
2887
3143
2883
2892
2885
2885
3049
2887
2897
2885
2885
3051
2899
2886
2893
2886
2886
2885
2884
2892
2885
3049
3060
3070
2889
2887
3053
2885
2891
2894
2886
2889
2886
2884
2890
2886
2887
2886
2884
2880
2888
2882
2887
2885
2885
2880
2887
2880
2885
2881
2889
2879
2895
2885
2890
3138
2885
2888
2883
2893
2890
3147
2886
2881
2892
2892
2886
2893
2885
2894
2903
3053
2886
2885
2893
2881
2892
2895
3049
2885
2891
3057
2888
2893
2890
2895
2886
2885
3057
2885
2885
2883
2887
2893
2887
2896
2883
3108
2890
2887
2891
2888
2889
2886
2894
2892
2895
2885
2887
3090
2881
2886
3048
2887
2906
2891
3051
2881
2886
2892
2894
3055
3051
2890
2894
2895
3066
2888
2887
2891
2887
2891
3061
2890
2882
2891
2885
3068
2887
2894
2888
2880
3108
2889
2897
2891
2890
3109
2884
2891
2885
3114
2887
2886
2893
2891
3135
3055
2887
2892
2884
3062
2885
2886
2891
2902
2890
3086
2886
2891
2890
2887
2882
3080
3063
2888
2888
2885
3065
2897
2885
2885
2887
2889
2896
3079
2888
2888
2884
2894
3124
3132
2880
2891
2900
2891
2886
2882
2887
2885
2886
2889
2891
2889
3065
2888
2890
2884
2886
2885
2885
2892
2892
2884
2880
2889
2878
2894
3074
2889
2887
2878
2889
3110
2887
2886
2883
2889
2890
3119
2885
2882
2899
2680
2886
2886
2887
2893
2882
3070
2887
2890
2894
2878
2886
2889
3055
2885
2879
2885
2890
2891
2896
2887
2884
2889
2886
2891
3061
2891
3113
2886
2884
2898
3109
2880
2887
2895
3107
2886
2897
3110
2878
2897
3104
2887
2886
2882
2892
2886
2892
2887
2884
2896
2896
2885
2878
2886
2886
2891
2884
2888
2888
2883
2892
3075
2885
2896
2884
3076
2885
2885
2890
2878
2898
3126
2887
2885
2879
2888
2889
2885
3102
2879
2891
2884
3176
2890
2886
2895
2885
3208
3053
3103
2892
2886
2892
3053
3057
2887
2886
2885
2889
2880
3094
2894
2884
2889
3083
3094
2893
2885
2885
2885
3127
2881
2893
2885
2889
3102
3120
2887
2885
3172
2888
2890
2887
2600
3088
3055
2885
2897
2888
2884
2888
3044
2902
2884
3041
2889
2886
2893
2891
2885
2885
2892
2884
2892
2888
3085
2888
2891
3102
2889
2890
2883
2890
2888
3196
2888
2889
2878
2891
2891
2881
2893
2878
2885
2886
2884
2884
2885
3047
2898
2886
3048
2890
2889
3048
2886
2878
2888
2878
2893
3057
2886
2885
2887
2892
2884
2885
3077
2885
2893
2892
2889
2886
3069
2891
2885
3116
3079
2886
2899
2839
2886
2885
2886
2892
2890
3142
3053
2885
2891
2892
3054
2888
2886
2891
2888
3041
2895
2901
2889
2884
2894
2882
3063
3067
2894
2891
2879
3093
2887
2889
2897
2888
3132
2885
2886
2883
3155
3110
2884
2891
2879
2899
2885
2887
2890
3103
2885
2885
2891
2890
2960
2888
2890
2886
2886
2880
2893
2884
2883
3058
2895
2885
2884
2889
3072
2883
2891
2889
2889
2884
3067
2892
3141
2890
2889
3117
2889
3153
2886
2884
3102
2891
3046
2897
2887
3149
2893
2693
2893
2883
3038
2888
2893
2889
3051
2887
2878
2894
2882
3053
2890
2887
2886
3070
2898
3073
2883
2890
2899
3069
3113
2885
2885
3133
2897
3146
2878
2888
2878
2898
3164
2887
2888
2898
3143
3065
2882
2886
3052
2889
2885
2880
2885
2896
2887
2891
2880
3060
2890
2885
3065
2882
2897
2882
2890
3102
2879
2897
3103
2894
3105
2884
2894
2878
2890
2893
2885
2888
2887
2886
2889
2884
2888
2884
2885
3061
2884
2895
2881
2892
3055
2886
2884
2892
3068
2884
3075
2884
2880
2888
2885
2894
2882
2894
2897
3060
3093
2886
2891
2886
3083
3127
2882
2893
3127
2889
3141
2885
2898
2888
2885
2886
2880
2899
2885
2885
2885
3053
2897
2885
2885
2886
3050
2895
2880
2887
3065
2884
2900
2885
2886
2887
2897
2888
2887
2894
3120
2901
3108
2896
2887
2885
2888
2887
2883
3103
2884
2892
2716
2889
2888
2889
2889
2880
2890
2886
2890
2887
2885
2884
2880
2896
2883
2893
2893
3043
3057
3067
2883
2891
2884
2885
3061
2885
2887
2882
3067
2894
2890
2884
2883
2883
2882
2884
2882
2884
3104
2880
2883
2881
3160
2886
3085
2890
2881
2883
2882
2882
2881
2742
2888
2888
2892
2882
