2900
2894
2886
2883
2893
2886
3075
2884
2891
2890
2884
2886
3078
2887
2885
2888
2887
2894
2891
2879
2885
3084
2880
2889
2886
2893
3074
2879
2885
2885
3066
3096
2894
2900
2884
3088
3109
2885
2893
2879
2887
2894
2898
2891
2895
3071
2880
3111
2892
2889
2890
2882
3053
2886
2900
2895
3046
2890
2898
2901
2886
2891
3081
2890
2886
2881
2886
2895
2886
2886
2888
2893
3075
2894
2895
2895
2886
2886
3088
2882
3084
2888
3084
2886
2881
2893
2889
3112
2892
2886
2889
2887
2907
2885
3096
2899
2883
3051
2880
3090
2896
2887
2887
2883
3046
3086
2881
2895
3076
2889
2887
2880
2886
2901
3074
2887
2881
2891
3112
2888
2891
2882
2885
2892
2888
2886
3098
2889
2890
2888
2886
3141
2886
2893
2894
2881
2886
2890
3084
3050
3042
2887
2886
2887
3058
2886
2895
2895
2887
3062
2881
2892
3111
2887
3095
2881
2887
2880
2939
3099
2889
2893
2897
2886
2889
2884
2890
2880
2898
2888
2887
2892
2883
3073
2886
2907
2887
3081
2899
2886
2888
2890
3055
2891
2882
2888
2894
2889
2890
2881
2899
2893
3084
2887
3074
2895
2886
2886
2887
2908
2886
2880
2888
3186
2886
2888
2881
2887
3120
2890
3103
2892
2886
2887
2886
3056
2889
2888
2882
2887
2897
2893
2888
2886
2893
2894
2889
2887
3050
3084
2887
3088
2891
3085
2890
2893
2893
2886
2889
3105
2885
2894
2887
2899
2887
2886
2895
2882
2888
2891
2887
2892
2892
2892
2887
2887
2888
2888
2895
2890
2891
2888
3037
3050
2882
2898
3092
3052
3071
2889
2893
3071
2896
3072
2894
2895
2889
2886
2888
2885
2891
2891
2894
3084
2892
2887
2886
2887
2887
2897
2881
2890
2887
2885
3134
2885
2887
2883
3140
2896
2894
3049
2894
3045
2882
2886
2895
2887
2895
2887
2887
2887
2894
2899
2888
2884
3045
2898
3055
2888
2887
2887
3092
2893
2899
2882
2892
2887
2888
3124
2881
2892
2884
3093
2888
2886
2892
2881
2889
2886
3096
3143
2854
3156
2887
2882
2894
2886
3047
3057
2883
2897
2885
2887
2888
3057
2894
2882
2891
2887
2886
2896
2884
3112
2887
2898
2893
2886
2888
3091
3105
2887
2889
2896
3138
2886
2889
3101
2897
2886
2891
2887
2887
2894
2736
2889
2887
3043
2899
2880
2893
2887
2893
2893
3048
2894
2883
2889
2883
3051
2898
2896
2887
3093
2891
2893
3068
2892
2882
2896
2886
2887
2887
2888
2889
2892
2887
3148
2888
2895
2892
2886
2882
2888
2884
2894
3038
2890
2894
2893
2893
2886
2892
2888
2896
2885
3067
3056
2883
3054
3056
2896
2887
2887
2887
2882
2898
3065
2887
2893
2883
2893
2883
2892
2887
2892
3109
2887
3101
2892
2895
3156
2887
2889
2888
2893
3141
2887
2887
2888
2894
2883
3124
3054
2887
2893
2887
3051
2881
3060
3046
2888
2891
2890
2893
3053
2891
3054
2889
2894
2788
3048
2888
3077
3074
2891
3070
2885
2887
2893
2893
2888
2887
2888
2889
2888
2894
2887
2887
2886
2887
2904
2892
2897
2898
2891
2882
3078
2895
2897
2888
3161
2898
2887
3058
2888
2885
3039
3058
2895
3066
2881
2888
2895
2895
2894
2887
2887
2882
3074
2895
2887
2889
2890
2897
2882
3096
2890
3061
2893
2885
3130
2886
2893
2893
2893
2890
2887
2888
2886
2887
2895
3164
2888
2885
2886
2887
2888
2890
3011
2888
2887
3054
2900
3054
2888
2890
3069
3074
2882
2887
2895
2897
3074
2887
2891
3112
2888
2895
2883
3095
2893
2912
3188
2893
2895
2940
3165
2888
2881
3069
2896
2892
2887
2882
2886
3050
2887
2894
2885
2887
2887
2887
2888
3048
2897
2882
2897
2888
2893
3101
2881
2887
2899
2899
3111
2881
2887
2893
2897
3175
2878
2889
2881
2893
2888
2887
2888
2885
2897
2911
2894
2899
2889
2887
3055
3053
2888
2890
3054
2887
2889
2900
2895
2888
2882
2888
2892
2892
3114
2881
3092
3137
2895
2890
2882
2893
2890
2888
3192
2883
3108
2894
2894
2887
2885
2890
2882
2888
3051
3061
2895
3051
2889
2893
2898
2893
2886
3053
2893
2885
2886
2896
3071
2881
2887
2893
2892
3130
2885
2890
2894
2896
2888
2882
2891
2889
2894
2888
2888
2887
3116
2892
2886
3112
2893
2891
2890
2882
2890
2892
2898
2887
2885
2887
2969
2897
3044
2884
2889
2898
2895
2887
2882
2894
3096
3097
2888
2887
3094
2896
2889
2888
2905
2889
2890
2887
2889
2892
2897
2886
2887
2888
2892
2886
2887
2888
2894
3122
3043
2882
2889
2898
3038
2888
2882
2887
2890
2892
2889
2884
2886
2895
2894
3088
2888
2887
2882
2889
2894
2882
2889
2886
2892
2894
2892
2897
2893
3106
2886
2888
2889
2885
2892
3048
3138
2895
2893
2889
2887
2887
2893
2889
2887
2881
3067
2895
2885
2888
2885
2889
2894
2894
2890
3059
3066
2894
2889
2887
3095
2888
2882
2894
2892
3127
2888
2888
3115
2884
3141
2889
2888
2894
2895
2889
3054
2889
2893
3136
2894
2882
2886
2894
2977
2891
2887
2900
2883
2895
3064
3049
2890
2893
2887
2888
3058
2886
2892
2895
3107
2891
2887
3064
2895
2885
2886
3111
2888
2901
2890
2889
2886
2887
2892
2896
2886
2887
2887
2888
2890
2893
2893
2887
2881
2891
2882
2891
2887
2886
3053
2886
2896
2886
2887
2887
2894
2889
2883
2893
2888
3062
2890
2886
2896
2887
2888
2897
2891
2887
2882
3105
2892
2890
2890
2892
2889
2896
2890
2885
2886
2891
2888
2892
2894
2894
2887
2895
2894
2949
3061
2901
2886
2900
2895
2891
3059
2887
2895
2881
2888
2887
2885
2892
2890
2888
2893
2894
2893
2887
2888
3068
3091
3166
2888
2887
2887
2887
2892
2890
2890
3149
2889
2884
2892
2888
2889
2889
2895
2894
2887
3060
2892
2881
2887
2895
2895
2893
2893
3063
2887
2891
2888
2887
2887
2896
2895
2893
2895
2889
2882
3097
2893
2892
3108
2886
2892
2882
2887
2887
3108
