2901
2907
2888
2886
2884
2891
2892
2892
2884
2884
2885
2884
2893
2889
2887
2883
2888
2896
2890
2890
2890
2888
2885
2882
2889
2891
2887
2888
2884
2907
2885
2889
2896
2884
2884
2885
2885
2884
2889
2890
2885
2884
2897
2886
2884
2884
2888
2895
2885
2886
2889
2886
2884
2885
2890
2885
2885
2891
2893
2885
2891
2893
2897
2885
2884
2888
2893
2884
2884
2884
2888
2940
2889
2881
2896
2880
2885
2879
2886
2887
2884
2879
2890
2880
2885
2879
2884
2880
2886
2880
2883
2880
2893
2882
2888
2879
2884
2880
2895
2880
2888
2879
2886
2879
2893
2879
2891
2884
2887
2881
2886
2880
2886
2882
2889
2884
2889
2895
2894
2896
2887
2883
2891
2889
2888
2885
2887
2884
2884
2884
2898
2884
2883
2884
2890
2894
2884
2884
2887
2890
2885
2891
2885
2887
2884
2888
2894
2883
2884
2882
2887
2889
2891
2894
2886
2883
2888
2978
2901
2891
2885
2885
2885
2887
2891
2885
2885
2890
2886
2886
2885
2886
2886
2884
2885
2884
2884
2891
2886
2884
2888
2885
2886
2883
2886
2884
2891
2885
2884
2884
2885
2891
2887
2884
2884
2883
2883
2891
2885
2899
2940
2902
2884
2888
2884
2885
2884
2888
2888
2885
2881
2885
2895
2885
2895
2888
2885
2884
2881
2888
2893
2884
2881
2890
2889
2885
2884
2891
2883
2890
2886
2892
2891
2885
2885
2890
2888
2885
2884
2884
2884
2888
2891
2886
2896
2884
2885
2885
2884
2892
2892
2884
2885
2888
2883
2895
2885
2887
2884
2885
2883
2892
2885
2890
2884
2885
2886
2885
2884
2888
2885
2889
2890
2885
2894
2886
2885
2893
2888
2884
2884
2885
2884
2893
2895
2895
2962
2885
2895
2884
2884
2887
2884
2889
2887
2884
2885
2885
2886
2890
2890
2884
2884
2885
2893
2888
2890
2887
2883
2889
2883
2895
2888
2888
2884
2891
2884
2886
2887
2892
2882
2896
2889
2888
2883
2885
2884
2886
2890
2889
2883
2886
2885
2887
2894
2885
2885
2885
2885
2890
2887
2886
2888
2885
2884
2887
2884
2896
2892
2885
2885
2888
2884
2885
2896
2890
2885
2886
2889
2888
2889
2884
2884
2885
2887
2883
2884
2896
2885
2884
2885
2884
2884
2887
2884
2884
2886
2889
2897
2884
2887
2885
2889
2886
2888
2891
2886
2891
2884
2884
2885
2886
2886
2888
2889
2885
2884
2893
2885
2887
2886
2887
2885
2884
2886
2884
2886
2889
2905
2886
2891
2884
2885
2889
2985
2896
2889
2890
2882
2888
2882
2885
2884
2885
2884
2890
2888
2890
2883
2884
2882
2898
2881
2887
2890
2883
2881
2891
2883
2884
2884
2891
2889
2888
2884
2889
2893
2893
2890
2884
2881
2890
2884
2896
2885
2895
2885
2886
2888
2885
2880
2891
2891
2890
2880
2889
2880
2885
2880
2884
2884
2894
2879
2885
2879
2885
2880
2885
2879
2893
2881
2887
2879
2892
2880
2885
2880
2887
2879
2891
2880
2884
2880
2886
2879
2895
2880
2885
2880
2890
2900
2887
2893
2888
2890
2886
2891
2896
2884
2885
2888
2886
2884
2884
2884
2893
2886
2893
2884
2885
2887
2891
2884
2885
2884
2887
2886
2886
2884
2886
2896
2890
2884
2895
2885
2888
2883
2885
2884
2885
2884
2888
2898
2885
2885
2887
2884
2886
2885
2885
2884
2889
2883
2885
2891
2884
2890
2895
2888
2885
2883
2885
2885
2884
2879
2886
2879
2888
2879
2889
2879
2892
2880
2891
2879
2886
2880
2892
2880
2886
2879
2888
2880
2889
2880
2890
2885
2897
2880
2886
2883
2892
2888
2892
2884
2889
2883
2884
2888
2891
2886
2883
2883
2895
2884
2885
2879
2884
2883
2889
2880
2885
2879
2884
2883
3150
2890
2891
2884
2888
2885
2887
2891
2892
2884
2888
2889
2899
2902
2970
2892
2885
2946
2889
2940
2880
2888
2892
2887
2881
2887
2880
2890
2883
2889
2881
2887
2880
2885
2883
2885
2881
2885
2880
2885
2881
2889
2882
2889
2889
2893
2880
2885
2880
2886
2881
2886
2889
2888
2881
2891
2903
2889
2886
2892
2886
2885
2892
2896
2887
2883
2885
2891
2891
2903
2889
2888
2886
2895
2891
2896
2886
2885
2885
2897
2885
2888
2890
2888
2892
2892
2888
2891
2885
2886
2884
2895
2885
2901
2933
2890
2891
2891
2886
2887
2887
2895
2886
2897
2886
2886
2894
2890
2888
2900
2889
2886
2891
2893
2886
2884
2887
2887
2892
2891
2885
2885
2885
2883
2885
2884
2886
2891
2889
2893
2887
2885
2894
2894
2885
2885
2885
2885
2896
2897
2887
2894
2887
2886
2886
2894
2891
2895
2896
2884
2886
2885
2885
2884
2886
2883
2885
2884
2891
2895
2886
2883
2889
2893
2884
2898
2885
2886
2889
2885
2890
2886
2885
2890
2886
2883
2885
2884
2884
2885
2886
2886
2886
2893
2900
2882
2891
2886
2886
2884
2893
2890
2887
2887
2890
2894
2895
2897
2885
2885
2885
2895
2891
2884
2889
2892
2889
2896
2889
2893
2890
2891
2886
2882
2890
2884
2895
2893
2886
2895
2886
2889
2886
2884
2892
2891
2892
2883
2894
2892
2888
2886
2885
2881
2891
2881
2891
2880
2884
2883
2895
2882
2886
2884
2885
2891
2895
2887
2892
2885
2890
2880
2885
2881
2884
2889
2893
2881
2889
2880
2887
2881
2885
2888
2889
2881
2884
2883
2885
2883
2911
2890
2892
2885
2894
2885
2890
2894
2885
2886
2890
2899
2886
2885
2896
2886
2888
2892
2899
2888
2891
2886
2886
2890
2891
2887
2887
2885
2884
2887
2890
2886
2889
2885
2884
2891
2885
2886
2887
2886
2886
2891
2892
2891
2887
2886
2887
2885
2887
2895
2886
2885
2891
2885
2885
2886
2895
2886
2884
2885
2909
2892
2885
2886
2886
2885
2891
2884
2885
2894
2884
2888
2890
2887
2886
2891
2888
2886
2895
2887
2887
2885
2892
2889
2885
2884
2893
2901
2893
2887
2890
2888
2887
2885
2887
2891
2884
2885
2886
2885
2892
2886
2886
2890
2886
2886
2885
2889
2884
2886
2887
2887
2885
2885
2889
