2896
2914
2876
2895
2884
2880
2884
2880
2886
2880
2886
2890
2885
2883
2894
2880
2885
2883
2886
2878
2880
2878
2881
2879
2903
2882
2887
2883
2886
2891
2880
2884
2881
2880
2891
2879
2881
2880
2885
2884
2884
2885
2881
2886
2880
2879
2881
2884
2887
2886
2881
2879
2885
2879
2885
2889
2886
2888
2889
2885
2883
2883
2887
2890
2890
2881
2881
2882
2885
2882
2892
2891
2882
2881
2881
2876
2887
2876
2880
2877
2886
2880
2880
2875
2882
2876
2880
2881
2881
2887
2887
2891
2884
2881
2887
2880
2883
2881
2888
2884
2879
2885
2884
2885
2879
2892
2893
2886
2885
2885
2885
2885
2883
2882
2880
2879
2881
2890
2884
2880
2879
2885
2885
2884
2879
2886
2880
2886
2878
2879
2880
2881
2883
2882
2882
2881
2878
2880
2885
2879
2879
2882
2885
2896
2885
2885
2888
2891
2883
2882
2875
2883
2877
2884
2878
2882
2875
2882
2876
2890
2876
2882
2876
2880
2876
2880
2876
2885
2878
2891
2887
2886
2880
2887
2880
2880
2881
2880
2890
2882
2880
2889
2890
2889
2886
2883
2885
2882
2879
2881
2882
2885
2880
2880
2887
2879
2887
2880
2892
2890
2887
2885
2879
2880
2886
2888
2882
2881
2879
2879
2879
2894
2882
2887
2885
2880
2886
2885
2890
2878
2880
2880
2888
2878
2883
2878
2891
2875
2884
2875
2884
2909
2936
2883
2886
2881
2881
2879
2879
2879
2880
2891
2884
2885
2880
2886
2879
2887
2884
2886
2884
2881
2892
2881
2901
2879
2881
2897
2916
2886
2885
2885
2886
2888
2886
2880
2880
2880
2881
2888
2887
2914
2883
2884
2879
2879
2879
2883
2880
2882
2883
2884
2889
2879
2876
2887
2875
2880
2875
2880
2874
2886
2875
2879
2875
2882
2873
2885
2876
2881
2875
2883
2877
2878
2880
2885
2875
2880
2875
2879
2877
2882
2885
2879
2879
2878
2885
2886
2884
2882
2879
2883
2885
2885
2885
2886
2887
2883
2879
2883
2887
2886
2887
2877
2888
2879
2884
2886
2884
2880
2887
2881
2886
2888
2880
2890
2879
2883
2879
2879
2888
2885
2884
2884
2885
2882
2879
2879
2886
2880
2887
2881
2880
2880
2879
2878
2882
2878
2880
2887
2884
2876
2885
2876
2885
2875
2887
2875
2882
2875
2885
2874
2888
2875
2887
2874
2885
2875
2885
2875
2878
2877
2879
2878
2880
2876
2882
2876
2882
2878
2912
2895
2875
2879
2874
2884
2875
2883
2876
2886
2877
2879
2874
2883
2884
2893
2886
2884
2879
2879
2885
2881
2885
2882
2879
2879
2880
2877
2903
2903
2886
2883
2885
2888
2880
2890
2885
2886
2888
2880
2885
2881
2884
2892
2881
2890
2880
2886
2899
2894
2885
2886
2880
2885
2880
2880
2881
2876
2879
2881
2887
2888
2885
2880
2887
2881
2885
2885
2885
2881
2879
2883
2883
2874
2880
2876
2885
2875
2884
2876
2887
2874
2890
2874
2882
2874
2882
2875
2879
2875
2885
2875
2885
2874
2885
2875
2883
2875
2888
2906
2885
2885
2885
2880
2879
2887
2884
2885
2881
2885
2878
2880
2881
2885
2889
2879
2883
2886
2879
2880
2886
2885
2889
2884
2887
2884
2885
2880
2894
2888
2878
2881
2878
2886
2880
2885
2889
2887
2880
2886
2879
2879
2887
2882
2883
2882
2884
2879
2890
2883
2879
2885
2878
2885
2884
2889
2879
2886
2880
2884
2876
2886
2881
2883
2875
2880
2875
2886
2881
2885
2876
2891
2876
2879
2875
2885
2875
2879
2876
2884
2874
2881
2875
2881
2875
2883
2875
2883
2883
2880
2885
2882
2878
2885
2881
2888
2880
2884
2880
2878
2884
2882
2880
2885
2885
2879
2883
2879
2887
2891
2886
2877
2885
2886
2885
2885
2887
2888
2885
2880
2885
2884
2879
2893
2880
2879
2881
2879
2884
2881
2885
2878
2881
2878
2885
2879
2880
2884
2886
2884
2886
2883
2879
2876
2878
2877
2883
2880
2879
2875
2883
2875
2880
2881
2890
2876
2879
2875
2886
2875
2879
2876
2880
2875
2877
2875
2887
2875
2886
2877
2884
2875
2883
2875
2889
2884
2888
2883
2884
2884
2882
2886
2884
2886
2880
2899
2881
2890
2886
2887
2894
2879
2911
2880
2880
2890
2886
2879
2882
2889
2879
2886
2879
2887
2879
2879
2879
2885
2879
2879
2880
2879
2880
2886
2881
2879
2883
2884
2880
2886
2884
2885
2882
2879
2881
2881
2879
2885
2881
2880
2884
2879
2885
2879
2885
2879
2879
2878
2879
2882
2878
2885
2884
2883
2878
2883
2881
2879
2886
2885
2886
2880
2882
2879
2875
2879
2876
2882
2874
2880
2875
2889
2880
2879
2874
2882
2877
2879
2874
2885
2876
2887
2875
2880
2874
2888
2886
2889
2885
2883
2879
2887
2880
2885
2885
2881
2890
2888
2885
2878
2887
2880
2884
2885
2878
2897
2880
2886
2881
2886
2881
2892
2884
2884
2886
2885
2886
2891
2885
2879
2886
2879
2879
2879
2892
2879
2885
2884
2881
2877
2887
2883
2885
2880
2888
2883
2885
2881
2927
2887
2881
2884
2881
2885
2883
2888
2877
2887
2877
2878
2881
2886
2878
2887
2894
2881
2882
2879
2878
2885
2875
2881
2875
2879
2874
2885
2883
2886
2874
2886
2875
2892
2874
2886
2875
2891
2875
2881
2875
2889
2879
2880
2887
2882
2885
2881
2879
2885
2886
2883
2884
2884
2885
2878
2885
2892
2889
2878
2879
2880
2885
2884
2879
2881
2879
2879
2879
2881
2881
2880
2886
2884
2885
2884
2883
2883
2886
2890
2886
2883
2891
2885
2880
2883
2884
2881
2881
2889
2886
2880
2885
2875
2883
2893
2884
2880
2883
2877
2880
2881
2878
2878
2879
2886
2879
2881
2888
2884
2883
2879
2880
2884
2904
2874
2879
2874
2879
2876
2882
2880
2887
2878
2891
2874
2878
2875
2881
2874
2879
2874
2885
2875
2881
2875
2881
2876
2881
2876
2878
2878
2878
2883
2879
2878
2886
2884
2883
2886
2878
2884
2883
2886
2881
2886
2879
2881
2878
2881
2880
2887
2880
2878
2882
2884
2886
2885
2881
2886
2890
2886
