3134
2898
3045
2888
2887
2893
2887
2895
2882
2888
2882
3055
3086
2882
2893
2888
2892
3106
2886
2887
2882
2894
3109
3064
2895
2767
3127
3064
2894
2892
2888
2887
3069
2891
3054
2887
2895
2890
2887
2887
2900
2893
2887
2888
2898
2888
2887
3058
2896
2897
2887
2896
2882
3072
2893
2888
2888
2889
3067
2893
2894
2888
2883
2890
2899
2896
2887
2888
2887
2893
2889
2893
2886
2888
2888
3067
3058
2882
2887
2899
2894
2891
2882
2888
2886
3061
3079
2885
2896
2887
2895
2895
2904
2888
3122
2890
2894
2906
2889
2883
2900
3165
3117
3069
2882
2892
2887
2890
2889
2882
2895
2882
3060
3045
2895
3046
2887
3053
2895
2894
3077
3051
3079
3067
2894
2893
2888
2890
3113
2882
2888
2892
2896
2889
3105
2887
2893
2894
2887
2882
2891
2895
2886
2889
2895
2887
2883
2892
2894
2893
3057
2897
2890
2883
2894
2886
3053
2887
2883
2895
2888
3060
2887
2889
2897
2886
3066
2895
2892
2889
2887
3101
2901
2891
2888
3127
3105
2898
2892
2887
2882
2887
2896
2887
3078
2888
3121
3053
2882
2888
2882
3054
2882
2890
3038
2888
2887
2882
2887
3074
3047
2887
2887
2892
2886
2887
2886
2887
2898
2883
2887
3023
2888
3107
2887
2891
3175
2885
2887
2888
2895
2887
2892
3089
2887
2895
2893
2889
2891
2893
2887
2886
3058
3047
3086
2889
2890
3039
2888
2887
3081
2886
2888
2895
2882
2890
2887
2894
3119
2891
2891
2886
3095
2893
2896
2886
2888
3108
2899
2881
2886
2889
2884
2885
2894
3054
3045
2882
2891
3088
2890
2888
2890
2889
2887
2889
2889
2895
2894
2882
2886
2882
3079
2936
2889
3131
2891
2894
2895
2889
2888
2888
2888
2889
2891
2893
2888
2888
2896
2899
2893
2890
2889
3054
2888
2898
2896
2888
2889
2897
3050
2891
2891
2886
2886
2885
2881
2893
2897
2887
2887
2881
3106
2895
2894
3085
2885
2887
2885
2886
2886
3097
2894
2880
2885
2885
3146
2892
2883
2892
2883
2887
2893
2889
2898
3040
2888
2883
2892
3052
2886
2888
2896
2894
2890
3061
3089
2883
2892
2890
2888
2891
2884
2888
2884
3105
2890
3118
2889
2887
2890
2896
2896
2889
2884
3155
2896
2892
2892
2883
2889
2896
2898
2889
2889
3047
2891
2904
2888
3054
3054
2889
2890
2888
3063
3071
2895
3114
2894
2884
3102
2900
2889
2888
2895
2889
2890
2888
2889
2888
2888
3102
2889
2883
2888
2894
2898
3062
2893
2900
2883
3054
2889
2895
3044
2884
3050
2890
3041
3045
3076
2897
2889
2888
3067
2890
2888
2889
2884
2888
2895
3128
2888
2884
3111
3153
2893
3148
2888
2895
2887
2896
2884
3071
3053
2897
2896
3046
2897
3054
2884
2894
3059
3047
2889
3054
2896
2884
2889
2889
2898
2895
2883
2890
3107
2892
2888
2889
2888
2885
2890
2895
2895
2892
2886
2889
2883
2897
2889
3119
2891
2883
2896
2888
2887
3052
2900
2891
2892
2888
3062
3064
2897
2889
2889
2888
2885
3085
2896
2895
2890
3061
2888
2890
3072
2889
2895
3089
2886
2890
2886
2899
2889
2887
2888
2883
2891
2883
2893
2889
2889
2888
2890
2899
2887
3147
2890
2887
2889
2887
2898
2888
3054
3060
2889
2898
2892
2889
2892
2888
2895
3061
2889
2897
2883
2893
2888
2895
2893
2892
2888
2890
3071
2896
2895
2894
2883
3114
2896
2890
2891
2887
3184
2888
2892
2888
2883
2894
2897
2893
2890
2884
3039
2896
2896
2889
2889
3078
2890
2895
2888
2891
2890
2889
2888
2892
2889
2883
2889
2895
2868
3106
2890
2888
2897
2888
2888
3113
2888
2895
2895
3151
2883
2890
2895
2893
2898
3055
2887
2895
2890
2900
2885
3065
2890
2884
2896
2889
2889
2890
2895
3066
2895
2888
2889
3062
2896
2884
2891
2889
2888
2894
2895
2897
3083
2889
2889
2885
3168
2889
2886
2893
2884
2888
2889
3108
2895
2888
2889
2884
2895
2890
2885
3058
2895
2888
2888
2888
2887
2898
2895
3119
2884
2889
2897
2893
2894
2883
2888
2905
2888
2888
2889
3113
3042
2897
2893
2893
2888
2888
2889
3058
2884
3048
2897
2893
3046
2887
2893
2889
3053
3097
2883
2888
2918
2887
2888
3082
2889
2884
2897
2962
2882
2896
2893
2892
3087
2885
2893
3120
2885
3133
2884
2893
2884
2887
2892
2891
2887
2880
2887
2894
3061
2889
3086
2888
2894
2891
2888
2883
2888
2890
2889
2896
2887
2893
2890
2887
2895
2843
2887
2890
3123
2899
2892
2889
2894
3079
2895
2896
2889
2883
3134
3048
2898
2889
2895
3052
2895
2896
2889
2886
2889
3128
2898
2888
2885
2903
3085
3058
2889
2893
3117
2892
2889
2889
2894
2903
2892
2892
3118
2887
2888
2890
2889
3107
2899
2895
2897
2891
3060
2893
2887
3037
2892
2898
3048
2893
2888
3044
2896
2888
3057
2886
2888
2890
2888
2896
2888
2888
2890
2890
2895
2795
2888
2888
2888
3108
2886
2898
2888
2888
2889
2889
2892
2761
2893
2889
2888
2896
3163
2893
3047
2888
2890
3053
2895
3065
2888
2889
2885
3059
3057
2885
2896
2883
3086
3108
2888
2890
2883
2896
2890
2886
2888
2883
2895
3147
2889
2892
3056
2892
3045
2884
2889
2895
3049
2888
2889
2888
2886
2897
2889
2893
2894
2884
2903
3082
2895
2890
2884
2889
2888
2893
2895
2897
2888
2885
2889
2895
3118
2891
2888
2888
2887
2896
2895
2891
3072
2890
2893
3045
2891
2895
2882
2895
3052
2892
2895
2884
3056
2888
2888
2889
2885
2894
2890
2888
2888
2888
2894
3115
2889
2889
2883
2893
3116
2889
2896
2885
2888
2889
2895
2896
2889
2888
2894
2899
2889
2889
2892
2889
2899
2890
2890
2890
3055
2897
2884
2895
3063
2892
2891
2896
2890
2884
2900
2896
3059
2889
3107
2888
2901
2883
2888
3103
2890
2887
2894
2888
2884
2890
2895
2898
2890
2889
2891
2884
2889
2888
2888
2896
3064
2897
2783
2888
2888
3050
3044
2884
