2890
2883
2888
2879
3155
2880
2881
2885
2875
2885
2879
3065
2879
2892
2881
2880
2887
2886
2888
3045
3035
2881
2879
3033
2888
2878
2881
3047
2886
2882
2880
3037
2885
2874
3053
2879
2884
3105
2886
2886
2881
2879
2874
2884
2885
2886
2879
2877
2880
2875
2883
2878
2881
2878
2873
2881
2874
2879
2878
2880
2886
2884
2880
2875
2880
2884
2880
2880
2879
3040
2878
3042
2879
2889
2877
2884
2884
2879
2885
2879
2888
3032
2879
2886
2883
3085
2874
2891
3114
2877
2881
3083
2885
2873
2882
2880
3093
2885
2891
2880
2878
2884
2880
3118
2880
3101
2878
2885
2882
3123
2879
2880
2877
2884
2874
2880
2880
2873
2885
2886
2885
2887
2874
2883
2876
3049
2878
2884
2879
2877
3034
2878
2879
3052
2886
2873
2888
3085
2882
2881
2877
2887
2882
2880
3094
2881
2887
2881
2885
2877
2881
2884
2879
2888
3122
2882
2887
2886
2881
2879
2884
2880
2884
2875
2882
2902
2882
2885
2884
2887
2884
2888
2876
2888
2886
2885
3046
2892
2880
2876
2890
2879
3029
2879
2874
2881
3079
2878
3062
2873
2885
3110
2884
2879
2881
2887
2878
2881
2878
2885
2884
3111
2887
2877
2879
2880
2879
2878
2880
2879
2879
2887
2889
2881
2885
3139
2885
2889
2878
2882
2880
2878
2884
2874
2880
2875
3033
2886
2881
2878
3044
2882
2873
2881
2874
2884
3045
3048
2880
2880
2885
2878
2885
2875
2881
2874
2881
2873
2888
3091
3058
3064
2873
3024
2888
2875
2886
2884
3119
2885
3113
2879
2873
2879
2881
2879
2885
2885
2879
2883
3115
2875
2887
2878
3124
3037
2879
2889
2879
2881
2879
2880
2879
2883
3028
3031
2881
2873
2884
2885
2885
3049
3042
2883
2881
2881
2884
2887
3062
3042
2884
2887
3065
2878
3062
2887
2875
2883
3096
2879
3109
2874
2895
2876
3092
2882
2880
2886
2879
3139
2878
3128
2879
2880
2918
2880
2882
2874
2880
2882
2884
3039
2883
2881
2879
2879
3042
3050
2874
3026
3056
2877
2878
2877
2886
2875
2880
2879
2880
2885
2882
2888
3045
3060
2875
3061
2880
3060
2884
2876
2882
2875
2885
2878
3097
2885
2891
2879
2879
2880
2881
2879
2876
3113
2879
2886
2885
2887
2879
2889
3068
2876
2884
2880
2881
2881
3068
2885
3041
2887
2878
3047
3047
2881
3043
2879
2880
2885
2883
3047
2874
3048
3055
2883
2887
2874
3060
2881
2880
2879
2884
2881
2888
2879
2876
2885
3105
2881
3102
2880
2884
2876
2879
2879
3113
2879
2879
2887
2875
2884
2874
2887
2880
2881
3069
2878
2879
2876
2879
2879
3061
3040
2881
3038
2880
2882
2888
2881
2880
2876
3076
2884
2879
3062
2880
2879
3072
2888
2873
3054
2879
2886
2885
2882
3096
2879
2879
2887
2878
2879
3092
3102
2879
2888
2879
2886
2880
2881
2882
2883
2881
2877
2890
2880
2880
2878
2885
2879
3168
2880
2876
2885
2880
2879
2880
3051
2880
2874
2880
2878
3047
2888
2883
2879
2875
3049
2884
3039
2884
2881
2880
2874
2878
2875
2882
3090
2885
3054
2880
2885
2883
2878
2884
2886
2883
2887
2874
3091
3073
2888
2880
2878
3105
2878
2879
2879
2887
2893
2876
2880
2881
2880
2885
2893
2880
2879
3065
2876
3056
2873
2878
3047
3095
2878
2880
2886
2870
3044
2879
2878
2888
2878
2885
2879
3046
2893
2885
2880
2875
2879
2875
2886
2880
2879
2879
2882
2881
2882
2881
2886
3116
3113
2882
2881
2878
2888
2883
2878
2879
2874
2881
2878
2879
2878
2878
2879
2874
2879
2876
2880
2892
2880
2879
2885
2879
3110
2886
2892
2880
2874
2887
2892
3038
2885
3040
2879
2875
2883
3081
3037
3072
2882
2881
3098
2885
2881
3072
2879
2874
2881
2885
2890
2881
2879
2880
2880
2883
2876
2881
3109
2881
2878
2882
3110
2874
2879
2884
2895
2881
2897
3142
2875
3127
2884
2880
2888
2879
2886
2876
3034
2878
3056
2885
2874
2879
2889
2885
3052
2875
2881
2874
2885
3077
3045
2878
2873
2885
2874
2884
3098
3071
2885
2893
2879
2874
2878
2886
2880
2882
3100
2878
2875
3118
2879
2880
2887
2886
2880
2875
3127
2878
2882
2881
3133
2884
2873
2888
3045
3043
2886
2875
2884
2879
3044
2885
3040
2892
2875
2880
2874
2884
2874
2879
3061
3046
2891
2880
2884
2881
2882
3104
3066
2886
2883
3113
2880
2890
2895
2880
3128
2878
2885
2875
2881
2879
3095
2879
2888
2880
2881
3128
2883
2886
2880
3129
2878
3126
2884
2882
2879
2881
2875
2889
2880
2882
2879
2888
2886
2882
2881
2879
2883
3071
2879
2879
2873
2885
2880
3069
2879
3053
2886
2874
3115
2885
3096
2881
2888
3130
2875
3143
2879
2885
2885
2885
2879
2880
2879
2894
2881
2879
2883
2874
3093
2879
2879
3056
2875
2881
3042
2890
2886
2884
2887
2880
2880
2886
2879
3052
2880
2881
2880
3051
2884
2876
3063
2879
3056
2885
2874
2882
2878
3090
2878
2894
3141
2877
2879
2875
2883
2888
2889
2880
3105
2882
2882
2879
2880
2887
2880
2880
2886
2876
2883
2879
2880
2880
2885
2879
2880
3034
2876
2887
3064
2880
3050
2879
2884
2887
2882
3038
3083
2887
2879
2884
2880
3067
3056
2882
3108
2875
3067
2879
3079
2887
2886
2888
3079
2881
2885
2885
2883
2882
2881
2879
2888
2876
2878
2880
3084
2879
2884
3054
2874
2882
2878
2880
2884
2889
2885
2876
3046
2885
2880
2887
2882
2889
2876
2886
2879
2881
2879
2875
3064
2884
2880
2880
2880
2885
2874
2882
3096
2881
2878
2888
2890
2884
2879
2874
2886
3149
2880
2879
2886
3117
2880
2888
2874
3109
2884
2886
3055
2876
3062
2880
3070
2884
2875
2883
2878
2886
3083
3048
2881
2881
3072
3057
3042
2887
2878
3062
2876
3055
2887
2884
2880
2877
2885
2874
2883
2880
2882
3102
2880
2882
2877
3101
2885
3108
2886
2874
3148
3060
3111
2887
2878
2879
2874
2879
2877
