3012
2946
2935
2941
2931
2931
2941
2935
2947
2946
2939
2929
2939
2933
2936
2931
2936
2939
2942
2940
2937
2939
2941
2951
2943
2949
2939
2935
2946
2943
2938
2936
2942
2936
2936
2937
2937
2942
2938
2935
2937
2939
2935
2941
2936
2933
2934
2938
2936
2943
2937
2942
2937
2941
2937
2941
2935
2942
2935
2937
2942
2940
2942
2940
2935
2932
2934
2936
2936
2933
2939
2975
2936
2944
2953
2942
2938
2932
2938
2936
2929
2943
2934
2939
2937
2944
2934
2936
2936
2947
2940
2938
2938
2940
2938
2941
2944
2939
2936
2935
2939
2941
2937
2948
2934
2936
2937
2935
2946
2930
2938
2942
2939
2930
2940
2933
2944
2932
2937
2945
2937
2937
2936
2945
2938
2935
2944
2939
2938
2937
2934
2939
2938
2935
2940
2936
2938
2937
2934
2942
2944
2944
2936
2950
2942
2946
2939
2936
2944
2938
2941
2936
2939
2941
2939
2937
2947
2947
2935
2944
2937
2942
2936
2940
2944
2942
2937
2940
2934
2941
2937
2937
2931
2942
2932
2932
2933
2936
2941
2935
2935
2943
2933
2942
2949
2939
2936
2942
2938
2941
2943
2941
2941
2937
2935
2936
2937
2940
2942
2936
2941
2940
2941
2941
2936
2935
2936
2939
2937
2935
2937
2930
2938
2932
2935
2927
2932
2935
2948
2946
2935
2937
2939
2943
2935
2935
2938
2943
2941
2939
2945
2936
2938
2939
2936
2941
2937
2934
2941
2934
2937
2944
2941
2942
2936
2940
2932
2939
2934
2943
2932
2937
2930
2939
2932
2934
2943
2940
2936
2937
2939
2937
2941
2940
2938
2939
2933
2950
2940
2941
2939
2936
2937
2939
2951
2937
2939
2943
2938
2934
2936
2941
2944
2938
2939
2936
2942
2938
2937
2928
2939
2933
2942
2931
2934
2936
2949
2940
2942
2938
2936
2940
2944
2940
2943
2934
2939
2945
2942
2941
2938
2938
2933
2936
2939
2945
2931
2942
2940
2938
2935
2936
2936
2943
2935
2934
2934
2941
2935
2936
2934
2937
2932
2946
2938
2939
2940
2939
2935
2937
2936
2942
2936
2940
2936
2935
2949
2937
2944
2934
2939
2940
2935
2935
2943
2932
2940
2939
2936
2947
2941
2941
2940
2935
2933
2937
2934
2931
2941
2927
2935
2930
2936
2932
2934
2934
2935
2933
2932
2939
2937
2939
2939
2937
2937
2948
2936
2936
2935
2936
2933
2932
2948
2935
2939
2939
2939
2943
2937
2936
2939
2935
2933
2936
2930
2935
2933
2943
2934
2936
2933
2944
2937
2933
2935
2940
2937
2939
2939
2939
2940
2939
2939
2937
2939
2940
2947
2939
2944
2953
2948
2948
2942
2936
2935
2942
2934
2940
2936
2941
2942
2945
2940
2941
2939
2944
2936
2944
2937
2932
2940
2943
2946
2940
2937
2931
2938
2928
2950
2929
2940
2930
2939
2932
2940
2936
2942
2938
2941
2940
2941
2936
2942
2931
2938
2937
2943
2936
2941
2937
2947
2942
2938
2937
2936
2948
2937
2938
2939
2937
2937
2944
2938
2938
2938
2937
2929
2936
2930
2937
2942
2941
2933
2931
2927
2939
2930
2941
2938
2951
2935
2936
2938
2934
2939
2959
2939
2937
2950
2944
2942
2941
2950
2941
2938
2937
2934
2938
2943
2934
2941
2942
2938
2938
2939
2937
2939
2935
2934
2938
2942
2935
2947
2937
2937
2938
2935
2933
2943
2931
2939
2937
2939
2939
2930
2937
2940
2938
2937
2936
2941
2938
2940
2944
2939
2936
2939
2934
2946
2938
2937
2938
2940
2940
2948
2940
2936
2944
2936
2935
2935
2938
2940
2937
2940
2944
2935
2937
2937
2945
2939
2937
2940
2939
2936
2934
2938
2940
2931
2938
2938
2960
2943
2940
2942
2938
2937
2938
2935
2941
2938
2938
2939
2940
2934
2937
2935
2942
2935
2943
2938
2941
2942
2941
2942
2951
2938
2938
2936
2942
2941
2939
2948
2945
2950
2942
2943
2937
2941
2942
2939
2943
2944
2942
2951
2939
2945
2935
2942
2939
2943
2941
2939
2943
2942
2941
2941
2931
2943
2939
2941
2936
2940
2935
2940
2945
2940
2934
2937
2941
2954
2944
2942
2946
2941
2948
2957
2943
2940
2936
2935
2936
2943
2939
2945
2940
2945
2952
2940
2939
2957
2938
2936
2944
2945
2939
2940
2944
2940
2940
2940
2940
2940
2947
2942
2939
2936
2935
2936
2938
2938
2948
2937
2945
2940
2946
2937
2939
2935
2948
2935
2946
2928
2944
2936
2939
2936
2943
2940
2946
2937
2939
2937
2943
2939
2949
2939
2943
2939
2938
2934
2943
2935
2946
2939
2941
2940
2939
2942
2944
2941
2958
2945
2938
2941
2938
2941
2935
2942
2947
2945
2942
2939
2941
2939
2943
2940
2940
2954
2935
2942
2935
2949
2960
2943
2946
2939
2934
2945
2940
2949
2944
2936
2931
2935
2934
2943
2934
2940
2938
2944
2941
2944
2935
2938
2944
2941
2942
2939
2951
2936
2943
2941
2945
2939
2946
2941
2941
2942
2950
2941
2939
2943
2941
2935
2936
2938
2943
2935
2937
2941
2944
2943
2948
2939
2940
2936
2947
2943
2944
2941
2943
2938
2947
2940
2942
2936
2937
2943
2937
2935
2944
2933
2945
2933
2945
2938
2937
2938
2949
2935
2943
2936
2940
2940
2941
2944
2939
2941
2941
2932
2938
2940
2944
2941
2945
2943
2939
2939
2944
2933
2940
2944
2943
2937
2938
2936
2936
2953
2943
2940
2941
2946
2942
2958
2945
2939
2936
2935
2935
2936
2943
2943
2938
2945
2943
2937
2936
2940
2944
2942
2936
2940
2935
2944
2931
2938
2938
2936
2933
2939
2942
2946
2938
2939
2939
2942
2940
2937
2943
2937
2934
2940
2938
2951
2940
2942
2934
2938
2939
2946
2956
2938
2941
2945
2938
2944
2941
2947
2943
2943
2943
2932
2938
2953
2939
2935
2936
2941
2941
2936
2946
2936
2939
2949
2942
2929
2944
2941
2946
2937
2952
2928
2940
2934
2939
2934
2940
2931
2936
2943
2939
2950
2945
2936
2936
2941
2943
2940
2943
2950
2939
2943
2940
2943
2937
2939
2942
2939
2945
2947
2941
2942
2948
2940
2937
2940
2942
2940
2940
