2919
2900
2889
2886
2887
2886
2893
2888
2896
2887
2885
2888
2884
3052
3090
2889
2882
2894
2879
3053
3048
2883
2883
2882
3061
2878
2886
2890
2892
2883
3055
2890
2887
2885
2884
3050
2880
2892
3071
3051
3060
2883
2883
2881
3064
2887
3062
2891
2883
2888
2885
2893
3124
2886
2884
2884
2883
2882
2885
2878
2893
2884
2884
3175
2883
2884
3120
2888
2882
2884
2883
2889
2879
2887
2894
2884
2884
2879
2888
3055
2888
2891
2887
2885
3080
2887
2889
2884
2886
2884
2884
2885
2887
2884
3073
2885
3077
2891
2890
2886
2888
3048
3089
2889
2887
2895
2886
3073
2885
2880
3099
2890
2889
2893
2892
3114
2884
2888
2889
2886
2890
2885
2886
2885
2886
3108
2887
2884
2887
2881
2889
3058
2890
2898
2898
2891
2890
2891
2886
3077
2884
2888
2892
2888
2890
2890
2889
2886
2889
2884
2884
2888
3050
2885
2883
3050
2880
2889
3039
2891
2884
2886
2886
2889
2885
3061
3073
2888
3073
2888
2888
2891
2890
2886
2880
2887
2881
2888
2889
2896
3115
2885
2888
3091
2890
3188
2891
2889
2884
2899
2887
2889
3095
2888
2888
2884
2889
2894
3112
3059
2888
2888
2884
2889
2901
2894
2888
2888
2895
2890
2888
2891
2898
2889
3056
3054
2886
2888
2888
2884
2889
3092
2897
3096
2889
3083
3052
2888
2883
2889
2885
3091
2887
2887
2897
3094
3125
3085
3098
2890
2891
2890
2885
3115
2885
3118
2884
2894
2887
3110
2889
2894
3103
2880
2889
2884
2884
2892
2891
3133
3113
2884
2886
2885
2887
2886
2880
3110
2884
3131
3041
2885
3056
2883
3054
2889
2892
2890
2887
2885
2880
3040
2885
2898
2892
2887
2885
2893
2889
2889
2889
3081
2895
2895
2883
2888
2886
3078
2885
2887
2890
2885
2886
2884
2886
3109
2883
2884
2893
3115
2888
2888
3131
2884
2885
2887
2885
2889
3146
2881
2889
2884
3136
2889
2884
2894
2899
2887
3047
2887
2893
2889
3037
2887
2885
2885
2885
2886
2885
2894
2881
2884
2890
2895
2890
2889
2888
3049
2885
2880
2889
2891
2891
2883
2887
2884
3104
2886
2888
2890
3093
2886
3142
3107
3136
2892
3136
2885
2889
3151
2885
2888
2888
3136
2888
2887
2885
2891
2888
2885
3049
2885
2887
2886
2885
2885
2887
2892
2887
2888
3046
2889
2893
3052
2884
3051
2888
3044
2886
3041
2887
2880
2885
2884
2884
2884
2886
3079
2887
2884
2881
3074
2887
2888
3109
2881
2886
3164
2893
3114
2883
2889
3135
2898
3148
2898
2888
2885
2883
2885
2889
3047
2895
2884
2898
3044
2892
2893
3152
2884
2885
3027
2884
3048
2888
3045
2890
2886
2890
2884
2893
2883
2890
2894
2891
2888
3052
3059
2893
2889
3041
2889
2886
3056
2886
2891
2894
2884
3061
2882
2889
2884
2889
2888
2885
2888
2893
2886
2892
2892
2884
3117
2886
3094
2887
2885
2891
3122
3116
2895
3133
2886
2885
2886
2881
2887
3061
2888
3061
2896
2888
2888
2891
2886
3058
3044
2881
2887
2885
3049
3066
2890
3062
3048
2891
3049
2894
2880
2886
2886
2888
3062
2888
2886
2885
2889
3077
2888
3102
2885
2889
2881
2889
2887
2886
2886
2885
2886
2886
2887
2885
3118
2888
2885
2886
2885
2890
2888
2891
2902
3167
3064
2889
2886
3149
3064
2886
2900
2881
3054
3049
2890
2885
3063
3047
2900
3039
2897
3053
2890
3036
2895
2881
3039
3063
2885
2888
2884
2888
3074
3061
2881
3068
3110
2890
2890
3105
2898
3120
2888
2886
2881
3125
3139
2887
2887
3139
2888
2884
2889
2889
2888
2885
2889
2893
2896
3073
2888
2886
2881
3075
2886
2892
3053
2886
2890
2895
2886
2889
2894
2888
2890
2895
3042
3044
2889
3050
2883
2887
2885
2885
3080
2883
2892
2883
2891
2884
2891
2886
2891
2890
2890
3108
3075
3118
2880
2886
3106
2885
2888
2885
2889
3113
2890
2884
2890
2880
3119
2885
3112
3188
2880
2890
3080
2895
3078
2885
3087
2880
2890
2894
2890
2891
2886
3056
2880
3047
2891
2886
2889
2893
3061
3088
2887
2885
2885
2887
2881
2888
2886
2884
2885
2885
2885
2884
3106
2888
2889
2889
3103
2886
2882
2887
2884
2889
3108
3112
2889
3101
3198
2892
2888
2893
3203
2888
2888
3142
2892
2890
2895
2881
2889
2886
2885
2881
2890
2889
2885
2889
2884
2889
2888
2889
2886
2887
2888
2888
2891
2885
2887
2881
3083
2886
3053
2889
2889
2886
2886
2883
2885
3102
3122
2889
2889
2887
3122
2885
2886
2887
2886
2887
3109
3114
3130
2888
2893
2887
2888
3118
2888
2886
2885
2887
2885
2890
2892
3065
2889
2887
2885
2885
2889
2890
2889
2888
2889
2889
2888
3056
2885
2890
3076
2892
2888
3074
2888
2882
2888
3108
2891
2888
2888
2884
2881
3110
2888
2885
2891
2889
3151
2892
2891
2880
2886
2887
3139
2901
2888
2884
3133
2894
2889
3128
2886
2888
2885
2892
2890
2884
3038
2893
2888
2892
2890
3045
2882
3040
2889
2883
3061
2883
3052
2888
2890
2885
2886
2889
3085
2896
2889
2889
2889
2886
3097
2884
3121
2886
2888
3143
2887
3112
2887
2890
2893
2888
3125
2887
2884
3140
3146
2889
2897
2885
2886
2886
2885
2888
2891
2889
2889
2889
2885
2895
2890
2882
2886
2884
3044
3064
2887
3053
2887
2891
3074
2889
2885
3056
2887
3062
2889
2883
2890
2888
2892
2893
3076
3123
2883
2886
2889
2894
2892
2887
3151
2882
2885
2880
2890
2888
2888
3120
2889
2891
2886
3129
2887
3143
2885
2887
2886
2885
3048
2883
2894
2885
2888
2892
2887
3039
2884
2890
2885
3036
2885
2886
2893
3051
2893
3050
2895
2884
2887
3085
2890
3070
2886
2888
2886
2895
2882
3058
3119
2886
2886
2879
3117
2885
2884
3117
3075
2887
2887
2891
3159
3163
3130
2885
2886
2892
3136
2884
3132
2888
3128
2893
3068
3057
2881
2884
2885
3034
2887
3045
3052
2898
2887
3058
3040
2888
3053
