1480
1485
1472
1484
1473
1470
1476
1471
1471
1481
1470
1483
1471
1470
1483
1471
1474
1478
1471
1477
1470
1471
1485
1470
1470
1474
1471
1484
1472
1470
1480
1470
1473
1481
1470
1483
1480
1471
1476
1472
1470
1474
1471
1484
1475
1471
1476
1475
1471
1485
1471
1483
1478
1473
1488
1473
1471
1476
1471
1475
1482
1471
1482
1470
1474
1473
1470
1482
1475
1473
1475
1471
1470
1481
1470
1473
1481
1470
1476
1471
1470
1479
1470
1472
1481
1470
1481
1472
1470
1483
1470
1471
1480
1471
1483
1473
1469
1475
1472
1470
1481
1476
1480
1476
1472
1474
1472
1477
1482
1471
1482
1474
1469
1481
1471
1477
1475
1470
1474
1475
1473
1481
1471
1479
1475
1470
1483
1472
1470
1476
1472
1471
1480
1478
1483
1473
1470
1481
1472
1472
1478
1469
1475
1471
1470
1482
1473
1471
1483
1471
1475
1474
1470
1475
1470
1469
1481
1473
1481
1474
1471
1482
1471
1472
1477
1472
1474
1480
1472
1482
1471
1470
1476
1470
1481
1474
1473
1476
1473
1470
1481
1470
1480
1482
1476
1474
1472
1470
1475
1470
1471
1482
1472
1482
1470
1471
1481
1470
1469
1476
1471
1476
1471
1478
1484
1470
1470
1476
1471
1482
1476
1475
1475
1475
1472
1483
1470
1481
1471
1471
1485
1473
1469
1475
1475
1474
1483
1471
1485
1477
1472
1475
1472
1481
1474
1471
1475
1476
1471
1481
1470
1481
1479
1470
1476
1472
1473
1476
1472
1479
1483
1472
1480
1474
1470
1483
1471
1481
1476
1470
1475
1471
1471
1483
1472
1479
1481
1470
1484
1471
1473
1477
1471
1473
1480
1472
1484
1472
1478
1481
1471
1472
1484
1474
1483
1471
1471
1487
1472
1470
1480
1472
1476
1471
1475
1486
1470
1470
1477
1471
1484
1471
1472
1478
1471
1469
1484
1472
1483
1474
1471
1485
1473
1470
1475
1471
1476
1481
1473
1488
1474
1472
1484
1471
1484
1471
1473
1476
1472
1474
1476
1473
1479
1480
1471
1484
1472
1475
1482
1472
1474
1476
1473
1476
1471
1471
1485
1471
1480
1479
1472
1482
1473
1472
1477
1472
1476
1480
1473
1483
1476
1475
1481
1470
1475
1475
1472
1475
1472
1476
1484
1471
1470
1477
1471
1481
1471
1476
1477
1470
1470
1484
1472
1485
1479
1470
1476
1471
1471
1477
1473
1475
1470
1472
1483
1473
1470
1480
1472
1489
1472
1476
1483
1470
1471
1478
1475
1475
1479
1472
1485
1478
1471
1476
1471
1487
1475
1471
1477
1471
1470
1483
1471
1486
1481
1472
1477
1470
1471
1475
1471
1487
1487
1476
1482
1472
1471
1483
1472
1478
1477
1472
1478
1472
1471
1483
1471
1485
1478
1470
1475
1479
1473
1482
1471
1481
1480
1471
1475
1472
1472
1476
1478
1472
1483
1471
1482
1472
1472
1482
1473
1471
1484
1471
1486
1472
1472
1482
1473
1472
1476
1474
1474
1470
1473
1481
1472
1472
1475
1476
1488
1475
1472
1483
1472
1471
1481
1472
1485
1471
1472
1476
1473
1472
1483
1471
1483
1472
1474
1474
1472
1474
1476
1475
1475
1471
1473
1480
1477
1470
1490
1470
1477
1471
1469
1481
1475
1485
1487
1473
1477
1472
1471
1477
1471
1484
1474
1477
1476
1470
1471
1483
1471
1481
1476
1472
1484
1472
1472
1475
1471
1475
1485
1472
1483
1471
1471
1475
1472
1471
1475
1472
1476
1473
1476
1480
1470
1469
1482
1473
1474
1471
1471
1474
1477
1473
1482
1472
1480
1474
1470
1485
1480
1471
1483
1472
1481
1471
1472
1474
1472
1474
1479
1472
1480
1472
1472
1485
1472
1469
1475
1471
1477
1478
1472
1481
1472
1470
1474
1474
1483
1475
1473
1478
1472
1472
1480
1472
1482
1484
1475
1474
1470
1470
1474
1470
1473
1479
1475
1481
1472
1472
1480
1470
1469
1475
1472
1475
1471
1470
1483
1473
1470
1481
1477
1481
1474
1470
1474
1472
1469
1485
1471
1484
1470
1472
1484
1472
1470
1475
1471
1481
1470
1471
1478
1471
1470
1481
1471
1477
1469
1475
1482
1473
1472
1480
1470
1476
1477
1474
1483
1471
1473
1475
1473
1483
1479
1470
1477
1470
1474
1489
1472
1484
1476
1474
1479
1470
1469
1474
1473
1477
1484
1470
1482
1470
1471
1480
1470
1479
1475
1469
1484
1471
1470
1483
1473
1470
1476
1473
1479
1471
1473
1480
1470
1470
1474
1474
1485
1471
1471
1475
1473
1471
1479
1472
1483
1469
1470
1480
1471
1473
1475
1472
1474
1474
1473
1481
1478
1474
1482
1471
1481
1479
1471
1477
1474
1471
1486
1472
1483
1478
1475
1480
1471
1472
1473
1469
1484
1476
1471
1475
1472
1470
1486
1471
1481
1476
1478
1484
1473
1472
1475
1473
1475
1482
1471
1483
1471
1474
1482
1472
1470
1476
1471
1474
1469
1472
1480
1471
1470
1481
1470
1482
1470
1471
1474
1470
1470
1482
1471
1482
1471
1470
1482
1471
1471
1481
1478
1485
1472
1474
1480
1470
1469
1481
1473
1482
1473
1474
1508
1472
1486
1470
1484
1472
1472
1474
1470
1473
1481
1470
1483
1477
1473
1480
1474
1483
1474
1475
1490
1472
1471
1475
1470
1470
1481
1472
1478
1469
1471
1479
1475
1470
1480
1472
1490
1471
1481
1474
1475
1469
1475
1473
1477
1470
1471
1488
1473
1469
1479
1470
1483
1473
1470
1475
1470
1469
1488
1476
1486
1471
1474
1475
1475
1471
1480
1470
1483
1469
1474
1482
1471
1474
1483
1472
1482
1473
1472
1481
1475
1470
1480
1471
1475
1480
1472
1480
1472
1470
1478
1471
1485
1480
1471
1480
1471
1473
1482
1471
1481
1480
1472
1482
1471
1473
1480
1476
1480
1486
1474
1481
1470
1472
1474
1470
1474
1470
1471
1484
1470
1469
1475
1473
1481
1471
1470
1474
1472
1472
1482
1473
1481
1478
1473
1480
1472
1471
1473
1472
1474
1479
1470
1482
1474
1469
1480
1474
1479
1479
1473
1474
1477
1475
1482
1471
1482
1480
1471
1479
1471
1470
1477
1469
1473
1480
1470
1482
1476
1470
