2892
2887
3155
2879
2886
2886
2887
2880
2885
2882
2880
2887
2954
2881
2883
2879
3046
2886
2883
2875
2888
3049
2891
3036
2894
2891
2880
3042
3045
3076
2886
2881
2881
2890
3049
2876
2885
2880
3059
2885
2881
3097
2881
3097
3138
2879
2896
2885
2892
2885
2877
2894
2879
3183
2886
3078
2896
2891
3095
2882
3053
2887
2889
2894
2886
3035
2884
2882
2892
2879
3046
2882
3056
2883
2889
2887
2876
3065
2898
2889
3109
2882
2882
2890
2885
2886
2885
3116
2881
2888
2885
3102
3107
2878
2883
2884
2890
2885
2879
2883
2877
3075
2881
2884
2888
2882
2884
3082
2882
2877
2890
3039
2884
2882
2881
2884
2882
3051
3093
2878
2892
2878
2882
2883
3097
2887
3081
2887
2877
2882
2890
2889
2887
2883
2890
3169
3102
3110
2880
3195
2882
2883
2971
2879
2891
2883
2890
2889
3111
2888
2877
3046
2888
2886
2882
2876
3048
2888
2887
2889
2886
2882
2886
2889
2882
2884
3106
2877
2893
3100
2885
3097
3342
2886
2883
3104
2883
2886
2885
2878
2885
3104
3094
2888
2884
2882
2881
3129
2896
2887
2882
2877
3049
2883
2889
2886
2878
2883
2877
2882
2888
2890
3087
3045
2887
2878
2882
2883
3059
3077
2883
2898
3046
2885
2883
2882
2885
2886
2881
2880
2880
2874
2881
2882
3105
2885
2880
2879
2890
3130
2876
2885
2888
2884
3096
2886
2885
2879
2887
2882
2883
2885
3120
2886
2882
2883
3035
3047
2882
2879
2891
2892
2888
2881
3051
2884
2879
2889
2883
3065
3065
2882
3095
2877
2882
2882
3076
2883
3074
2892
2880
2881
2883
3102
2887
2885
3124
2877
3094
2894
3126
2883
3131
2882
3102
2889
3040
2882
3040
3132
2888
2876
2883
2882
2881
2882
2878
2881
3052
2888
2885
2876
2892
2876
2882
2876
2883
2895
2888
2883
2891
2881
2883
2888
2886
2881
2881
2886
2884
2889
2891
2883
3046
2882
3049
2885
2889
2883
2877
2883
2886
2888
3090
2880
3101
2888
2891
2882
2882
2888
2877
3135
2891
2884
2884
2879
2890
2883
2885
2882
2884
2891
2883
2890
2883
2900
2893
3048
2883
2878
3048
2890
2889
2884
3047
3062
3063
2893
3058
3056
2883
2879
2887
3106
3083
3094
2880
2887
2877
2886
2881
2883
2889
2884
2892
3094
2884
2881
2883
2892
2885
2889
2878
3118
2882
2883
2890
2881
3048
3053
2882
2892
3040
2883
2882
2890
3061
2884
2886
2879
3054
2883
2886
2884
3054
2883
2878
2883
2883
2883
2894
2887
3094
2880
2883
2877
2883
2882
2878
3117
3082
2888
2883
2882
3098
2876
2880
2883
2884
2882
2877
2889
2884
2886
2884
2877
2885
3019
2883
3090
2881
2888
3058
2882
2885
2877
2888
2883
2882
2882
2881
2893
2888
3079
3130
2876
2887
2886
2893
2893
2883
3082
2878
2883
2884
3132
3064
2891
2897
2882
2882
2886
2877
2886
2882
2882
2884
2885
2890
2890
3039
2883
2882
2890
2877
2884
2882
3070
2890
2885
2889
2879
2883
3090
2888
2882
2878
2885
2882
2889
2883
2885
2881
2894
3174
2883
2882
3061
2888
2885
2884
2883
2885
2878
2894
3039
2883
2882
2877
2889
2885
2883
2888
3085
2892
2896
3059
2883
3050
2890
2879
2888
3108
3089
2882
2881
2885
2887
2884
2889
2891
2887
2884
2892
2884
2883
2851
3119
3088
2882
2883
2879
3078
2882
2883
2890
2890
3049
2882
2883
2889
2887
2885
3074
2884
3069
2746
2884
3089
2883
2890
2884
2882
2883
3093
2889
2896
2882
2887
2884
2893
2884
2883
2878
2884
2890
2888
2882
2883
2883
2891
2889
2892
2883
2887
2882
3053
2896
2877
2883
2887
2883
2891
2877
2885
2884
3078
2888
2877
2898
2878
2884
2892
2885
2883
2883
3101
3172
2884
2890
2880
2886
2890
2884
2883
2883
3092
2883
2896
3038
2885
3039
2895
2896
2784
2883
3050
2881
2890
3042
2883
2882
2889
2889
2881
3088
2882
2883
2894
2889
3105
2885
3073
3112
2889
3128
2891
2885
2889
2881
2883
2882
2884
2877
2883
2889
2881
2884
2877
2888
2880
2881
3054
2885
2889
3154
2884
2880
2883
2891
2883
2883
2880
2886
2894
2891
3053
2884
2887
2896
2897
2886
3050
3069
2934
2892
3102
2881
3105
2876
2887
2884
2885
2883
2876
2884
3140
2882
3142
2885
3111
2889
2885
2889
2879
3039
2888
2882
2881
2887
3049
2887
3039
2883
2884
3057
2883
2890
2878
2883
3069
2884
2891
2877
2884
2882
2883
2891
2884
2884
2877
2888
2893
2882
2884
2884
3075
3145
2888
3152
2882
3151
2890
2878
2885
2879
2885
2889
2882
2884
2882
3052
2877
2892
3065
2882
2883
2888
2892
3115
2881
2882
2889
2889
2883
2876
2883
2884
2887
3039
2886
3096
3079
2888
2881
2883
3141
2882
2883
2878
2885
2893
2883
3047
3144
2882
2891
2884
3054
2877
2892
2882
2884
2883
2885
2888
2891
2884
3062
2884
3079
2882
3078
2947
2883
3106
2886
3109
3109
2882
2889
2882
3112
3141
2877
2892
2883
2881
2882
2877
2887
2882
3044
2888
2888
2882
2890
2883
2901
2889
2882
2882
2888
2890
2887
3081
2876
2891
2881
2889
3109
2883
3096
2891
2880
3123
2885
3107
2889
2885
2883
2878
2887
2887
2887
2882
2888
3048
2883
2892
2882
2894
2884
2888
2891
2883
2891
2890
2891
2883
2890
2887
2882
2883
2889
2894
3070
2887
3071
2894
2877
3092
3115
2882
2884
2680
3112
2883
2887
2882
2890
2883
2882
2881
2894
2883
3051
2885
2886
2895
3054
2883
2876
3058
2886
2890
2881
3052
2889
2883
3059
2882
2883
2888
2882
2882
2883
2884
2894
2881
2884
3076
3105
3064
2884
2891
2817
2881
3084
2885
2882
2885
3144
2876
3061
2887
2879
2881
2880
2882
2886
2887
2882
3070
2893
2892
2884
2879
2883
2882
2893
3084
3064
2880
2887
2880
2882
3077
3069
2887
2886
2880
3075
3096
2889
2880
2887
2877
2880
2887
2880
2880
2879
2884
3041
2881
2881
2877
2881
3040
