3015
2958
2967
2959
2961
2959
2961
2959
2968
2976
2958
2956
2960
2963
2964
2967
2961
2956
2957
2958
2965
2960
2964
2958
2966
2958
2959
2961
2976
3027
2975
2953
2968
2953
2965
2955
2962
2952
2959
2959
2966
2953
2966
2954
2958
2957
2959
2952
2958
2957
2959
2953
2958
2952
2958
2953
2958
2954
2958
2954
2961
2953
2993
2955
2962
2953
2959
2954
2970
2954
2960
2958
2996
2984
2969
2958
2959
2965
2962
2964
2964
2958
2959
2964
2958
2957
2957
2958
2963
2958
2963
2956
2958
2963
2967
2964
2958
2957
2965
2958
2978
2962
2958
2958
2959
2961
2958
2962
2973
2957
2958
2956
2958
2967
2978
3054
2968
2965
2966
2965
2974
2958
2960
2959
2959
2958
2971
2959
2958
2959
2959
2963
2970
2960
2959
2957
2967
2962
2971
2956
2960
2966
2964
2957
2958
2958
2958
2958
2970
2959
2965
2959
2959
2957
2961
2958
2965
3026
2968
2982
2970
2961
2958
2968
2974
2959
2959
2958
2957
2968
2972
2958
2960
2958
2985
2964
2965
2961
2959
2962
2958
2965
2963
2958
2964
2958
2958
2981
2957
2960
2959
2959
2957
2964
2965
2959
2959
2964
2958
2959
2971
3002
2955
2968
2953
2958
2952
2960
2953
2958
2958
2963
2953
2959
2953
2964
2952
2960
2953
2958
2954
2962
2956
2959
2952
2963
2953
2958
2953
2960
2952
2967
2953
2959
2953
2959
2953
2957
2953
2957
2953
2969
2963
2958
2958
2957
2953
2958
2954
2957
2953
2961
2953
2965
2953
2958
2953
2959
2952
2958
2959
2960
2955
2958
2967
2958
2959
2963
2960
2959
2954
2957
2955
2963
2960
2961
2958
2958
2956
2966
2962
2959
2956
2958
2956
2973
3014
2974
2960
2969
2953
2963
2952
2958
2952
2957
2953
2965
2953
2958
2953
2963
2952
2958
2961
2959
2954
2967
2953
2959
2952
2958
2959
2964
2952
2960
2953
2964
2954
2957
2952
2958
2953
2972
2953
2958
2954
2959
2963
2962
2957
2960
2953
2962
2956
2965
2953
2963
2958
2962
2954
2968
2952
2960
2953
2958
2953
2958
2953
2962
2962
2965
2955
2958
2954
2963
2954
2960
2956
2966
2958
2962
2957
2962
2959
2964
2958
2962
2959
2964
2960
2975
2956
2959
2962
2959
2959
2957
2958
2960
2957
2961
2964
2958
2961
2960
2967
2958
2958
2963
2959
2959
2960
2964
2959
2963
2959
2959
2962
2965
2959
2959
2959
2962
2964
2964
2957
2958
2957
2967
2957
2960
2962
2966
2991
3000
2967
2980
2959
2959
2954
2969
2953
2959
2961
2965
2955
2960
2953
2967
2953
2973
2958
2961
2955
2960
2954
2958
2953
2958
2951
2958
2954
2963
2953
2958
2952
2962
2953
2964
2952
2959
2952
2961
2954
2962
2953
2979
3058
2963
2960
2961
2958
2959
2958
2958
2967
2960
2959
2958
2959
2959
2963
2965
2964
2962
2959
2966
2957
2958
2960
2963
2958
2956
2963
2964
2957
2960
2958
2957
2964
2965
2966
2960
2958
2959
2963
2969
2960
2964
3038
2974
2963
2963
2959
2957
2965
2961
2958
2962
2963
2970
2963
2961
2961
2958
2963
2960
2962
2958
2957
2957
2965
2959
2957
2967
2964
2964
2957
2959
2959
2961
2964
2963
2958
2958
2958
2961
2958
2959
2958
2967
2963
2970
2961
2963
2961
2961
2959
2959
2959
2958
2962
2965
2965
2960
2959
2960
2959
2957
2962
2962
2962
2959
2959
2962
2957
2961
2957
2961
2958
2960
2959
2969
2957
2958
2960
2976
2957
2959
2961
2959
2964
2970
2958
2962
2960
2963
2965
2963
2960
2962
2959
2965
2963
2960
2960
2957
2958
2961
2965
2959
2964
2970
2964
2962
2959
2967
2958
2958
2964
2959
2958
2956
2958
2966
2970
2968
2968
2971
2958
2957
2957
2956
2965
2966
2961
2961
2983
3025
2968
2968
3004
2983
3078
2991
2961
2959
2960
2962
2965
2960
2956
2959
2960
2959
2963
2959
2970
2963
2965
2963
2960
2959
2958
2964
2965
2964
2958
2961
2963
2960
2961
2964
2964
2962
2959
2958
2962
2960
2968
3000
2977
2965
2969
2977
2960
2963
2959
2964
2962
2959
2958
2959
2959
2969
2966
2962
2992
2968
2956
2962
2968
2959
2958
2960
2960
2959
2961
2961
2960
2969
2958
2964
2966
2962
2960
2958
2963
2965
2999
2963
2958
2969
2976
2986
2954
2970
2965
2961
2956
2964
2962
2969
2956
2964
2956
2961
2955
2958
2962
2961
2955
2961
2962
2971
2956
2960
2955
2959
2954
2963
2954
2964
2957
2960
2954
2965
2954
2963
2959
2959
2957
2962
2954
2959
2960
2968
2956
2959
2954
2957
2954
2968
2965
2958
2953
2959
2956
2967
2956
2958
2954
2968
2954
2964
2954
2959
2954
2958
2953
2958
2953
2962
2954
2965
2960
2967
2957
2958
2956
2959
2954
2965
2955
2961
2955
2967
2954
2959
2965
2962
2955
2963
2956
2965
2955
2959
2958
2966
2956
2962
2954
2960
2954
2958
2954
2967
2956
2965
2956
2963
2954
2960
2953
2960
2955
2959
2956
2959
2956
2967
2957
2962
2955
2959
2955
2960
2954
2960
2969
2958
2959
2989
2972
2965
2961
2964
2962
2958
2959
2967
2959
2965
2959
2959
2959
2979
2958
2959
2959
2959
2958
2965
2958
2959
2967
2960
2964
2957
2959
2958
2964
2960
2961
2964
2959
2963
2969
2965
2969
2960
2958
2958
2960
2973
2978
2965
2973
2966
2961
2959
2959
2960
2968
2973
2965
2959
2966
2959
2962
2959
2963
2965
2959
2962
2961
2960
2962
2967
2964
2972
2960
2965
2959
2959
2965
2971
2958
2962
2963
2957
2968
2962
2965
2964
2958
2961
2965
2970
2966
2968
2959
2964
2957
2958
2965
2966
2959
2959
2958
2958
2964
2968
2962
2973
2964
2966
2962
2959
2966
2960
2969
2961
2962
2959
2962
2963
2959
2958
2958
2960
2963
2962
2958
2963
2963
2971
2959
2958
2961
2973
2973
2970
2963
2967
2967
2958
2961
2959
2961
2966
2964
2959
2963
2959
2958
2959
2962
2965
2964
2960
2960
2958
2959
2971
2964
2960
2960
2960
