3108
2883
2879
2881
2887
2886
2887
2891
2879
2886
2881
2886
2889
2889
2888
2886
2883
2880
2878
2887
2880
2892
2881
2888
2889
2887
2883
2882
2888
2890
2908
2883
2883
2885
2892
2893
2892
2885
2890
2883
2881
2887
2882
2883
2886
2889
2889
2890
2883
2884
2883
2892
2893
2888
2885
2888
2886
2883
2889
2893
2882
2884
2883
2892
2890
2883
2890
2891
2881
2887
2884
2887
2882
2888
2884
2883
2881
2882
2895
2888
2881
2882
2881
2882
2887
2883
2889
2887
2892
2888
2898
2892
2881
2887
2886
2882
2897
2883
2881
2883
2889
2885
2882
2883
2882
2887
2891
2893
2881
2881
2882
2890
2888
2887
2883
2885
2890
2892
2892
2883
2882
2885
2886
2887
2882
2884
2882
2890
2884
2885
2890
2888
2881
2890
2882
2883
2896
2889
2884
2882
2890
2886
2885
2884
2882
2884
2896
2894
2882
2884
2884
2885
2883
2890
2884
2884
2884
2881
2904
2883
2887
2884
2882
2889
2889
2882
2896
2889
2882
2885
2884
2887
2889
2885
2885
2883
2883
2883
2888
2889
2882
2889
2888
2883
2894
2883
2889
2887
2884
2884
2888
2895
2888
2892
2882
2883
2881
2888
2891
2887
2894
2887
2893
2882
2882
2886
2886
2882
2881
2883
2889
2889
2897
2883
2887
2888
2883
2890
2884
2895
2909
2925
2886
2887
2882
2889
2883
2881
2888
2890
2883
2887
2883
2882
2889
2887
2887
2887
2884
2885
2883
2892
2887
2885
2886
2895
2888
2885
2882
2880
2883
2888
2887
2891
2882
2882
2893
2887
2883
2891
2881
2882
2889
2897
2886
2894
2890
2886
2890
2892
2882
2895
2893
2887
2896
2901
2885
2884
2889
2884
2892
2881
2888
2894
2883
2889
2892
2885
2889
2892
2884
2881
2887
2883
2902
2890
2883
2884
2886
2882
2887
2889
2884
2888
2884
2884
2885
2883
2896
2886
2883
2878
2890
2891
2885
2900
2885
2887
2883
2886
2895
2893
2882
2883
2885
2887
2891
2891
2884
2882
2882
2883
2890
2889
2883
2884
2884
2885
2885
2900
2885
2882
2883
2885
2883
2884
2882
2885
2882
2884
2888
2892
2887
2883
2884
2884
2890
2895
2896
2892
2894
2892
2886
2883
2883
2882
2893
2893
2889
2885
2883
2883
2895
2894
2882
2882
2889
2887
2883
2883
2887
2888
2890
2885
2886
2883
2889
2891
2892
2889
2886
2883
2885
2888
2888
2885
2883
2883
2882
2888
2886
2886
2887
2891
2883
2883
2886
2890
2883
2882
2888
2883
2882
2894
2889
2895
2892
2889
2883
2884
2891
2885
2888
2882
2889
2888
2888
2884
2886
2883
2889
2891
2887
2889
2884
3153
2888
2891
2887
2883
2888
2884
2886
2887
2886
2897
2915
2880
2884
2881
2893
2878
2882
2876
2889
2877
2883
2877
2893
2878
2883
2877
2889
2878
2890
2882
2885
2878
2890
2876
2894
2879
2882
2883
2904
2879
2890
2888
2884
2877
2891
2881
2883
2883
2885
2876
2893
2876
2883
2877
2883
2877
2888
2883
2888
2880
2887
2876
2884
2877
2883
2880
2889
2877
2883
2879
2884
2879
2890
2878
2881
2881
2887
2878
2890
2878
2888
2884
2884
2876
2895
2876
2892
2878
2883
2878
2884
2877
2889
2877
2888
2883
2887
2876
2886
2887
2883
2883
2888
2883
2882
2891
2894
2883
2883
2885
2882
2892
2885
2885
2890
2884
2882
2882
2895
2885
2884
2881
2883
2885
2889
2884
2889
2883
2883
2884
2888
2886
2899
2895
2882
2885
2884
2885
2893
2890
2890
2885
2886
2889
2890
2882
2883
2884
2884
2885
2892
2883
2885
2888
2883
2885
2894
2889
2885
2882
2882
2884
2888
2886
2884
2883
2889
2886
2883
2886
2892
2892
2894
2882
2886
2891
2883
2883
2888
2888
2890
2883
2883
2884
2885
2885
2889
2885
2884
2884
2892
2885
2890
2906
2899
2889
2892
2884
2884
2885
2884
2881
2883
2877
2894
2879
2891
2885
2890
2877
2892
2875
2884
2875
2883
2878
2889
2877
2893
2876
2884
2877
2888
2881
2887
2886
2890
2880
2887
2878
2887
2876
2889
2879
2886
2883
2893
2881
2887
2879
2882
2879
2887
2877
2889
2876
2886
2876
2884
2876
2888
2878
2886
2879
2887
2876
2884
2882
2890
2881
2887
2878
2882
2882
2892
2886
2884
2876
2890
2881
2885
2879
2891
2878
2887
2880
2893
2877
2890
2880
2887
2877
2888
2878
2883
2880
2886
2879
2884
2879
2888
2879
2883
2878
2896
2878
2895
2882
2886
2877
2882
2882
2894
2877
2887
2881
2882
2877
2888
2878
2883
2882
2884
2881
2883
2881
2884
2877
2883
2877
2888
2878
2884
2876
2893
2880
2887
2877
2884
2876
2890
2876
2882
2883
2885
2882
2891
2893
2887
2883
2883
2894
2887
2883
2884
2885
2892
2885
2884
2887
2887
2884
2888
2883
2895
2893
2883
2884
2890
2899
2893
2888
2882
2882
2883
2884
2889
2883
2891
2891
2890
2883
2882
2883
2896
2883
2889
2899
2883
2885
2882
2883
2882
2881
2884
2876
2892
2878
2890
2878
2882
2876
2886
2874
2884
2884
2887
2875
2884
2875
2885
2880
2881
2881
2880
2889
2887
2880
2883
2880
2891
2881
2883
2888
2884
2887
2886
2880
2881
2886
2881
2878
2889
2885
2879
2880
2880
2886
2882
2879
2881
2883
2892
2880
2886
2888
2883
2881
2879
2881
2884
2879
2884
2879
2885
2881
2888
2884
2884
2882
2881
2884
2891
2890
2888
2883
2881
2883
2885
2884
2879
2880
2884
2880
2887
2886
2882
2882
2879
2885
2886
2888
2883
2881
2881
2885
2879
2893
2886
2885
2879
2879
2881
2889
2882
2888
2890
2889
2881
2880
2886
2879
2879
2892
2881
2879
2882
2882
2880
2878
2886
2889
2879
2882
2881
2881
2886
2883
2880
2878
2880
2885
2878
2887
2879
2882
2880
2879
2884
2892
2887
2881
2885
2920
2885
2886
2886
2882
2884
2885
2881
2882
2880
2885
2888
2883
2886
2884
2892
2895
2884
2887
2896
2886
2887
2885
2887
2885
2888
2892
2884
2882
2885
2895
2882
2883
2889
2885
2897
2884
2888
2884
2893
2883
