2909
2904
2889
2888
2884
3075
2891
2900
2891
2890
2890
2884
2897
2891
2890
2892
2889
2895
2891
2894
2884
3086
2894
3083
3070
2883
2890
2904
2894
2888
2884
2889
2890
2897
2889
2884
2891
2894
2899
2889
2900
2893
2884
2891
2894
2890
2888
2894
2893
3051
2889
2889
2887
2888
2898
2893
3052
3051
3054
2889
2893
2889
2886
2889
2884
2905
3102
2893
2893
2892
2890
2889
2889
2894
2899
2890
2886
2890
3098
2892
2890
2889
2892
2884
2891
2889
2888
2894
2891
3089
2888
2888
3051
2902
2891
2884
2891
2883
2898
2890
2884
2891
2897
2888
2891
3044
2893
2894
2889
2889
2889
2890
2883
2891
3125
2890
2890
2887
2896
2888
2889
2892
2894
2884
2888
2891
2890
2889
2883
2895
2889
2892
2889
2892
2893
2891
2891
3060
2889
2889
2889
3059
2893
2885
2890
2894
3056
3092
2891
2890
2886
2890
2897
2896
3110
2883
2893
2890
2899
2895
2896
2897
2889
2893
2886
2889
2884
2900
2892
3105
2889
3100
2893
2889
2890
3135
2893
2891
2893
2889
2893
2891
2889
2884
2888
2895
2888
2895
2884
2888
2886
2890
2888
2887
2898
2890
2891
2891
2889
2886
2888
2896
2891
2900
3065
2898
2883
2901
2889
3074
3120
2889
3103
2888
2896
2884
2888
3081
2890
2889
2889
2894
2899
2898
2884
2888
3135
2888
2893
2884
2893
2889
2891
2889
2887
2895
2893
2894
2890
2900
2900
2889
3048
2890
2890
3063
3046
2894
2891
2890
3085
2890
3082
2883
2894
3143
2889
2888
2888
2892
2883
2888
3086
2890
2895
2899
2893
2884
2893
2887
2897
2898
3141
2888
2963
2897
3052
2889
3055
2883
2895
2892
2889
3056
3038
2895
2888
3051
2892
2889
2895
2884
2890
2888
2894
2884
3064
2888
2890
2892
2884
3119
3107
2892
2896
2890
2896
2888
2898
2889
2886
2897
2889
3119
2897
2897
2890
2887
2889
2883
2904
2889
2892
2889
2888
2891
2887
2894
2899
2986
2888
2899
2894
2884
2889
2883
2888
2893
2891
2888
2889
2890
2904
2892
2885
2888
2890
2897
2898
3054
3074
2885
2895
2893
2899
2899
3083
2888
2890
2894
3153
2892
3166
2890
2887
3145
2888
2896
2888
3119
2888
2883
2895
2905
2906
2892
2884
3046
2889
3055
2888
2887
2897
2889
2894
2888
2889
2894
2883
2890
3086
3068
2895
2892
3114
2887
2891
3117
2893
2887
3097
3104
2897
2896
2889
2882
3080
2896
2896
2889
2888
3051
2901
2889
2888
2888
2892
2904
2893
2888
2889
3077
2885
2896
2890
2890
2893
2889
2895
2889
2888
2884
2890
2886
2894
3099
2891
2889
3069
2894
2900
2892
2888
2888
3133
2895
2888
2887
2889
2889
2888
2888
2888
2892
2888
2896
2889
2888
2886
2888
3073
2892
3049
3130
2888
2893
2893
2888
3055
3045
3057
2904
2892
2887
2889
2893
2888
2883
2888
2894
2892
2888
3066
2902
2883
2895
2888
3063
3086
3069
2892
2885
2888
2889
3079
2891
2894
2892
2885
2889
2882
2889
2889
3149
3111
2883
2893
3049
2892
2898
2888
3077
2891
3060
2889
2887
2889
2883
2889
2889
2898
2890
2887
2891
2887
2896
3083
3034
3070
2888
2899
2888
2890
3094
2890
2894
2885
2890
2889
2897
2894
2894
2888
2899
2895
2884
2892
2890
2892
2894
2892
2888
2888
2890
2896
2892
3079
2893
2889
2884
2897
2888
2889
2889
2888
2896
2889
3042
3050
2889
2889
2890
2889
2894
2884
2888
2888
2888
2894
3087
2898
3076
2891
2884
3111
2889
3116
2889
2888
2894
2883
3114
2894
3101
2896
2895
2889
2891
2892
2894
2893
2895
2889
2893
3037
2892
2888
2888
2891
2893
2895
2895
2884
2890
3095
2890
2889
3060
2888
2896
2900
2888
2889
2890
2893
2898
3109
3102
2895
2885
3128
2887
3120
2897
2893
2893
2894
3116
2994
2895
3096
2889
3119
2884
2893
2889
2899
3046
3122
2896
3059
2890
2888
2889
2889
2884
2898
2890
2889
2896
2891
2889
3041
2891
2894
2902
2892
3084
2895
2883
2893
2894
3078
3118
2895
2891
2889
3126
2900
2895
2888
2884
2889
2910
2895
2893
2887
2890
2885
2896
2890
2889
2888
2888
2894
3045
2891
2888
2889
2894
2885
3046
2889
2889
2889
2896
2889
2883
2892
2897
2894
2888
3064
2892
2895
2899
3132
2890
2896
2892
2895
2890
2889
3091
2883
2889
2887
2889
2888
2883
3145
2890
2889
2889
2890
2895
2889
2892
2889
2897
2888
2894
2890
2889
3060
2894
2891
3065
2884
2891
2884
3074
3087
2889
2888
2889
2887
2884
2895
2889
2888
2888
2889
3104
2884
2894
2890
2889
2892
2894
2895
3132
3139
2889
2883
2896
2888
2891
3058
2890
2890
2884
2889
3052
3050
2893
2903
3055
3070
2895
3063
3071
2888
3080
2892
3088
2884
2892
2896
2888
2893
3104
2890
2902
2888
2890
2885
2891
2904
2899
2892
2890
2889
2893
2889
3053
2892
3053
2886
2898
2884
3056
2896
2893
2888
2883
2888
2889
2894
2889
2892
2889
2889
2895
2886
2890
2887
3063
3073
2888
2894
2890
3076
2887
3073
2889
2890
3111
2889
3117
2888
2897
3103
2884
2898
2889
3114
2888
2888
2895
2901
2889
2888
2896
2887
3139
2892
2887
2891
3045
2895
2889
2885
2901
2884
2891
3073
2885
2895
3057
3069
2890
3058
2894
2889
2890
2896
2888
2892
2887
2890
2884
2893
2889
2889
2890
2894
2899
2883
2889
3135
2892
2902
2896
2894
2888
3110
2895
3053
2899
2891
2889
3060
2890
2890
3092
2889
2899
2887
2896
2889
2889
2889
2896
2896
3068
3061
2885
3066
3074
2895
3125
2883
2888
2893
2897
2891
2889
3125
2887
3136
2888
2899
2894
2893
3138
2887
2894
2890
3148
2896
3090
2896
3054
2889
2889
3084
2900
2889
2894
2898
2897
3082
2887
2895
2890
2889
2887
2892
2894
3067
2889
2888
2896
2884
3082
2888
2890
2894
2884
2894
2888
2888
2895
2890
2889
2890
2890
2888
2896
3118
2890
2896
2885
2889
2888
2889
2896
2894
2892
