2900
2920
2883
3145
3054
3085
2883
2888
2884
2878
2884
2890
2885
3050
2901
2892
2889
2884
3049
2877
2890
2883
3059
2887
2895
2885
2895
2883
3089
2885
2884
2884
2891
2896
2883
3107
2887
2883
2886
3122
2883
2894
2888
2884
2893
2879
2886
2887
2889
3042
2879
2891
2896
2887
2885
2884
2884
2885
2890
2886
2894
2884
3135
2893
2884
2885
2883
3084
2883
2894
2891
2883
2884
2893
2885
2885
3069
3075
2889
2895
2883
2880
2892
2884
2894
3173
2878
2889
2892
2896
3066
2886
2885
2893
2887
2886
3072
2885
2881
2898
2885
3054
3070
2881
2905
2884
3066
3068
2898
2889
2886
3071
2887
2891
2888
2893
2893
3116
2878
3114
2892
2895
2894
3103
2889
2891
2883
2886
3040
2890
2888
2881
2889
2886
2885
2885
2885
3043
2893
2899
3074
3088
2890
2882
2892
2889
2889
2886
2881
2893
2881
3121
2885
2888
2896
2879
2890
2887
2887
2893
2886
2893
2885
2892
2881
2895
2891
2888
3109
3106
2893
3054
3068
2887
2894
2889
2886
2897
2886
2889
2890
2879
2885
3073
2889
2888
2880
3078
3085
2885
2893
2884
3107
2885
2886
2887
2884
2891
3110
2886
3189
2879
2885
2890
2892
2902
2886
2902
3059
3069
2885
2886
2893
2883
3045
2887
2887
2895
3064
2891
2892
3044
2887
2880
2889
2886
3090
2891
2888
2886
2884
2889
2892
2897
2893
2881
2883
2905
3114
2893
2880
2889
2885
2894
2891
3051
2886
3044
2888
2888
2881
2886
2887
2892
2890
2887
2896
3083
2887
2887
2880
2895
2881
2886
3100
2891
2895
2889
2894
2879
2890
2885
3104
2888
2885
2887
2892
3129
2891
2880
2887
2900
2891
3100
2886
2889
2891
2895
2888
3113
2886
2879
2898
2887
2891
2886
2890
2901
2885
2893
3058
2884
2892
2888
2891
3106
2881
2889
2892
2894
3116
2901
2886
2888
2888
2884
2891
2890
2889
2884
2890
2891
2890
2888
2886
2887
3093
2892
2884
2887
3132
2879
2901
2884
2887
2886
2886
2899
2888
2885
2896
2896
3037
2882
2890
2891
2892
3343
2892
2891
2891
2881
3097
2891
2892
3091
2880
2893
2891
2887
3103
2891
2893
3135
2889
3155
2891
2892
2889
2890
3049
2889
2892
3156
2895
2879
3043
2884
2886
2893
2893
3053
2881
2892
2886
3043
2891
2891
2890
2896
2885
2890
2884
2892
2886
2887
2886
2887
2892
2884
2891
2886
2887
2885
2892
2886
2886
2885
2885
2892
2891
2897
3173
2887
2888
2893
2886
2890
3049
2891
2894
2892
3051
3057
2886
3047
2879
2896
2886
2884
2892
2887
3058
2890
2885
2893
2884
3113
3120
2879
2889
2885
3147
3079
2881
2896
3067
2896
3053
3142
2896
2885
2888
2891
3057
2898
3056
3054
2887
2886
2893
3088
2887
2888
2885
3089
3103
3073
2886
3062
2891
2886
2893
3099
3104
2892
2891
2888
3062
3116
2894
2898
2888
2885
3073
2892
2892
2886
2885
3051
2893
2895
2886
2884
3056
2894
2898
2889
2883
3055
2894
2888
2886
2883
2892
2892
2898
3088
2887
3092
2896
2901
3109
2887
2888
2881
2891
2886
2898
3073
2880
2894
2940
2895
2887
2889
2899
2887
2886
2886
2893
3047
2885
3058
2889
3017
2891
2888
2887
2894
2888
3074
2881
3076
3071
2890
2893
2879
3087
3130
2890
2891
2893
2893
2885
2889
2885
2887
3167
2831
2890
2901
2902
3056
2894
2886
2884
2896
2890
2887
2888
2896
2893
2891
2893
2888
3063
2896
2881
2893
3073
2886
2893
2885
3070
2886
2881
2897
2885
2891
2886
3089
2898
2884
2889
2886
3114
2894
3070
2894
3044
2881
2892
2884
2886
2885
3076
2892
2835
2887
3082
3056
2891
2880
2890
3068
3090
2885
2886
3077
2886
2886
2884
2888
2893
3108
2889
2887
2891
2897
2880
2884
2917
2893
2895
2886
2886
2892
2887
2885
2886
2889
2883
2889
2884
2890
2891
2895
2890
2889
2884
2888
2885
2892
2892
2890
2885
2886
2884
2887
2884
2892
2891
2886
2887
2886
2894
2891
2886
2885
2888
2885
2891
2885
2888
2890
2890
2886
2891
2888
2885
2887
2886
2887
2885
2896
2886
3097
3115
2898
2885
2896
2886
2884
2892
2896
2890
2880
2886
2894
3047
3054
2879
3047
2884
2886
2895
2894
2903
2884
2895
2897
2896
3112
2887
2887
2882
2892
3109
2886
3118
2879
2891
2890
3114
2887
2879
2883
3109
3212
2887
2886
2891
2893
2887
2888
2882
2895
3036
2889
3059
2892
3047
2893
2894
2888
2892
3087
2885
3093
2883
3074
2887
2885
2887
2884
2887
2891
2879
2888
2884
3094
2891
2878
2887
3153
2876
2891
3038
2883
3054
2888
2894
2878
2885
3047
2972
2888
2879
3047
3075
3046
2892
2894
3097
2883
2890
2886
2880
2882
2884
2889
2891
3072
2889
2889
2887
2881
2888
3080
2886
2895
2881
2886
2885
2889
3142
2789
2884
2890
3028
3039
2891
2888
2888
2885
2886
2876
2885
2892
2882
2896
2885
2887
2884
2897
2886
2889
2892
2881
2890
2881
2897
2887
2890
2890
2885
2894
2891
2893
2888
2890
2894
3156
2879
2891
2890
2894
2890
2881
2887
2893
2888
3052
2885
2886
2893
2894
2885
2891
2886
2892
2896
2886
2881
2887
2899
2887
2884
2888
2888
2881
2888
2891
2889
2888
3106
3110
2885
2888
2887
2886
2886
2881
2888
2886
2885
2893
3046
3046
3053
2880
2893
2887
2885
2890
2887
2893
3071
2890
2886
2881
3070
3113
2886
2887
2888
2891
2886
3121
3114
2887
2891
2879
3125
2883
2890
3138
2889
3143
3052
2890
3049
2892
2890
2892
2884
2885
2892
2892
2890
2893
2886
3050
3062
2888
3056
2885
2894
2880
3065
2885
2886
2885
2888
2893
2885
2885
2886
2881
2899
2887
2889
3115
2884
2890
2886
2891
2884
2902
2894
3102
2890
3101
2891
2886
2895
2894
2880
2892
2885
2885
2891
2886
3053
2888
2888
2890
2883
3058
2884
3070
2892
2879
2889
2886
3065
3121
2893
2888
2885
2888
2896
3104
2886
2880
2886
2897
2886
2889
