2893
2889
2889
2879
3085
2888
2882
3044
2884
2883
3043
2884
2881
3044
2886
2880
2881
2886
2876
3040
3057
2894
2886
2880
2887
2876
3076
2884
2887
2881
2887
2889
2875
2893
2888
2891
2880
2876
2889
2875
2880
2880
2882
2881
2879
2886
2875
3106
2880
2881
2886
2886
3076
2878
2883
2888
2881
2881
3084
2883
2876
2882
2886
2885
2882
2882
2886
2879
3048
2877
2884
2880
2887
2914
3061
3083
2887
2885
2881
2881
2885
2876
2889
3109
2886
3113
2881
2883
2895
2890
2880
2881
2881
2882
2893
2881
2882
2883
2879
2882
2876
2890
3034
2881
2880
3122
2892
2876
2881
2887
2880
2897
2889
2893
2876
3045
2889
2885
2880
3041
2880
2875
2880
2881
2881
2888
2876
2886
2882
2882
2888
2879
2883
2877
2889
3106
2891
2882
2891
2886
2881
3129
2882
2880
2893
2886
3122
2880
2887
3035
2881
2881
2874
2889
2876
2882
2881
2883
3044
3039
2879
2878
2886
2882
3043
3048
3048
2888
2882
2884
3099
2888
3059
3048
2885
2876
2881
2890
2891
2890
2881
3104
2876
3119
2881
2884
2881
2883
2886
2876
3139
3135
2880
2884
2881
2883
2887
2886
2880
2884
2880
2893
2888
2879
3044
2881
3036
2881
2882
2888
2895
2883
2875
2887
2884
2883
3042
2877
2881
2875
2881
3094
2882
2880
2881
2885
2885
2888
3052
2882
2884
3065
2876
2881
2970
2886
2883
2883
2880
2889
2881
2892
2885
2876
2881
2889
3113
2880
2885
3101
2879
2890
2891
2880
3135
2875
2888
2880
2882
3043
2876
2881
3040
2883
2894
2885
2881
2875
3045
3049
2885
2883
3029
2880
2881
2881
2875
2882
2885
2881
2889
2885
3070
2876
2880
2892
2882
2884
3064
3092
2886
2881
2880
2881
2880
2886
3105
2880
2883
2887
2890
3148
2876
3049
2889
2886
3035
2876
2887
2875
3037
3038
3041
2887
3045
3052
2876
2883
2880
2882
2879
2883
3052
2876
2882
2875
3046
2886
2897
2880
3046
3066
2876
2886
2877
2882
3083
3057
3094
2880
2886
2875
2885
3122
3114
3092
2881
2879
2884
2883
2880
3094
2880
2879
2880
2880
2882
2875
2880
2878
2882
2888
2882
2881
3144
2885
2876
2887
2883
2881
2886
2881
2892
2747
2881
2930
3047
3048
2876
2881
2886
2881
2887
2881
2888
3044
2882
2882
2890
2882
2881
2891
2880
2881
2876
2880
2882
2884
2880
2886
2880
2880
2889
2891
2886
3161
2875
3061
2876
2885
2875
3159
2881
3063
2890
2882
2883
2877
2886
2883
2888
2881
3051
2888
2893
3045
2881
2881
2885
2894
2882
2878
2881
2885
2879
2881
2890
2880
2875
2883
2874
2882
3070
3062
2885
2876
3071
2891
3077
3110
2877
2889
3143
3101
3102
2875
2881
2881
2883
2885
2885
2888
2875
2880
2886
2885
2895
2881
2880
3053
2889
2875
2882
2875
2882
2880
2883
2887
3047
2880
2885
2883
2875
2892
2881
2881
3059
2880
2885
2877
2885
3106
2882
2884
2881
3095
2875
3098
2886
2881
2881
2881
2886
2875
2890
2875
3395
3101
2881
2892
2876
2881
2875
3106
2890
2883
2884
2876
2881
2886
2881
3053
2888
2882
2881
2888
2884
2881
2876
3054
2887
3048
2881
2883
2895
2880
2881
2876
3034
2887
2882
2888
2891
2880
2879
3084
3102
2880
2881
2883
2880
2891
2881
2887
2882
2881
2886
2884
2885
2885
2876
3116
3089
2882
2880
2881
3115
2884
2882
2884
2882
2886
2875
2883
2875
3128
2884
2881
3034
2881
2881
2879
2887
2880
2880
2880
2880
2875
3041
2880
2884
2891
2886
3032
2877
2880
2875
2888
3085
2875
2881
2887
2886
2880
2881
2880
2885
2882
2884
3071
2878
2881
2881
2885
3108
2881
2886
2881
3100
2876
3092
2881
2881
2881
2881
2880
2875
2885
2880
2890
3099
3106
2890
2876
2882
3043
3086
2888
2895
2890
2880
2880
2876
2889
2876
2883
2882
2886
2880
2881
2893
2885
2881
2875
2882
2880
2880
2882
2888
3049
2882
2882
3033
3048
2876
2894
2881
2880
2883
3040
2882
2884
2890
2875
2882
2886
2884
2880
2878
2895
2883
2881
2881
2878
2888
2880
3118
2880
2880
3138
2886
2883
2881
2880
2881
2894
2875
2880
2887
2888
2881
3134
2886
2893
3042
2881
2882
2881
3049
2885
2874
2886
2880
2882
2893
2882
2890
2876
2880
3065
2881
2880
2884
2880
2883
2880
3047
2881
2884
3067
3110
2884
2891
2884
2883
2886
2879
3155
2880
3117
2875
2885
2880
2881
2881
2883
2880
2879
2881
2883
3143
2884
2881
2884
2886
3043
2891
2881
3032
2876
2885
2881
2885
2880
3045
2888
2881
2887
2886
2882
2882
2882
2893
2884
2880
2875
3061
2885
3058
2880
2881
3094
2882
2887
2877
3101
2881
2883
2884
2875
2885
2887
2886
2890
2884
2884
2874
2886
2875
2881
2881
2881
2891
2877
3049
3029
2884
2882
2878
2881
2884
2886
2880
2881
2881
2882
2882
2882
2887
2881
2881
2895
2882
2881
2885
2881
3038
2881
3059
2886
2882
2884
2881
2880
2887
2882
3109
2881
2879
2890
2876
2879
3150
3105
2884
2876
2881
2877
2880
3047
2882
2888
2885
2882
2883
2888
2875
2886
2879
2884
2881
3056
2881
2886
2879
2879
2880
2887
3043
3081
2875
2881
2879
2883
2883
2882
2881
2875
2884
2876
2883
2881
2880
2891
2876
2880
2886
3097
2882
2875
3125
3019
2886
2882
2881
2882
2882
2888
3083
2882
2879
2887
2888
2881
2886
2890
2884
2879
2881
2876
2888
2880
3060
2887
2877
2880
2880
2881
2879
3043
2887
2883
2880
3034
2881
2892
2894
2886
2875
3059
2886
2881
2888
2882
2884
2875
2882
3100
2881
2888
2887
3133
2880
3088
2882
2897
2884
2876
3099
2886
2886
2881
2880
2881
2876
2891
3046
2881
3045
2883
2886
2879
2881
2883
2878
3041
2881
2881
2880
2882
2880
2884
2887
2877
2887
2886
2885
2886
2881
2887
2883
2888
2878
3099
2880
2885
2881
2892
2880
2876
2886
2891
2890
3104
2888
2886
2882
2880
2876
2889
