3006
2976
3154
2965
2958
2960
2960
2960
2966
2956
2959
2954
2966
2959
2967
3127
2959
3139
2964
2960
2961
3160
2958
3147
3114
2953
2960
2957
3125
2965
2971
2961
2954
2961
3133
2970
2962
3122
2960
2954
2959
2953
2968
3166
2963
2959
2963
3187
2954
2962
2965
2966
2959
3191
2959
2955
2969
2964
2962
3185
2969
3255
2963
2958
3174
2954
3158
2959
3143
2959
2960
2965
2957
2965
2960
2961
2967
2954
2960
2954
2958
2964
2966
2962
2965
2959
3124
3166
2954
2963
2959
2965
2964
2959
3188
2963
2961
2964
2965
2958
2953
2960
2955
2964
2959
2958
3197
3181
2966
3173
2961
2959
3180
2965
2959
2961
2966
2965
3119
2960
3131
2963
2959
2959
3127
2959
2969
3116
2955
2969
2954
3128
2959
2961
3172
3156
3149
2959
2973
2962
2959
2967
2960
2961
2956
3131
2968
2969
2960
2959
2960
2963
2957
2961
2959
2959
2963
2960
2959
3176
2960
3152
2958
2954
2959
3126
3176
2969
3176
2959
2963
2959
2968
2961
3126
3117
3113
2959
2964
3122
2959
2966
2964
3133
2953
2960
2964
2965
2961
2959
2962
2965
3151
2958
3167
3180
2954
2963
2957
3199
3153
2959
3008
2986
2975
2959
3181
2965
2963
3183
2959
2960
2957
3203
2960
2961
3122
2959
2961
2966
2960
2967
2959
3117
3123
2956
2957
3115
2959
2966
2961
2958
3123
2963
2961
2962
2959
2961
2960
2971
2957
2960
2960
3148
2969
2957
2960
2958
3190
3213
2960
2961
3220
2961
3231
2960
2961
2955
2961
3118
2965
2960
2960
3113
2955
2966
2954
2969
2962
2960
2965
2958
2962
3114
2959
2969
2962
2966
3122
3133
2954
2964
2959
2977
2969
3151
2960
2962
2963
2955
2968
3189
2962
2960
3140
2964
2958
3195
2964
3171
2977
2959
3197
3211
2966
2959
2968
2959
3182
2967
2958
2961
2959
2960
2966
2963
2959
2957
2963
2964
2971
3127
3107
2960
2955
2965
2958
2958
2964
2965
2962
3124
3125
2955
2969
2960
3126
2966
3120
2968
2956
3138
2970
2964
2964
3139
2965
2964
2960
2964
2964
2955
2965
3199
2963
2966
2953
2960
2961
3184
2962
2959
2960
2961
2959
2968
2955
2962
2964
2962
2961
3131
2959
2954
2967
2970
2962
2960
2955
2960
2954
2974
3141
2962
2959
2959
2959
2955
2978
2962
3141
2964
2955
2962
2964
2959
2960
2958
2962
2960
2968
2966
2966
3206
2971
2960
2960
2961
2958
3212
2972
2959
2959
3160
2965
2965
3129
2954
3127
3116
2964
3124
2958
2966
2961
2966
2969
2970
2959
2955
2964
2966
2960
3145
3135
2959
2960
2973
3147
2960
3146
2967
2967
3175
3143
2962
2964
2958
2959
2958
2961
2956
3229
2964
2965
2960
2955
2961
2964
2962
2960
2959
2962
2961
2970
2957
2963
3142
2959
3147
2960
2966
2961
3146
2958
2959
3143
3166
2959
3179
2962
3164
2964
2967
3203
2958
2961
2958
2958
2960
3179
3251
3129
2965
2960
2959
3152
2959
3142
2958
2963
2961
2959
2957
2954
2973
2957
2959
3117
2959
2958
2955
2960
2957
2959
2964
3122
2962
2960
2960
3130
3132
2958
2964
2958
2954
2960
3183
2968
2966
2959
2959
2961
3177
2966
2957
3248
2960
2960
2958
2963
3137
2957
2958
2964
2964
2958
2957
2958
2959
3124
2966
2958
2964
2959
2958
2961
2961
2956
3110
2967
2961
2957
2964
2958
2959
3187
2964
2970
2963
2964
3190
2959
2960
2966
2965
2965
2958
2960
2955
2964
2962
2960
2959
2959
2959
3183
2959
2958
2968
3175
2966
2961
2966
3175
3120
2956
2965
3124
2967
2959
2959
2959
2959
3125
3153
2960
3162
2958
2965
2957
2958
2960
2961
2961
2959
2960
2958
2958
2953
2966
3196
2961
2960
3143
2964
2955
2960
2958
3192
2966
2963
2961
2959
2966
2964
2965
3202
2960
2960
2954
2966
3108
2958
3125
2959
3120
2958
2958
3112
2962
2959
2958
2959
2964
2958
3126
2954
2959
3158
2965
2959
2961
2959
2965
2960
3198
2957
2960
2959
2967
2959
3194
2958
2958
2976
2955
2965
2955
3153
2959
2969
2958
3186
2959
2965
2965
3119
3227
2962
2965
2962
2962
2963
2967
2959
3110
3128
2968
2959
2954
2960
3152
2959
2960
3131
2964
2954
3170
3167
2961
2960
2962
2959
2964
2970
2962
3179
3157
2963
2972
2960
2961
2960
2956
2975
2962
3209
3118
3092
2960
2965
2955
2960
3136
3118
3122
2956
2965
3181
2958
3143
3124
2960
2960
2964
3187
2959
3184
2965
2971
2961
2961
2960
2957
2965
2960
2960
3211
3191
2964
2961
2971
2960
2965
2972
2955
2962
2964
3126
2966
2954
2961
2959
2961
2958
2954
2966
2964
3129
2961
2961
2968
2960
2960
2965
2964
2966
2969
2960
2960
2959
2964
2964
2963
3203
2959
2961
2959
3232
2959
3219
2958
2967
2960
2960
2959
2959
2966
2960
3139
2961
2965
2959
2958
2965
2968
2960
2960
3126
2960
2960
2969
3138
3136
2958
2967
2964
2956
2966
3186
2958
2959
2957
2963
3182
2959
2962
3174
2965
2958
2959
2959
2961
2965
2968
3212
2958
2959
2965
2961
2962
2958
2965
2954
2959
2959
2961
2965
2959
2967
2959
2960
2966
2975
2959
2964
3128
2954
3135
2960
2960
2962
2960
2959
2962
2960
2954
2959
2965
2967
2960
3135
2964
3177
2959
2964
2959
2968
3172
2971
2967
2961
2961
3177
2973
2966
2961
2955
2962
2966
3130
2964
2960
2962
2960
2955
2963
2964
2960
2968
2968
3153
2954
2965
2961
2964
2964
3152
2960
3128
2960
2954
2969
3147
3141
2962
2959
2965
3139
2959
2961
2959
2966
2963
2963
3149
2962
2954
2959
2959
3206
2960
2959
2966
2959
2960
3141
2971
3140
2960
2966
2961
2964
2966
2959
2959
2959
2960
2969
2965
2960
3124
2959
2969
2963
2967
3149
2960
2960
2954
2968
2961
2957
2961
3161
3124
2958
3139
2966
2965
2962
2954
2960
2966
2966
2961
2958
3192
3171
2967
3235
2959
2959
2961
2965
2955
2961
2959
3185
