2899
2893
3091
2887
2896
2892
3175
2890
2894
2881
3166
3077
2885
2893
2885
2894
3044
2887
2888
2888
2886
2880
2889
3079
3050
2887
2885
2893
2894
2892
3067
2885
2886
2881
2892
2882
2886
2887
3063
2892
2883
3098
2892
2894
2886
2883
2889
2891
3097
2894
2893
2887
2881
2892
3076
3163
2888
3116
2897
2890
2886
2888
2887
2894
2888
2885
2888
3054
2892
2891
3044
2881
3053
2900
2897
2887
2888
3074
3049
2889
2882
3078
2894
2901
3114
2886
2889
2886
2886
3105
2882
3103
2892
2892
3202
2882
2886
2898
2891
2890
2883
2892
2881
2886
3046
2886
2890
2883
2894
2880
2888
2891
3039
3053
2886
3044
2881
2886
2885
2885
2885
3053
2892
2885
3091
2886
2887
2886
2882
3123
2890
2886
2895
2888
2885
2885
2892
2891
2893
2891
3113
3200
2884
2889
2893
2883
2893
2881
2887
2882
2890
3051
2889
2887
2886
2889
2891
2887
2887
2889
2885
3051
2891
2887
2888
2881
2887
2891
2885
2895
2882
2890
2881
2891
2885
2886
2887
2887
2892
2883
3100
2895
2889
2890
2886
2895
2889
2888
2883
2887
2891
2887
3124
3104
3097
3030
2889
2889
2887
2896
2895
3156
2881
3132
2887
2888
3055
2889
2886
2886
2889
2891
2880
2893
2890
2886
3045
2883
2891
2893
2890
3083
3059
2886
2883
3069
2894
2888
2886
2882
2889
2889
2886
3097
2881
3141
2887
3122
2888
2886
2892
2880
3140
2885
2886
2891
2892
2885
2886
3043
3048
2888
3049
3047
2887
2880
2893
3055
3046
2899
2886
2885
2892
2886
2892
2886
2889
2881
3061
2892
2893
2884
2883
2887
2890
2884
2886
2886
2896
2885
3110
2882
2891
2882
3143
2885
2889
2899
2889
2886
2881
2885
2890
2888
3047
2881
2889
2889
2894
2885
3048
2886
2880
2886
2903
2897
2888
2885
3052
2882
2892
3109
2885
2887
2891
3072
3095
3084
2893
2893
2885
2887
2887
2894
2894
2886
2881
2889
2891
2885
2893
2885
2886
3043
3138
2890
2880
2886
2893
2887
2886
3051
2890
2891
2893
2888
2886
2900
3046
2892
2881
2886
2886
2891
2894
2886
2891
2880
2888
2891
2893
3115
2885
2893
2880
2891
2886
3125
3103
3100
2888
2884
2891
2888
2889
2887
2887
2886
3109
2891
2881
2886
2892
2889
3048
3120
2886
2880
2891
2891
2889
2886
3046
2891
2895
3059
2887
2886
2900
2891
2888
2881
2886
2892
3060
2885
2886
3071
3090
3070
2887
2886
2886
2881
2890
2883
2885
2891
2885
2889
2891
2887
2880
2891
2886
2892
2885
2888
3087
2898
2895
2881
3131
2885
2888
2894
2889
3055
2886
3059
2892
3048
3046
2880
2886
3052
2887
2886
2883
3088
2892
2896
2893
3066
2895
3053
3078
2896
2886
3077
2881
2890
3142
2887
2890
2881
3132
2886
3126
2891
2885
2887
2893
3095
3053
2885
2888
3105
2899
2885
2884
2886
3084
3043
2893
2891
2896
2886
2900
2884
2889
2883
2888
2880
2886
2888
2893
3059
2884
2895
2880
2891
2887
2886
2886
2886
2893
2891
3088
3106
3083
2889
2886
3133
2886
2883
2893
2886
2895
3070
3109
3083
2881
2885
2893
2888
2892
2884
2895
2885
2885
2888
2887
2886
2882
2889
2884
2888
2887
2910
2897
2881
3064
2880
3065
2895
2886
3105
2881
3098
2892
2895
2887
2887
2892
3096
2902
3094
2886
2890
2891
2887
2891
3186
2881
2887
2881
3187
2886
2888
2888
2886
2894
2894
2889
2885
3118
2934
2888
2892
2885
2894
3048
2888
2892
2900
3049
2892
3048
2881
2886
2886
2900
2889
2882
2891
2884
2889
2884
3084
2891
3085
2886
2880
2887
3134
2889
3119
2881
2886
2893
2892
3205
2881
2891
2893
3198
2891
2881
2890
3050
2901
3040
2888
2886
2883
2899
2885
3056
2891
2888
2887
3075
2892
2893
2888
2887
3092
2894
2896
2887
3092
2881
2886
2889
2885
2898
2881
3102
2886
2888
2891
2888
2891
2881
2886
3126
2889
2887
2881
2895
3041
2888
2887
2884
2894
2881
3043
2893
2887
3041
2890
2886
2885
3057
2893
2893
2893
2886
2887
2885
2889
2881
2888
2888
3052
2893
2890
3076
2884
2894
2893
2891
2893
2880
2887
2891
2890
2887
2889
3086
2882
2891
2886
2885
2888
3102
2891
3048
2887
2886
2886
2886
2886
2886
3060
2888
2893
2885
2885
2882
3043
2891
2856
2887
3065
2936
2893
2883
2891
3105
2885
2887
2892
2893
3095
3106
3101
2887
2885
2888
2887
3101
3090
2895
2895
3128
2886
2886
2891
2892
2885
2886
2888
2881
2890
2886
3049
3056
2882
2898
2886
2886
2886
2890
3066
3066
2889
2891
2886
2892
2883
2886
2888
2894
3102
2886
3125
2881
2885
2889
2889
3107
2886
2886
2887
3135
2887
3121
2888
2881
2888
2893
2900
3047
3028
2885
2894
2880
2886
3051
2886
2893
2892
2887
2892
2887
2881
2894
2888
2887
3073
2884
2893
2881
2886
2888
3069
2892
2888
2886
3105
2886
2886
2889
2886
3110
2888
3092
2893
2894
2894
2886
3149
2889
2885
2890
2886
2889
2887
2887
2892
2895
3050
2885
2884
2891
2887
3055
2881
2893
2887
2886
2889
2900
2893
2888
2906
2881
2887
2887
2887
2884
2887
2893
2881
3072
2888
2890
2893
2882
2889
2886
2895
2887
2891
2967
2883
3132
2885
3113
3054
2888
2889
2889
2887
2885
2887
2892
2888
2895
2887
2894
3081
2892
3042
2889
2887
2892
2888
2881
2886
2903
2921
2894
3041
2887
2882
2889
2882
2889
2894
2891
2886
2886
2893
2885
2891
2881
2888
2894
2892
2886
2886
3064
3070
2895
2887
3095
2881
3076
3135
2888
2887
2884
3100
3151
2884
2886
2881
2892
2885
2885
2887
2885
2892
2887
2887
2881
2887
2894
3048
2893
3051
2889
2890
2888
2888
2895
2886
2882
2895
3061
2888
3065
2889
2892
2891
2891
2884
2888
2886
2890
2895
3063
3070
2894
3061
2888
2887
2885
2892
2886
3100
2913
2898
2891
3173
2886
2887
2885
3175
2899
2899
2887
2885
2887
3079
2886
2885
