3031
2997
2985
2974
2982
2987
2979
2987
2985
2987
2981
2977
2980
2973
2974
2991
2976
2975
2981
2985
2979
2982
2977
2981
2976
2973
2974
2976
2982
2984
2980
2982
2979
2979
2983
2981
2984
2973
2978
2982
2979
2977
2985
2981
2975
2975
2982
2978
2975
2982
2980
2969
2982
2973
2980
2970
2984
2973
2982
2970
2980
2975
2980
2969
2984
2970
2981
2969
2974
2971
2981
2992
2983
2976
2979
2976
2975
2981
2976
2981
2974
2976
2977
2989
2979
2973
2995
3012
2985
2982
2974
2976
2981
2980
2975
2982
2980
2983
2980
2985
2983
2981
2984
2976
2974
2976
2973
2973
2974
2974
2983
2973
2975
2980
2980
2977
2977
2979
2975
2983
2980
2979
2974
2981
2971
2974
2978
2975
2986
2975
2980
2977
2971
2984
2970
2973
2969
2979
2970
2985
2970
2978
2976
2973
2970
2975
2982
2975
2968
2980
2984
2985
2979
2980
2974
2982
2982
2996
2979
2975
2981
2976
2973
2975
2976
2989
2974
2983
2988
2975
2989
2979
2991
2981
2974
2982
2974
2978
2987
2987
2980
2977
2980
2974
2974
2973
2976
2973
2974
2978
2982
2975
2979
2978
2981
2987
2982
2978
2974
2974
2974
2978
2976
2977
2976
2970
2979
2984
2979
2972
2982
2970
2974
2975
2978
2971
2977
2971
2976
2969
2980
2970
2993
2974
2978
2970
2975
2973
2977
2974
2976
3023
3053
3013
2976
2982
2983
2982
2975
2979
2982
2981
2983
2975
2972
2973
2976
2973
2974
2977
2979
2976
2983
2983
2974
2977
2977
3003
2982
2978
2975
2976
2975
2983
2977
2981
2973
2977
2981
2974
2970
2998
2977
2976
2970
2982
2969
2977
2970
2974
2970
2977
2977
2974
2972
2973
2972
2975
2973
2975
2973
2974
2979
2983
2973
2982
2974
2979
2974
2973
2980
2977
2974
2979
2973
2975
2975
2977
2974
2973
2980
2979
2980
2979
2980
2978
2977
2975
2980
2976
2980
2986
2973
2974
2973
2988
2980
2984
3011
2980
2981
2972
2978
2978
2975
2972
2973
2970
2981
2977
2985
2973
2982
2998
2981
2977
2985
2985
2976
2979
2978
2974
2975
2977
2973
2969
2973
2969
2975
2977
2974
2970
2986
2970
2982
2970
2975
2971
2982
2969
2985
2970
2976
2972
2978
2980
2974
2983
2978
2978
2981
2980
2981
2980
2974
2980
2975
2980
2983
2979
2981
2981
2982
2981
2982
2976
2979
2980
2981
2982
2981
3024
2987
2974
2979
2980
2975
2974
2979
2987
2980
2980
2982
2983
2980
2980
2981
2978
2980
2987
2974
2982
2974
2972
2981
2982
2981
2974
2975
2996
2978
2971
2980
2978
2978
2982
2974
2973
2981
2976
2984
2981
2974
2980
2979
2980
2978
2973
2974
3006
2985
2982
2986
2969
2985
2970
2982
2971
2983
2971
2979
2970
2973
2971
2980
2969
2979
2968
2977
2968
2981
2969
2977
2978
2976
2973
2975
2978
2980
2980
2983
2982
2974
2981
2983
2980
2980
2991
2980
2975
2975
2974
2981
2981
2973
2974
2974
2980
2979
2998
2976
2980
2984
2988
2981
2982
2978
2979
2979
2979
2981
2974
2978
2974
2999
2984
2981
2977
2985
2979
2983
2979
2977
2979
2974
2973
2973
2980
3002
2978
2980
2984
2974
2978
2972
2973
2970
2983
2970
2973
2975
2979
2970
2973
2968
2981
2971
2976
2970
2983
2970
2973
2970
2978
2984
2975
2969
2973
2969
2982
2969
2975
2969
2981
2973
2986
2979
2982
2972
2983
2979
2980
2980
2979
2980
2981
2982
2982
2980
2980
2980
2979
2974
2973
2980
3001
2975
2984
2974
2979
2978
2979
2981
2981
2979
2979
2979
2976
2979
2975
2989
3040
2981
2989
2983
2984
2985
2989
2985
2987
2983
2981
2981
2976
2982
2983
2975
2975
2974
2973
2974
2987
2973
2975
2980
2979
2981
2977
2974
2970
2976
2969
2979
2969
2981
2971
2975
2969
2973
2975
2980
2970
2973
2971
2978
2969
2978
2968
2974
2972
2974
2981
2978
2980
2980
2982
2980
2975
2977
2981
2978
2974
2976
2973
2982
2975
2980
2974
2981
2980
2984
2981
2972
2974
2974
2980
2981
2975
2979
2985
2979
2980
2984
2975
2975
2986
2981
2972
2976
2982
2980
2979
2994
2978
2988
2974
2973
2981
2975
2974
2983
2981
2974
2980
2975
2974
2972
2983
2985
2980
2974
2980
2977
2974
2975
2980
2975
2976
2972
2977
2972
2980
2975
2980
2978
2979
2971
2973
2978
2978
2971
2980
2969
2979
2969
2982
2968
2980
2971
2980
2969
2986
2968
2980
2970
2980
2971
2979
2970
2973
2971
2980
2977
2975
2969
2990
2981
2980
2983
2980
2980
2981
2980
2979
2979
2979
2973
2979
2974
2973
2980
3000
2984
2982
2976
2973
2976
2974
2981
2973
2982
2976
2979
2973
2974
2988
2975
2980
2973
2985
2977
2975
2980
2978
2980
2978
2981
2980
2973
2977
2979
2979
2979
2981
2981
2974
2977
2975
2979
2983
2978
2981
2977
2973
2976
2978
2982
2977
2975
2973
2979
2969
2985
2969
2973
2969
2980
2970
2983
2997
2977
2978
2969
2982
2970
2975
2969
2973
2968
2975
2971
2984
2972
2979
2970
2980
2969
2982
2969
2979
2975
2982
2973
2983
2975
2980
2974
2996
2981
2979
2980
2973
2983
2980
2987
2977
2975
2974
2974
2980
2981
2981
2993
2974
2980
2983
2979
2978
2978
2978
2981
2973
2979
2977
2974
2979
2978
2981
2977
2976
2976
2973
2979
2975
2982
2977
2982
2974
2982
2975
2977
2979
2983
2978
2981
2978
2973
2977
2980
2982
2979
2980
2977
2983
2979
2983
2980
2977
2976
2970
2973
2971
2975
2973
2974
2970
2983
2972
2984
2971
2983
2969
2980
2969
2979
2969
2974
2969
2974
2970
2976
2970
3002
2982
2978
2978
2987
2979
2981
2978
2976
2974
2977
2973
2988
2974
2979
2974
2986
2979
2980
2973
2978
2982
2983
2973
2974
2974
2973
2977
2973
2978
2972
2974
2973
2986
2981
2981
2982
2980
2979
2973
2974
2973
2978
2976
2992
2974
2987
2974
2977
2978
2979
2980
2973
2984
2980
2974
2974
2981
