2990
2962
2958
2962
2964
2960
3127
2960
2967
2964
2960
2955
2961
2960
2966
2969
2968
2961
2962
2965
2970
2969
2961
2967
2970
2973
2967
3176
2959
2971
3190
2965
2961
2957
2970
2971
2959
2965
2962
2962
3211
2968
3025
3001
2984
3117
2961
3127
3072
2963
3136
2961
3146
2969
2979
2966
3149
2969
3150
2963
2969
3141
2972
2960
2961
3168
2966
2969
2961
2964
2957
3192
2968
2962
3202
2960
3172
2972
2964
2963
2964
2964
2962
2965
3124
2963
3116
2961
2968
3149
2966
2974
2961
2969
2962
3117
2962
2957
2965
2963
2961
3172
2963
2968
2969
2961
3194
2968
3197
2961
2961
2962
2957
2966
2962
3236
2964
2957
2978
3101
2964
3133
2965
2965
2967
2965
3133
2963
2968
2964
2965
2964
2971
2968
2973
2962
2962
2962
2966
2968
2964
2963
2965
2962
2965
2975
2974
2962
2972
2970
2966
2963
2972
2962
2963
2963
2963
2967
2965
2962
2956
2964
2959
2962
2957
2962
2957
2963
2960
2970
2958
2966
3167
2964
2963
2965
2963
2958
3179
2973
2963
2964
3188
2966
2971
2956
2965
3155
2968
2972
3199
2974
2964
3180
2969
2967
2963
3130
2964
2965
2956
3119
3171
2965
2968
2962
3157
2973
2971
2963
3202
2965
2969
2957
2963
2963
3177
2969
3160
2964
2964
2963
2969
3137
2963
2968
2964
2962
2964
2962
2959
3120
2970
2963
2969
3126
2964
2958
3119
2970
2970
2964
2957
2967
3152
2967
2962
2963
3149
2967
2965
2963
2963
2966
3182
2974
2958
2963
3179
3191
2968
2961
2963
2964
2970
2967
2963
2966
2963
3208
2971
3124
2964
2962
2961
2967
3141
2972
2963
3134
3139
3170
2963
2965
2957
2971
2962
2962
3185
3146
3192
3254
2963
2963
2962
2964
2980
3196
3222
3121
2963
2971
2968
2963
2963
2962
3011
2970
2966
3135
2965
2963
3126
2973
3169
2966
2963
2963
2967
3204
2962
2963
2959
2972
2962
2964
3173
2961
2965
2795
2963
2968
2965
2968
3202
2963
2963
3212
3128
2968
2972
2962
2972
2962
2959
2969
2968
2965
2963
3128
2963
3128
2970
2962
2963
2963
3127
2974
2966
2975
2968
3168
3195
2959
2972
2963
2963
2967
2964
3219
2958
2964
2964
2964
2966
2959
2970
2968
2961
2964
2967
2970
2958
3125
2971
3125
2964
2969
2968
3117
2963
2970
2966
2964
2958
2969
3147
2963
2965
2959
2966
2964
2963
2970
3135
2964
3186
3173
2965
2957
3233
2963
2962
2969
2961
2963
2964
2970
2969
2965
3126
2957
2967
3125
2967
2969
2965
2964
2959
3130
3138
2964
3130
2959
3138
2965
2962
2964
2959
2968
2962
2961
3184
2964
3184
2957
2966
3186
3180
2966
2962
2964
3052
3161
2964
2960
2964
2963
2961
2967
2967
2972
3131
3135
2963
2961
2967
2963
2963
3125
2963
2969
2956
2964
2961
2964
2972
2966
2964
2962
3149
2971
2962
3132
2961
2966
2970
2969
2962
2959
3185
2994
2965
2962
3176
2963
2957
2974
3133
2962
2963
2966
2978
2962
2960
3118
3140
2963
2956
3132
2963
2963
2964
2966
2965
3140
2961
3137
2967
2962
2955
2963
3152
2963
2967
2969
2968
2962
3147
3187
2960
2961
2962
3183
2967
2962
2969
2962
2963
2968
2962
2974
2963
2962
2968
3136
3117
2973
2962
2965
2962
2961
3142
2957
2963
2961
2969
2970
2955
2963
2964
2966
3170
2962
2967
2966
2969
3181
2959
2969
3138
2961
3141
2958
2967
3124
2963
3118
2963
2968
2963
2960
2965
2957
2971
2963
2961
2961
3163
2970
3183
2967
2964
2957
2971
3201
2960
2965
2969
2963
2965
2967
3174
2974
2969
2963
3271
2963
3030
2969
2964
2961
3128
3125
2977
2963
2964
2963
2958
2964
2969
2963
2964
3184
2966
2963
3065
2965
2973
2969
2962
2964
2962
2958
2969
2962
2957
2962
2969
2972
3150
2961
3153
3125
2964
2968
3128
2972
2964
2956
2963
3163
2965
2966
2956
2962
2970
2971
2962
3190
2966
2970
2962
2965
2957
3181
2972
2962
2964
3176
2970
2974
2966
2963
2965
3171
2971
2968
2963
2961
2969
2968
2959
2969
2970
2964
2964
2968
2964
2963
2962
2962
2971
2963
2962
3172
3155
2966
2964
2966
3199
3270
2967
2969
2971
3192
2958
2967
2963
3192
3169
3185
2962
2706
3205
3135
2991
2992
3022
2962
2971
2957
2963
2962
2964
2970
2965
2972
2963
3158
2967
2962
2960
2962
2959
2959
2963
2958
2961
2967
2962
2963
2963
2970
2971
2957
2965
3221
2968
2968
2965
2965
2965
3183
2962
3137
3115
2962
2968
2975
2962
2967
2962
2963
2968
2978
2966
2958
3128
2973
2973
2965
2961
2964
2973
2958
2962
3162
2962
2970
2738
2963
2962
3159
2969
2971
2963
2961
3225
2974
2966
2962
2963
2963
2970
3144
2965
2963
3129
2963
2965
2964
2966
2962
2970
2965
2961
2963
2957
2970
2963
2988
2973
2974
2961
2963
2965
2967
2971
2990
2957
2965
2962
2966
2965
2957
2961
2962
2970
3135
3111
2966
3131
2977
3136
2960
2963
2969
3134
2969
2960
2968
2961
2970
2974
2963
2963
2964
2958
2969
2962
2969
2964
2969
3220
2964
2962
2968
2965
2972
2963
2966
3124
2957
2960
2962
2969
2970
3128
2964
2964
2966
2963
2963
2968
2966
2962
3180
2964
2967
2965
3172
2962
2963
3241
2958
3177
2965
2969
2968
3224
3210
2961
2964
2965
2966
3115
2962
2971
3151
2957
2963
2970
2964
2971
2957
2969
2964
2962
2961
3117
2972
2964
2963
2963
2965
2969
2957
2964
2967
2960
2972
2970
2960
3183
3183
3225
2972
2963
2961
3146
2977
3242
2962
2958
3130
2975
2961
2964
2956
2962
2968
2973
2963
2964
2964
2958
2968
2960
3132
2962
2962
2970
2957
3149
2963
2963
3191
2963
2967
2963
2963
2979
2966
2963
2961
3187
2972
2957
2962
2969
2963
3122
3010
3222
2963
2967
2964
2971
3130
2966
2963
2960
3117
3140
2965
2964
3002
2962
2968
2967
2962
3138
3151
3163
2962
2969
2962
3143
3137
