3012
2974
3151
3136
2962
2961
2967
2955
2962
2968
2966
2963
2956
2960
2965
2961
2963
2962
2968
2961
2965
2959
2975
2965
2963
2960
3175
2971
2968
2960
2966
2969
3127
2961
2961
2961
2965
2956
3148
3126
2962
2965
2955
3120
3156
2962
2970
3086
2966
2968
3115
2962
2965
3132
2959
3139
2969
2968
3186
2955
3175
2965
2963
2966
2972
2962
2969
2964
2965
3188
2956
2965
2962
2960
2966
2959
2963
2969
2962
2961
2961
2956
3262
2962
2963
3158
2955
2968
2962
2960
2961
3154
2967
3144
3116
2960
2969
3127
3153
2962
2975
3127
3149
3172
2969
2960
2962
2962
2956
2962
2961
2961
2966
2972
2962
2957
2971
2970
3192
2963
2956
2968
3161
2961
2961
2961
2964
2960
3176
2962
2976
2968
3144
2963
2970
2961
2956
2964
2962
3119
2961
3126
2966
2960
2958
2965
2955
2965
3173
2963
2960
2955
2967
2960
2962
2960
2963
3199
3185
2960
2960
3150
2960
3192
3204
2966
2956
2964
2961
3160
2969
2953
2970
3127
3120
2971
2956
2962
2960
2960
3155
2964
2963
2960
2962
3169
2956
3147
2965
2973
3195
2963
2962
2958
2968
2960
2961
2960
2955
2966
3231
2966
2960
2961
2967
2968
2962
2962
3223
2965
2961
3116
3131
2960
2967
2960
2966
2960
2960
2969
2966
2965
2960
3156
2969
3129
2960
2956
2963
2955
2964
3190
3167
2962
3145
2969
2959
2960
2967
2965
2961
2960
2961
2960
2959
2964
2962
2955
3161
2965
3186
2962
2960
2963
2961
2967
2955
2961
2959
3218
2967
3214
2961
3126
2961
2967
2968
3122
2962
2964
2966
2964
3136
2964
2963
2956
2969
2955
2962
3148
3126
2958
2959
2961
2971
2965
3180
2959
2961
2967
2962
2964
2962
2965
3208
2966
2961
2956
3226
2962
2960
2966
2964
2960
2961
2961
3124
2958
3125
2961
2967
2962
2974
2960
2966
2961
2961
2959
2961
3126
3141
2960
3138
2960
2962
2960
2960
2960
2973
2968
2956
2962
2959
2978
2960
2965
2974
2957
2961
2958
2966
2960
3222
3219
2960
3187
2965
2960
2963
2966
2965
2960
3128
3126
2955
2970
2961
2961
2971
2961
2967
2957
2960
2959
2961
2969
2961
2960
2958
3140
3123
2967
2965
2960
3168
2962
2961
2959
2961
2967
2959
2962
3185
3175
2966
2969
2959
2963
2960
2958
2967
2968
2966
2956
2961
2959
2963
2966
2964
3129
3208
2960
2964
2972
2962
3118
2960
2973
3114
3118
2959
2965
3113
3138
2955
2961
2966
3141
3137
2966
3133
2960
2963
3146
2964
2964
2960
3194
2961
3160
2972
3234
3188
2961
3195
2968
2958
3214
2961
2961
3135
2961
2967
2955
3122
2960
2960
2968
2965
2960
2955
2969
2964
2961
3124
2957
3135
2959
3158
2965
2957
2964
2958
2967
2967
2967
2973
3140
2959
2961
2970
3205
2962
2960
2972
2961
2966
2961
2960
2963
3224
3158
2965
3153
2963
2967
2955
2961
2962
2961
2966
2968
2964
2954
2957
2967
2976
2966
3107
2961
2968
2963
2966
2964
2960
2963
2962
2960
2962
3147
2969
3150
2960
3171
3181
2956
2971
2959
2960
2961
2961
2961
2956
3213
2960
2965
2966
2971
3149
2960
3127
2965
2961
2962
3150
2961
2960
2969
2959
3122
2961
2955
2962
2961
2962
2959
2959
3129
2967
2969
2955
3139
2967
2967
3176
2956
2959
2962
2964
2961
2964
2960
3164
2971
3251
2960
2961
2956
2970
3151
2960
2961
2956
2961
2960
2960
2971
2963
3124
2962
2959
2968
2961
2961
2964
2965
2961
3139
2966
2966
2956
2961
2963
2962
2965
2959
2962
2964
2962
2960
3208
2962
2966
2960
2963
2960
2961
3191
2959
2956
3143
2960
2961
2973
2962
2962
2963
3128
2966
2967
3118
2963
3119
2957
2961
2965
2963
2959
2961
2964
3187
3167
2968
2960
2965
2957
2962
3191
2961
3188
2956
3190
2961
2961
2964
2965
3281
2967
2963
2961
2961
2964
2956
2966
2960
2961
2962
2961
2960
2957
2962
2963
3119
2962
2962
2966
2965
2960
2955
3121
2966
2970
2960
3121
3162
2956
2967
2962
2962
3168
2955
2968
2967
2961
3205
2955
2960
3276
2975
3178
2955
2962
2966
3194
2959
2961
2961
3130
2961
2970
2970
3122
2959
2964
2967
3098
2957
2961
2962
2968
3122
3169
2955
2960
2966
3138
2960
2959
2961
2965
2966
2960
3158
3173
2956
2960
2968
2963
2961
2960
2962
2964
2972
2956
2965
3202
2966
2961
2968
2959
2961
2962
3196
2963
2967
2968
3117
2959
3128
2962
2975
2964
2959
2966
2955
2962
2959
2960
3129
2956
2967
2957
2961
2960
2961
2965
3130
2963
2956
3171
2962
2963
2962
3154
2971
2955
2960
3175
2959
2968
2962
2962
2961
2963
2964
2968
3223
2965
3228
3119
2967
3126
2961
2972
2961
2961
2960
2956
2964
2960
2961
2969
2962
2961
2967
2961
2963
3133
2966
2966
3148
2963
2961
3120
2971
2959
2959
2963
2961
2972
2961
2961
3184
2966
2961
2961
2963
2957
2963
2955
3212
2962
2971
2965
2966
2965
2962
2970
3127
2964
3114
2956
2962
2971
2963
2964
2960
3129
2955
2959
2962
2963
2962
2961
2962
2957
2965
3151
3135
2960
2964
2970
2955
2963
2960
2968
2960
2957
2968
2966
2969
2961
3205
3186
2966
3228
3147
2955
3210
2961
2959
2961
2964
2962
3119
2969
3131
3129
2961
2966
2959
3126
3128
2971
2959
2962
3139
2961
2966
2977
2959
3125
2962
3177
2969
2969
2958
2962
2958
2961
2961
2967
2960
2956
2966
2964
2960
2960
2960
2965
2969
3208
2959
2963
2960
2961
2961
2955
2958
2960
2973
3118
3446
2962
2954
2964
3124
2965
2960
2956
3142
2960
2960
2964
2958
2960
3142
2964
2966
2967
2964
3149
2960
2954
2968
2960
2962
2961
3143
2966
2961
3216
3172
2960
2960
3137
2961
3126
3167
2975
2956
3118
2974
2968
2960
3129
2959
2955
2958
2966
2956
2960
2955
2961
2956
2964
2960
2960
2966
2968
2962
2956
3138
2966
2968
2960
3138
3155
2958
2969
