3187
2881
2891
2885
2879
2888
2889
2887
3039
2887
2887
3085
2888
2879
2884
3083
3049
3049
2879
2885
2879
2884
2893
2888
2919
2882
2884
2884
2889
3102
2883
2885
3061
2889
2878
3104
2889
2884
2883
2890
2884
2882
2884
2878
2889
3184
2883
3110
2885
2892
3053
2886
2884
2884
2890
3171
3077
2883
2885
3066
2878
3048
2887
2885
2890
2890
2883
2886
2885
2891
3043
2887
2879
2887
2891
3084
2885
2883
2885
2883
2884
2879
3113
2882
2883
3130
2888
2883
2882
2886
3096
2891
2884
3112
2884
2879
2888
2887
2888
3090
3101
2890
2880
2886
3046
2884
2890
2885
2886
2886
3052
3048
2889
2883
2879
2889
2879
2886
2884
3054
2892
2880
3078
2883
2884
2889
2888
2883
2883
2884
3094
2903
3111
3102
2885
2878
2890
2892
3097
2888
2891
3110
2885
3107
3097
2883
2883
3195
2889
2888
2889
2883
2884
3058
3116
2890
2879
2887
2881
3041
2885
2891
2884
2889
3038
2879
2882
2885
3036
2885
2878
3050
2887
2897
2889
2884
2883
2881
2885
2883
2889
2884
2885
2884
2884
3116
3203
3125
2884
3103
2885
2885
2884
2885
2884
2889
2882
2884
2878
2884
2895
2885
2893
2894
2885
3138
2887
3057
2889
2883
2886
3048
2887
3045
2883
2886
2892
2887
2889
2890
2885
2879
2964
3060
2886
2884
2887
2887
3089
2885
2883
2888
2883
2881
2885
2883
2891
2891
2885
2889
3094
3104
3127
2889
2888
3127
3144
2889
2891
2974
2881
2892
2886
2894
2892
3042
2886
2884
2890
2880
2888
2889
2888
2896
2888
2884
2886
2885
2890
3058
2890
2893
3102
2880
2886
2897
3075
2883
2885
2884
2885
2888
2885
2884
2884
2885
2896
2887
2893
2887
2885
2884
2885
3141
2885
2884
2880
2884
2885
2898
3049
2879
2890
3046
2887
2887
3052
2885
2890
2885
2886
3038
2879
2888
2885
3047
3051
2880
2892
2879
2892
2884
2889
2896
2886
3084
2881
3074
2884
2884
2884
2884
2894
2885
3108
2880
2884
2892
2889
2886
2884
2887
2891
2886
2879
3102
2884
2883
2884
2885
2894
2884
3118
2890
2884
2888
3118
2887
2897
2890
2884
2880
2894
2879
2891
2887
2884
2884
2879
3060
3062
2883
2891
2885
2892
2879
2887
3075
2884
2884
2888
2885
2883
3096
2892
2889
3097
2892
3095
2890
3112
3060
2883
2889
2879
2886
2884
2884
2884
2890
2885
2886
2886
2887
2884
2883
2884
2889
2892
2886
3059
3051
2887
2890
2889
2885
2886
2885
2890
3065
2886
2886
2889
2893
2880
2885
2888
2885
2894
3058
3089
2884
3081
2892
3063
2890
2880
2891
3115
2883
2888
2880
3124
2884
3114
2890
2884
2886
3054
3070
2892
2887
2890
2884
2886
3069
3050
3061
2879
2885
2887
2884
2892
3066
2884
3065
3048
3093
2884
2894
2881
2889
2879
2885
2885
2889
3119
2890
2897
2885
2883
2896
2879
3138
2884
2880
3065
2883
3054
2889
2886
2885
2883
2888
2888
2890
2885
2879
2893
3060
2896
2885
2883
2884
2889
2883
2879
2884
2894
2890
2886
2884
2883
2879
2901
2883
2886
2884
2884
2889
2890
2883
2878
2890
3189
3108
2886
2891
2889
2883
2879
3089
3044
2898
3051
2879
2884
2883
2887
3045
2883
2884
2879
3045
2885
3046
2887
2887
2883
2878
2887
2889
2887
3109
2884
2882
2887
2891
2880
2883
2884
2885
3103
2888
2883
2887
3110
2880
3096
3172
2883
3113
2878
2886
2883
2885
3090
3097
2887
2884
2886
2883
3113
2890
2886
2883
2885
2890
2879
2884
2884
2883
2886
2879
3037
2884
3052
2889
2879
3090
2894
2887
2883
2888
2883
2879
3101
2889
2884
2888
2878
3100
3117
2889
2892
2882
3113
3098
2890
2882
2884
2878
2885
2888
2887
2884
2888
2883
2881
2888
2884
3130
2884
3130
2889
2879
2885
3039
2883
2891
3046
3034
2879
2886
2893
2885
2887
2878
2892
2883
2884
2888
2881
2890
3104
2883
2885
2884
2897
2883
2884
2884
2879
3124
2885
3099
2883
3075
2889
2879
3113
2883
2890
2891
2893
2886
2883
3053
2879
2889
3037
2884
2888
2899
2889
2880
3055
2884
2886
2891
2879
2887
2892
2898
2883
2879
2885
2883
2885
3104
2882
2884
2888
2890
2892
3136
3142
2882
2886
2890
2890
3137
3097
2892
2898
3136
2884
2882
2890
2879
2889
2882
3051
2891
2884
2893
2880
2891
2884
2892
2892
2887
2889
3068
2880
2895
2888
2886
2888
2885
2891
2892
2887
2890
2880
2886
2899
2890
2891
2880
3141
2885
2886
2894
2888
3032
2881
2891
2891
2888
3049
2881
2889
2890
3043
2884
3043
3059
2885
2899
2886
3061
2889
2880
3074
2890
3066
2885
2883
2885
2884
2883
2884
3130
3113
2880
2889
3141
2884
2885
3060
2884
2880
2885
2885
2890
2894
2895
2888
3055
2885
2890
2880
2886
2885
2886
2889
2897
3064
2903
2884
2894
2885
2888
3070
2883
3056
3067
2880
2887
2888
2886
2884
2878
2885
2880
2889
3134
2884
2890
2880
3106
2889
2888
3154
2880
2885
2890
2892
3046
2880
3044
2879
2885
3052
3055
2888
3254
3040
2886
3052
2892
2889
3057
3047
2884
2879
2891
3072
2901
3069
2887
2896
2879
2888
3094
3063
2890
2887
3084
2879
3091
2894
2886
2884
2891
3102
2892
2891
2883
3123
2885
2891
2887
2880
2889
2884
2889
2885
2888
3098
2879
2889
2889
2890
2893
2884
3049
2890
3039
3060
2889
2885
2892
2884
3071
2893
2905
2880
3070
3056
2884
2896
2884
2888
2884
2885
2889
2891
2885
2885
2890
2893
3112
2883
2887
2888
2889
2887
3110
2885
2882
2882
2886
2886
2888
2885
2889
2886
3051
2884
2886
3058
2878
3047
3083
2882
2894
2884
2885
2884
3083
2890
3068
2884
2879
2885
2879
2889
2881
2883
2880
3065
2890
2883
2883
2892
2884
2889
2888
2885
2885
2885
2885
2889
2885
2885
2883
2887
3116
2883
2888
2883
2892
2879
2888
3078
3094
2891
2884
2884
2880
3073
3048
2889
2888
2884
2884
2893
2891
