1578
1550
1552
1552
1541
1767
1541
1541
1547
1539
1547
1543
1547
1553
1540
1554
1540
1540
1549
1541
1551
1538
1542
1543
1539
1546
1542
1543
1550
1541
1543
1548
1540
1546
1540
1539
1733
1540
1546
1539
1548
1541
1541
1548
1542
1546
1544
1540
1545
1539
1539
1546
1541
1547
1541
1539
1553
1541
1544
1706
1541
1545
1542
1547
1546
1539
1552
1539
1547
1708
1541
1553
1540
1853
1539
1539
1545
1540
1544
1698
1542
1547
1543
1539
1552
1542
1546
1541
1545
1539
1539
1551
1540
1551
1541
1539
1546
1539
1545
1704
1542
1740
1539
1652
1540
1541
1547
1539
1550
1542
1546
1546
1542
1545
1544
1539
1736
1540
1851
1541
1540
1545
1542
1542
1544
1542
1786
1539
1540
1702
1541
1546
1540
1547
1541
1540
1788
1539
1544
1539
1769
1548
1542
1551
1539
1546
1545
1539
1856
1540
1544
1549
1540
1778
1540
1545
1554
1539
1557
1540
1550
1542
1541
1547
1539
1539
1770
1539
1544
1540
1539
1548
1545
1546
1543
1541
1552
1543
1549
1551
1542
1549
1541
1837
1539
1540
1738
1541
1773
1539
1546
1544
1543
1769
1540
1546
1552
1542
1546
1542
1551
1546
1540
1544
1544
1542
1765
1540
1545
1541
1750
1548
1539
1554
1540
1552
1551
1541
1549
1539
1540
1547
1542
1545
1539
1540
1548
1542
1551
1541
1540
1782
1539
1555
1542
1552
1540
1540
1845
1541
1779
1539
1540
1760
1540
1545
1551
1542
1554
1552
1550
1544
1545
1763
1539
1546
1543
1541
1547
1540
1544
1543
1543
1616
1541
1553
1545
1541
1552
1542
1544
1542
1540
1544
1541
1552
1539
1550
1543
1539
1763
1539
1764
1540
1541
1546
1542
1544
1546
1584
1761
1539
1552
1542
1540
1546
1539
1552
1541
1540
1763
1539
1755
1539
1547
1541
1541
1761
1540
1753
1542
1541
1546
1540
1546
1766
1540
1550
1541
1541
1779
1542
1549
1540
1550
1545
1540
1549
1544
1540
1781
1541
1543
1543
1540
1551
1540
1549
1541
1542
1544
1542
1542
1740
1539
1546
1540
1546
1798
1542
1547
1541
1545
1539
1539
1715
1542
1544
1541
1542
1549
1545
1555
1540
1540
1773
1539
1547
1547
1539
1553
1541
1540
1549
1540
1554
1543
1540
1552
1545
1543
1546
1539
1546
1542
1540
1552
1539
1544
1551
1539
1551
1539
1564
1753
1541
1546
1540
1543
1550
1539
1546
1541
1539
1546
1544
1542
1550
1539
1555
1543
1541
1706
1544
1545
1541
1541
1546
1542
1703
1539
1546
1545
1539
1703
1539
1539
1549
1539
1701
1539
1550
1540
1540
1544
1539
1759
1711
1542
1548
1539
1545
1539
1542
1707
1540
1800
1543
1543
1544
1543
1795
1543
1539
1548
1540
1543
1549
1540
1552
1540
1539
1545
1539
1546
1544
1542
1544
1542
1548
1540
1539
1549
1540
1548
1543
1540
1548
1541
1543
1550
1546
1698
1539
1542
1549
1539
1706
1543
1543
1546
1542
1546
1543
1545
1550
1538
1552
1541
1544
1542
1540
1546
1540
1702
1547
1540
1707
1541
1548
1542
1539
1550
1539
1545
1719
1545
1547
1539
1546
1545
1540
1714
1539
1539
1712
1541
1547
1542
1540
1548
1540
1545
1542
1543
1548
1540
1545
1541
1539
1724
1540
1546
1727
1539
1544
1539
1544
1726
1539
1550
1540
1703
1540
1543
1718
1542
1546
1540
1539
1709
1543
1547
1541
1539
1549
1540
1551
1540
1549
1546
1540
1547
1540
1540
1714
1542
1710
1539
1540
1546
1539
1550
1542
1541
1544
1544
1549
1539
1543
1705
1540
1698
1539
1547
1550
1538
1702
1543
1544
1547
1539
1696
1542
1541
1715
1540
1546
1542
1543
1562
1551
1541
1547
1543
1547
1544
1539
1720
1540
1704
1550
1541
1733
1546
1541
1545
1541
1546
1541
1542
1546
1540
1724
1539
1540
1549
1540
1544
1544
1539
1546
1539
1545
1541
1540
1545
1543
1540
1546
1540
1550
1540
1541
1795
1540
1548
1541
1541
1545
1539
1543
1814
1539
1557
1542
1551
1778
1542
1549
1541
1552
1544
1541
1545
1544
1777
1540
1542
1656
1540
1551
1792
1542
1545
1540
1543
1807
1539
1545
1542
1539
1552
1539
1772
1543
1553
1546
1539
1755
1540
1545
1544
1545
1546
1539
1543
1544
1542
1551
1542
1551
1540
1540
1549
1543
1546
1539
1539
1545
1540
1545
1548
1542
1552
1540
1550
1541
1541
1544
1542
1543
1545
1540
1773
1540
1544
1548
1541
1554
1541
1544
1782
1539
1549
1544
1542
1546
1539
1549
1544
1539
1557
1540
1553
1545
1540
1547
1538
1542
1547
1541
1797
1546
1544
1547
1542
1552
1540
1542
1546
1540
1804
1539
1544
1545
1540
1548
1542
1539
1696
1539
1553
1539
1542
1706
1539
1540
1545
1539
1548
1545
1543
1543
1538
1544
1553
1541
1547
1541
1544
1545
1543
1550
1541
1541
1546
1542
1546
1539
1538
1546
1540
1544
1547
1541
1549
1543
1539
1544
1717
1549
1541
1550
1543
1541
1546
1540
1705
1544
1544
1545
1540
1550
1540
1543
1546
1539
1547
1539
1726
1545
1539
1715
1540
1544
1550
1543
1550
1539
1543
1725
1540
1546
1541
1541
1712
1540
1544
1541
1543
1543
1542
1551
1539
1539
1544
1540
1696
1539
1540
1549
1541
1552
1542
1540
1544
1545
1553
1543
1551
1552
1540
1545
1540
1545
1712
1539
1545
1544
1550
1545
1541
1545
1539
1543
1550
1545
1546
1539
1543
1723
1542
1549
1542
1541
1712
1540
1552
1549
1542
1546
1539
1546
1552
1540
1549
1539
1539
1545
1540
1544
1582
1689
1553
1541
1551
1540
1548
1549
1540
1545
1540
1540
1544
1541
1734
1539
1540
1549
1539
1547
1540
1541
1547
1542
1717
1540
1541
1721
1545
1546
1549
1539
1548
1541
1539
1543
1542
1553
1541
1538
1722
1539
1546
1541
1541
1732
1540
1549
1539
1539
1759
1541
1545
1540
1542
1545
1539
1545
1542
1542
1550
1539
1551
1542
1539
1551
1540
1544
1766
1539
1546
1541
1547
1541
1540
1760
1544
1543
