2899
3086
2892
2884
2885
2886
2894
2887
3049
2898
2886
2885
2879
3050
2890
2890
2883
2885
2885
2885
2883
2887
3074
2889
2883
2886
3073
3089
2889
2890
2885
2885
2885
2888
2890
2884
3110
2879
2885
2884
3122
2891
2880
3108
2884
2883
2886
2886
2889
2884
2893
2886
2887
2885
2885
2886
2895
2890
2887
3062
2884
2880
3054
2892
2889
2893
2880
2888
2890
2885
2891
2886
2886
2890
2884
3123
2881
3121
2879
2892
2879
2892
2886
2884
2888
2882
2894
2888
2888
2884
2886
3104
2879
2891
2884
2887
2884
2885
2887
2878
2885
3047
3050
2885
2881
2889
2885
2887
3093
2883
3085
2885
2886
2892
2884
2885
3083
2884
2884
2889
3107
2883
2889
2880
2889
2884
3125
3091
3097
2898
2885
2886
2890
2891
2886
3114
3136
2880
2895
3049
2885
2886
3107
2890
3007
2896
2886
3053
2891
2880
3045
2880
2889
2884
2886
2889
2879
2886
2890
2889
3091
2884
2885
3049
2893
2885
2889
3115
2888
2884
2885
2890
2880
2890
2887
2886
3076
2880
2891
2883
3126
2888
2886
2893
2883
2898
3049
3146
2889
2879
2886
3041
2885
3056
3049
2890
2890
2887
3051
2889
3043
2886
3051
2886
2891
2891
2894
2884
2885
2890
2888
2885
3101
3068
2892
2880
2887
2885
2887
2895
2882
3135
2885
2886
2890
2884
2886
2880
2892
2898
2888
2886
2878
2891
2884
2886
3043
3050
2885
2879
2888
2883
3049
2884
2892
2885
2887
3054
2880
2890
2888
2889
3067
2890
3075
2891
3104
2887
2883
2892
2884
2885
3113
2894
2890
2881
3110
2889
2885
2885
2878
2889
2888
2885
2885
2878
3051
2885
2886
3053
2883
2890
3060
2881
3059
2885
2886
2884
2890
3058
2883
2888
2890
2890
2887
3085
2886
2880
2893
3111
2893
2885
2884
2890
2893
2886
3139
2885
2888
2883
2894
2880
2885
2890
2885
2885
2879
2888
2881
2890
3045
3049
2890
2891
2891
2884
2897
2886
2882
2889
2881
3045
3062
3055
2891
2884
2886
2884
2891
3117
2888
2886
2881
2886
2891
2886
2885
2892
2885
3085
2890
2880
2885
2887
3127
2893
2883
2888
2884
2893
3061
2887
2885
2885
2894
2892
3044
3048
3062
2893
2891
2885
2880
2884
2891
3051
2885
2880
3079
3064
2892
2886
2883
2884
2890
2889
2885
2895
2884
2891
2891
2880
2886
2889
3096
2887
2894
2886
3069
2886
2886
2888
2880
3127
3082
3124
2886
2889
2887
2885
2892
3062
2885
3054
2886
2885
2890
2898
3041
2885
2886
3061
2889
3060
3076
2888
2889
2887
3074
2879
2884
2889
3075
2885
2884
3094
2881
3095
2890
2891
2883
2884
2888
2885
2894
2883
3120
2884
2893
2884
2885
2885
2888
2888
2891
3174
2886
2885
2887
2890
2891
2887
2879
2887
3048
3041
2886
3051
2893
2891
3046
2884
2886
2891
2891
2885
3058
2884
2886
2892
2898
2889
2884
3059
2885
3061
2892
2879
3100
3104
2888
2886
2887
3136
2883
2885
2890
2892
2887
2884
2884
3118
2897
3072
3192
2889
2884
2893
2887
2889
2883
2885
2884
2893
2887
2886
2889
2885
3052
2880
2886
2884
2885
2884
2878
2893
2884
3051
3079
2884
2888
2883
2887
2887
2885
2889
2883
2885
2880
3080
2895
2889
2887
3111
2884
2885
2883
2891
2885
2884
3108
3112
2880
2892
2892
3193
3102
2882
3079
2885
2889
2893
2892
2884
2884
2887
2890
2888
2885
3039
2885
2884
2890
3083
2884
3081
2889
2885
3075
2879
2890
3129
3098
2886
2895
2893
2883
2886
2885
3131
2891
2888
2889
2879
3202
2887
2879
2895
2886
2885
2882
2890
2879
2891
3052
3132
2895
2878
3050
3048
2885
2894
2894
2884
2879
3053
2889
2887
2885
3033
2886
2882
2891
2884
2886
2883
2887
2884
2885
3064
2880
2897
3104
2886
2884
3071
2892
2880
3124
2884
2885
2893
3118
3119
2882
2885
2884
2897
2884
3080
2890
2884
3146
2891
2888
2893
2880
3034
3057
3052
2892
2893
2885
2890
2889
3042
2885
2892
3093
2885
3066
3038
2891
2883
2887
2885
2885
2888
2880
2890
2883
2884
2889
2888
2885
3107
2889
2885
3095
3132
2886
3132
2881
2884
2884
2885
2892
2891
2885
2879
2886
3044
2888
2884
2885
2885
2886
2894
2880
2892
2884
2886
2885
2886
3048
2885
2885
2892
2885
2885
2880
3070
2890
2891
2885
2884
3107
2891
2892
2886
3105
2885
2897
2886
2882
2890
2880
2888
3141
2886
3150
2879
2893
2879
2885
2885
2885
2895
2890
2885
2890
2884
3134
2892
2883
2886
2884
2884
2890
2881
2889
2880
2886
2892
2888
3060
2884
2886
2880
2893
2886
2886
2884
2886
2891
3053
3069
3058
2884
3097
2891
3105
2880
2886
2880
2886
2885
3105
3148
2880
2887
2880
2884
2890
2891
3139
3101
2885
2880
3136
2884
2890
2885
2879
2885
2884
2886
2886
2891
2884
3051
2889
2890
2885
2884
2888
3056
2880
2891
2886
3053
2886
2879
2886
2891
2891
3119
2883
3072
2890
2885
3095
2880
2884
2885
2887
2886
2887
3100
2884
2886
2890
3139
2885
2885
2887
3103
2892
2887
2893
2880
3066
2892
3061
2893
2885
2886
2886
2890
3061
2893
2885
2885
2885
2892
2885
2884
3078
3048
2889
2879
2887
2889
3062
2884
2888
2889
2880
3068
2890
2886
2887
2889
2902
3124
2885
2888
3073
2892
2879
3119
3095
3107
2889
2890
2888
2885
2886
2888
2891
2892
2879
2886
2890
2887
2884
2883
2889
2885
2888
3061
2889
2886
2884
2886
2891
2885
2886
2885
2888
2880
2885
2890
3062
2887
2879
2889
2879
2891
2884
2885
2885
2893
3111
2885
3133
2880
3121
2885
2898
2887
3104
2887
2885
3172
3051
2885
3060
2886
2889
3172
2886
2880
2886
2885
2892
2884
2890
3045
2887
2891
2880
2889
2883
2886
2886
2890
2886
2884
2885
2889
3051
2885
2886
2886
2880
2892
2883
3058
3092
2879
3086
3107
2885
2885
3100
2891
2880
3102
2886
2885
2894
2905
2894
2883
2886
2887
2887
2885
2886
