2903
2899
2884
3140
3051
2883
2880
2880
3053
3031
2882
2892
3060
3035
2890
2883
2884
2883
2893
3050
2882
3043
2884
2882
2887
2879
2886
2882
2885
3067
2885
2888
2881
3071
2878
3071
3105
2887
2889
2891
3104
2883
3082
2888
2880
2882
2894
2887
3088
3108
2878
2882
2885
2883
3119
2883
2889
3093
2889
2879
3159
2883
2883
2882
2883
2883
2881
2888
2883
2886
2883
2888
2878
3054
3038
3049
2884
2883
2882
2878
2882
3059
2887
2882
2885
2884
2878
2884
2882
2888
2885
2893
2882
2878
3061
3077
2883
2883
2889
2883
3056
2883
2883
2885
2878
2882
2883
3070
2884
2879
3124
2884
3103
2887
2893
2885
2878
2883
2883
2886
3078
2887
3062
3171
2883
2882
3074
2883
2883
3059
2888
2883
2889
3059
2895
3052
2884
2884
2892
3052
3038
2884
2885
3070
3034
2883
3070
3067
2878
2886
3089
2884
2884
2883
3087
2879
2886
3124
2884
2882
2881
2886
3097
2883
2878
2883
3168
3112
2883
3070
2883
2883
2882
2883
2878
2883
3044
2892
2883
2878
2886
2884
2881
2884
2880
3047
3057
3046
3060
3049
3067
2880
2885
2891
2883
2884
2886
2884
2884
2885
2888
3109
2878
2883
2884
3109
2883
2882
2891
2883
2885
3186
3109
2890
2879
2882
2883
2884
2882
3120
3085
2885
2884
2899
2888
3180
2885
2880
2885
2882
2888
2889
2884
2885
2885
2890
2878
2893
3040
2886
2885
2884
2883
2886
2883
2890
2884
2884
2880
2883
2878
2883
2883
3080
2886
2885
2884
2882
3122
2882
3114
2883
2894
2884
2883
2888
2882
3125
3190
2878
3189
2883
2894
2886
2879
2887
3042
2888
3046
2879
2882
2878
2884
2885
2883
2886
3043
2883
3087
2890
3076
2884
2886
2883
3081
2884
2889
2884
2882
2885
2878
3083
2884
3085
2887
2881
3126
3080
2895
3118
2885
2884
2885
2884
2883
2884
2879
3115
2884
2882
2886
2886
3142
2878
2886
2886
2888
2892
2883
3046
3041
3046
3045
2884
2884
2884
2887
2878
2886
2884
3048
2883
2880
3057
2886
3047
2888
2891
2886
3105
2884
2883
2884
2887
3081
2889
2881
2884
2885
2885
2884
2883
3121
2878
3133
2893
3112
3122
2882
2884
3130
2883
2884
2884
3046
3162
2887
2879
2884
3042
2893
3039
2883
2883
2878
3047
2878
2883
3052
2885
2884
3048
2886
2884
2884
2880
2884
3043
2888
2878
2887
2879
2882
2885
2887
2883
3056
2885
2882
3114
3101
2885
2886
2878
2883
3120
2884
2887
2885
3146
2879
2883
2878
2889
2888
2888
2888
2882
3121
3042
3134
2885
2883
2883
2881
2883
2879
2885
2883
2882
2883
3048
2886
2879
3046
2887
2887
2882
2891
2892
3056
2888
3066
2887
2882
2883
2889
2886
2885
2883
2884
2884
2881
2887
2883
2884
2878
2886
2884
3110
2888
2884
3159
2878
3157
2884
2893
2883
2886
3132
2889
3142
2883
3126
2884
2882
3044
2883
2884
3051
2883
2884
3033
2883
2888
2890
2878
2891
3053
2883
2884
3041
2883
2885
2885
2884
2886
3079
2886
2891
2882
2883
2879
2886
2883
3065
2889
2883
2883
2879
2884
2884
2883
2890
2884
3100
2877
3102
3150
2883
2883
2882
2883
2879
2885
2880
2884
2884
3135
3042
2883
3047
2878
3061
2884
2885
2883
2886
2884
3052
3042
2883
2885
2878
2884
3057
2883
2883
2887
3060
2883
2885
2882
3057
2883
2884
2885
2884
2886
2881
3061
2878
2885
2883
3075
3082
2879
2883
2880
3071
3119
2885
2885
2882
2885
2882
2890
2882
2882
2884
2882
2889
3107
2884
3134
2886
3059
3150
2883
2883
3054
2880
3074
2884
2886
3046
2884
2886
2894
2884
2886
3060
2883
2882
2883
2882
2885
2882
2884
3065
2883
2886
2893
2891
2884
2883
2886
2880
2882
2878
3101
3120
2882
2885
2884
3109
2879
2884
2891
2884
2883
2884
2887
2887
2943
3071
3140
2885
3158
2891
2882
3074
2886
2884
3037
2883
2892
2884
2882
2883
2883
2885
3050
2882
2880
3048
2886
3047
2882
2881
2887
2878
2882
2883
3055
2882
2882
3111
3057
2886
2878
3110
2882
3102
3123
3100
3116
2892
2884
2882
2884
2884
2886
2886
2884
2884
2879
2884
3085
2885
3076
2880
2885
2884
3079
2883
2891
2885
2896
2882
2884
3033
2888
3048
2885
2884
2936
2886
3035
3074
2879
2882
2890
3091
3084
3094
2884
2884
2882
2878
2889
2885
2888
2883
2882
2885
2884
2883
3128
2888
3106
2884
2883
2888
3187
2883
2884
2885
2887
3128
2878
2886
2879
2885
3044
2884
2889
2880
3051
2888
2883
2886
2885
3044
2882
3044
2884
3039
2884
2879
2883
2880
2883
3100
3085
2886
3089
2892
2888
2885
3153
2883
3114
2883
3115
2884
3116
2887
2879
2883
2884
3177
2884
2882
3114
2878
2891
2879
3103
2883
3147
2883
2879
2883
2879
2882
2878
2885
2893
2891
2884
2884
2895
2878
2883
2878
2887
2880
2883
2891
2887
2883
2883
2883
2883
2884
2885
2882
2884
2883
2884
2882
2884
2884
3050
2883
2884
3066
2886
2883
2883
2888
2885
2884
2887
2898
3039
2883
2893
3049
2881
2886
2883
3059
2883
2885
2884
2886
3093
3095
3067
3135
2883
3102
2884
2881
3156
3113
2883
2883
3139
2890
2879
2887
2885
3130
3053
3058
2896
2884
2885
2887
2884
2889
3064
2883
3062
2883
2883
2888
2884
2884
2885
3065
2883
3066
2886
2888
2884
2884
2890
2884
2884
2889
3097
2888
2882
2883
2887
2884
3132
2885
3146
2878
3146
2884
3141
3050
2879
2884
3143
3051
2884
2883
2884
3046
2884
2893
2884
2883
3216
2884
3050
3062
2882
2883
2883
3058
2885
2884
2885
2883
2888
3106
2879
2885
2879
2884
2879
2885
2885
2883
2884
2884
3113
3069
2891
3135
2883
3149
2884
2883
2890
2885
2893
2883
2884
2885
2884
2882
3047
2882
2885
2885
2884
2885
2885
2890
2889
2885
2884
2878
2884
2884
2884
3073
2878
2887
2894
2883
2890
2883
2883
2878
2883
2888
2893
2884
2884
3098
