2965
2892
2893
2885
2884
2883
2887
2888
2888
2884
2889
2884
2884
2897
2885
2886
2883
2884
2886
2884
2886
2889
2886
2885
2886
2887
2885
2886
2885
2880
2883
2878
2883
2878
2883
2877
2881
2890
2884
2881
2882
2892
2883
2884
2887
2884
2884
2887
2888
2883
2887
2883
2887
2884
2885
2888
2885
2886
2883
2883
2886
2886
2882
2884
2884
2886
2878
2883
2880
2888
2877
2882
2885
2890
2878
2884
2882
2883
2879
2883
2877
2885
2880
2882
2893
2920
2882
2888
2885
2886
2876
2883
2883
2888
2891
2902
2886
2886
2883
2885
2881
2883
2895
2890
2901
2884
2883
2886
2892
2888
2890
2884
2882
2885
2884
2882
2888
2884
2889
2882
2881
2891
2884
2883
2882
2881
2884
2885
2885
2882
2885
2882
2885
2878
2881
2877
2887
2884
2885
2884
2885
2885
2886
2885
2889
2891
2885
2884
2885
2883
2890
2883
2886
2886
2885
2885
2887
2885
2884
2885
2883
2884
2892
2883
2883
2880
2884
2885
2885
2884
2886
2885
2885
2885
2883
2880
2887
2883
2884
2882
2899
2889
2882
2882
2883
2884
2882
2898
2880
2887
2880
2885
2879
2889
2889
2893
2886
2882
2888
2889
2885
2885
2885
2885
2884
2885
2884
2883
2887
2886
2887
2885
2885
2885
2884
2886
2894
2887
2893
2883
2885
2891
2886
2882
2883
2882
2885
2877
2882
2877
2883
2888
2891
2875
2881
2883
2884
2886
2884
2883
2882
2887
2895
2892
2890
2884
2883
2886
2884
2886
2883
2893
2885
2883
2884
2883
2886
2886
2881
2882
2892
2885
2886
2882
2884
2886
2878
2884
2881
2885
2880
2882
2878
2889
2880
2885
2892
2882
2898
2886
2883
2886
2883
2885
2886
2889
2886
2885
2886
2888
2886
2884
2895
2882
2883
2883
2883
2883
2883
2901
2881
2884
2887
2885
2885
2881
2887
2879
2884
2880
2882
2883
2884
2877
2883
2878
2883
2888
2882
2880
2893
2883
2886
2883
2882
2887
2890
2883
2883
2882
2897
2882
2883
2887
2883
2888
2883
2887
2883
2886
2887
2886
2886
2894
2884
2893
2883
2883
2881
2892
2886
2885
2880
2887
2877
2886
2878
2893
2878
2882
2882
2892
2893
2882
2882
2884
2893
2885
2887
2882
2881
2883
2883
2885
2883
2883
2882
2883
2895
2883
2893
2883
2887
2885
2891
2879
2891
2879
2883
2878
2883
2879
2881
2877
2889
2881
2884
2884
2884
2885
2890
2883
2888
2884
2886
2883
2884
2883
2882
2887
2887
2885
2885
2881
2881
2885
2885
2885
2885
2888
2892
2885
2882
2886
2880
2887
2881
2887
2895
2899
2881
2889
2879
2886
2881
2893
2880
2884
2891
2896
2884
2887
2885
2883
2886
2898
2883
2886
2883
2885
2885
2885
2887
2886
2885
2887
2887
2887
2887
2887
2895
2884
2884
2884
2893
2884
2887
2885
2885
2883
2886
2887
2882
2882
2883
2878
2883
2878
2885
2878
2885
2882
2891
2880
2887
2882
2893
2887
2885
2887
2883
2883
2883
2880
2883
2885
2883
2884
2883
2888
2889
2886
2883
2883
2890
2889
2886
2887
2885
2882
2883
2883
2882
2883
2895
2896
2884
2887
2883
2886
2885
2886
2882
2883
2880
2886
2878
2898
2878
2882
2884
2889
2881
2891
2881
2886
2880
2887
2883
2883
2884
2886
2884
2883
2883
2888
2881
2889
2883
2883
2883
2895
2885
2887
2889
2885
2883
2882
2884
2882
2883
2892
2884
2885
2883
2884
2885
2880
2885
2880
2884
2883
2885
2880
2884
2880
2885
2880
2890
2878
2882
2879
2886
2878
2886
2884
2895
2880
2883
2882
2884
2883
2885
2883
2886
2885
2891
2882
2889
2885
2907
2904
2886
2887
2886
2884
2889
2886
2899
2886
2885
2886
2896
2885
2890
2886
2885
2883
2887
2882
2891
2891
2889
2886
2893
2883
2886
2883
2881
2885
2882
2882
2877
2885
2883
2886
2878
2883
2878
2884
2878
2885
2886
2885
2880
2890
2885
2888
2884
2883
2886
2886
2892
2884
2882
2884
2883
2886
2888
2889
2883
2884
2884
2885
2884
2890
2886
2885
2890
2883
2882
2886
2887
2887
2887
2887
2889
2890
2884
2887
2892
2886
2891
2885
2887
2885
2899
2885
2885
2878
2888
2884
2886
2878
2886
2887
2886
2877
2883
2881
2888
2880
2886
2894
2891
2883
2887
2886
2885
2886
2887
2886
2886
2896
2885
2886
2884
2883
2883
2882
2883
2883
2884
2887
2884
2883
2883
2887
2886
2892
2883
2882
2884
2889
2886
2884
2881
2890
2879
2886
2879
2887
2883
2883
2879
2884
2882
2887
2879
2886
2883
2889
2888
2882
2887
2886
2886
2885
2886
2894
2885
2883
2887
2889
2888
2885
2887
2888
2892
2884
2885
2886
2899
2909
2885
2890
2884
2889
2884
2886
2885
2890
2883
2882
2883
2886
2886
2885
2891
2883
2885
2890
2892
2895
2886
2887
2886
2885
2886
2883
2887
2886
2885
2882
2888
2881
2890
2881
2891
2886
2885
2881
2884
2878
2883
2880
2886
2879
2886
2882
2888
2882
2889
2884
2889
2888
2883
2883
2881
2883
2885
2891
2886
2883
2885
2886
2889
2885
2882
2882
2888
2887
2894
2892
2884
2885
2884
2894
2890
2885
2887
2885
2888
2896
2889
2893
2886
2888
2894
2908
2887
2893
2883
2890
2886
2887
2885
2885
2884
2885
2884
2883
2883
2887
2886
2883
2878
2889
2878
2891
2878
2885
2879
2883
2878
2884
2892
2884
2878
2884
2889
2882
2889
2885
2885
2886
2887
2888
2885
2885
2883
2888
2893
2883
2883
2883
2885
2884
2884
2885
2885
2897
2892
2888
2886
2892
2882
2888
2884
2889
2887
2883
2883
2890
2893
2880
2885
2878
2886
2876
2884
2881
2883
2878
2886
2887
2883
2878
2891
2884
2884
2881
2883
2882
2892
2884
2883
2882
2883
2883
2887
2883
2884
2883
2884
2894
2891
2886
2888
2886
2885
2904
2889
2882
2883
2892
2886
2883
2887
2889
2883
2890
2885
2884
2883
2890
2883
2883
2888
2887
2881
2883
2878
2887
2888
2885
2880
2889
2881
2887
2884
2883
2885
2889
2889
2886
2888
2884
2884
2890
