3074
2968
2960
2967
2960
2967
2967
2963
2962
2968
2961
2963
2965
2961
2962
2969
2968
2964
2961
2962
2958
2961
2972
2963
2959
2962
2965
2965
2965
2967
2965
2970
2967
2963
2961
2963
2962
2966
2972
2962
2973
2961
2965
2963
2962
2973
3043
2963
2964
2963
2965
2968
2958
2967
2962
2962
2959
2966
2957
2965
2977
2968
2957
2966
2957
2962
2957
2962
2957
2968
2958
2971
2962
2970
2961
2964
2961
2964
2960
2961
2967
2967
2962
2963
2961
2965
2962
2961
2962
2963
2963
2968
2965
2964
2961
2963
2968
2964
2963
2963
2962
2961
2968
2976
2963
2969
2963
2964
2970
2962
2969
2970
2962
2964
2962
2968
2962
2962
2964
2967
2978
2965
2965
2963
2962
2963
2971
2963
2963
2961
2962
2985
2974
2962
2969
2956
2965
2959
2972
2960
2961
2958
2965
2957
2962
2956
2975
2986
2964
2966
2962
2963
2963
2969
3000
2962
2962
2964
2975
2967
2960
2963
2962
2968
2966
2966
2961
2970
2963
2970
2971
2962
2967
2964
2965
2964
2964
2963
2965
2963
2965
2969
2962
2965
2971
2963
2961
2962
2963
2965
2961
2965
2962
2962
2972
2968
2965
2963
2967
2968
2972
2963
2964
2968
2962
2963
2972
2970
2970
2967
2962
2966
2967
2968
2959
2966
2971
2966
2960
2964
2957
2965
2958
2962
2957
2963
2957
2963
2960
2965
2956
2974
2992
2972
2971
2965
2967
2961
2961
2961
2962
2969
2968
2966
2962
2962
2991
2964
2962
2963
2961
2961
2968
2964
2976
2972
2961
2969
2962
2975
2962
2962
2964
2961
2968
2964
2966
2967
2962
2963
2961
2963
2963
2969
2969
2962
2971
2971
2962
2962
2962
2962
2971
2963
2963
2962
2962
2965
2962
2962
2971
2962
2966
2961
2963
2965
2963
2961
2962
2962
2966
2964
2975
2968
2966
2961
2967
2960
2976
2959
2962
2958
2962
2957
2961
2958
2966
2972
3008
2964
2967
2966
2962
2963
2962
2964
2964
2967
2969
2962
2966
2961
2961
2964
2968
2965
2962
2966
2966
2964
2965
2965
2960
2969
2965
2963
2963
2962
2962
2969
2964
2962
2960
2969
2963
2962
2971
2962
2963
2962
2967
2962
2965
2964
2964
2965
2972
2969
2978
2963
2964
2963
2962
2973
2963
2962
2960
2965
2962
2972
2967
2965
2961
2977
2967
2967
2963
2968
2963
2965
2964
2967
2958
2962
2958
2968
2958
2967
2958
2968
2957
2964
2959
2975
2985
2977
2963
2964
2962
2964
2965
2967
2961
2969
2962
2962
2963
2965
2967
2969
2964
2962
2971
2964
2962
2966
2963
2962
2969
2971
2963
2973
2964
2963
2970
2975
2970
2970
2964
2963
2963
2967
2964
2965
2962
2962
2971
2963
2964
2962
2966
2974
2962
2962
2963
2965
2972
2962
2966
2962
2962
2963
2963
2968
2968
2962
2962
2963
2972
2963
2964
2962
2964
2968
2968
2966
2969
2966
2969
2961
2964
2959
2964
2957
2966
2958
2966
2959
2979
3000
2968
2966
2965
2963
2963
2967
2968
2962
2962
2963
2963
2963
2967
2979
2965
2963
2964
2968
2966
2963
2962
2964
2964
2977
2965
2963
2966
2965
2961
2963
2973
2963
2967
2966
2963
2967
2966
2964
2970
2965
2964
2962
2964
2970
2965
2966
2963
2965
2963
2968
2967
2963
2963
2965
2960
2970
2972
3212
2959
2968
2962
2964
2957
2968
2957
2965
2958
2970
2960
2975
2957
2967
2963
2969
2962
2963
2962
2962
2965
2969
2962
2966
2963
2967
2988
3035
2968
2960
2966
2966
2964
2963
2972
2965
2965
2961
2963
2963
2962
2964
2965
2962
2965
2970
2968
2971
2964
2962
2963
2960
2972
2966
2962
2965
2964
2971
2974
2960
2965
2964
2961
2959
2969
2963
2964
2963
2967
2960
2963
2963
2962
2959
2964
2963
2968
2965
2962
2961
2962
2960
2969
2966
2963
2961
2964
2959
2964
2957
2964
2957
2963
2957
2972
2960
2979
2960
2973
2957
2964
2957
2965
2958
2970
2959
2965
2957
2963
2958
2969
2961
2982
2978
2963
2966
2969
2965
2969
2974
2971
2970
2964
2963
2960
2966
2964
2968
2967
2963
2971
2962
2964
2967
2970
2963
2964
2966
2965
2963
2963
2965
2964
2969
2965
2969
2971
2967
2970
2968
2964
2962
2965
2962
2962
2971
2969
2967
2960
2963
2964
2971
2964
2965
2959
2974
2969
2963
2957
2974
2958
2970
2957
2962
2956
2962
2957
2969
2960
2962
2957
2966
2964
2991
2968
2971
2963
2963
2964
2963
2969
2963
2968
2965
2963
2965
2968
2987
3001
2973
2966
2971
2972
2965
2962
2963
2962
2965
2962
2965
2965
2970
2975
2986
2964
2963
2971
2959
2964
2962
2968
2963
2963
2960
2963
2961
2962
2960
2962
2960
2979
2959
2965
2960
2965
2957
2966
2958
2961
2960
2963
2957
2963
2962
2964
2958
2967
2957
2967
2958
2965
2960
2963
2957
2970
2962
2964
2961
2966
2961
2963
2967
2966
2962
2963
2966
2968
2973
3013
2973
2970
2970
2972
2964
2963
2973
2964
2962
2964
2963
2964
2964
2962
2978
2984
2964
2966
2964
2959
2961
2961
2967
2957
2966
2958
2962
2963
2963
2960
2963
2957
2961
2957
2971
2957
2963
2957
2962
2958
2969
2961
2963
2979
2964
2961
2963
2961
2965
2961
2970
2962
2970
2962
2962
2964
2965
2968
2961
2962
2962
2967
2968
2962
2967
2967
2962
2967
2974
2968
2968
2963
2963
2963
2963
2970
2968
2963
2969
2967
2962
2962
2970
2963
2968
2965
2966
2970
2970
2963
2960
2967
2967
2962
2965
2962
2961
2971
2962
2978
2988
2978
2975
2966
2964
2965
2961
2972
2965
2963
2958
2963
2957
2969
2957
2963
2957
2964
2959
2973
2958
2963
2956
2966
2960
2969
2968
2962
2962
2967
2961
2965
2962
2963
2963
2968
2962
2968
2962
2964
2971
2968
2972
2967
2963
2962
2968
2969
2967
2974
2963
2962
2963
2964
2967
2965
2962
2962
2982
2969
2961
2962
2967
2972
2961
2963
2962
2963
2963
2970
2968
2971
2962
2960
2972
2970
2963
2964
2966
2961
2963
2961
2968
