1572
1542
1547
1542
1549
1556
1538
1551
1543
1539
1543
1542
1552
1542
1539
1544
1542
1538
1551
1543
1548
1547
1540
1553
1542
1539
1543
1543
1543
1547
1537
1549
1538
1539
1546
1541
1544
1543
1541
1542
1539
1538
1554
1538
1537
1553
1539
1552
1539
1536
1554
1541
1541
1544
1540
1545
1543
1537
1555
1537
1538
1543
1539
1550
1543
1538
1545
1541
1541
1549
1538
1554
1546
1539
1545
1540
1538
1545
1537
1546
1549
1540
1554
1540
1538
1548
1539
1550
1550
1539
1543
1538
1539
1544
1540
1543
1551
1541
1550
1540
1537
1558
1538
1552
1547
1540
1557
1540
1539
1546
1543
1550
1539
1539
1547
1542
1540
1550
1539
1552
1541
1538
1554
1541
1542
1544
1537
1543
1552
1538
1550
1539
1538
1548
1540
1546
1542
1537
1547
1538
1538
1550
1538
1548
1549
1538
1543
1538
1541
1547
1539
1546
1548
1537
1552
1542
1537
1551
1538
1541
1547
1541
1546
1538
1537
1551
1538
1538
1542
1538
1554
1540
1540
1543
1537
1537
1555
1538
1551
1547
1539
1550
1540
1543
1547
1539
1544
1548
1541
1550
1540
1541
1550
1541
1542
1544
1541
1543
1538
1537
1550
1538
1548
1541
1539
1552
1542
1541
1544
1542
1538
1548
1540
1577
1539
1540
1545
1537
1547
1543
1540
1542
1543
1539
1551
1544
1538
1550
1538
1551
1537
1543
1545
1540
1538
1549
1540
1551
1547
1539
1543
1544
1539
1544
1540
1548
1546
1539
1550
1541
1539
1549
1543
1542
1545
1539
1550
1538
1539
1552
1538
1555
1543
1542
1551
1540
1540
1544
1543
1543
1550
1540
1550
1543
1539
1548
1539
1543
1542
1539
1543
1540
1549
1555
1541
1543
1544
1539
1550
1541
1542
1554
1540
1551
1545
1543
1553
1538
1545
1544
1543
1545
1550
1539
1554
1539
1538
1544
1538
1551
1543
1541
1546
1537
1539
1548
1539
1540
1551
1542
1549
1540
1542
1545
1541
1539
1550
1539
1551
1539
1538
1554
1543
1537
1551
1538
1545
1541
1539
1543
1540
1539
1550
1543
1551
1540
1538
1551
1539
1538
1545
1540
1545
1550
1539
1549
1541
1539
1552
1541
1550
1548
1541
1543
1539
1542
1549
1545
1553
1542
1540
1550
1543
1543
1546
1544
1545
1554
1542
1553
1539
1540
1544
1539
1551
1546
1537
1545
1541
1539
1548
1538
1549
1547
1540
1549
1539
1538
1547
1540
1549
1543
1540
1548
1538
1541
1553
1544
1540
1543
1538
1551
1543
1540
1546
1538
1540
1548
1543
1551
1539
1540
1545
1542
1542
1546
1544
1545
1551
1539
1548
1544
1551
1551
1540
1549
1546
1539
1546
1539
1539
1549
1540
1553
1538
1540
1546
1539
1541
1549
1542
1551
1548
1540
1553
1543
1540
1544
1540
1544
1548
1538
1551
1540
1538
1550
1541
1546
1544
1541
1547
1540
1544
1549
1543
1544
1544
1541
1543
1539
1540
1552
1541
1551
1544
1537
1552
1540
1538
1551
1544
1571
1557
1538
1550
1543
1539
1546
1543
1545
1549
1539
1554
1539
1540
1545
1541
1553
1544
1539
1545
1545
1538
1548
1538
1554
1543
1539
1548
1543
1539
1550
1538
1550
1538
1541
1542
1538
1538
1542
1539
1544
1546
1541
1551
1539
1538
1551
1542
1551
1550
1541
1555
1542
1537
1544
1544
1546
1546
1543
1551
1537
1537
1545
1537
1550
1544
1541
1544
1539
1547
1554
1541
1549
1551
1543
1545
1539
1538
1546
1539
1544
1548
1537
1548
1539
1541
1548
1541
1547
1550
1538
1552
1553
1542
1544
1539
1547
1555
1537
1549
1541
1536
1548
1538
1540
1546
1540
1544
1537
1538
1554
1541
1539
1543
1537
1548
1538
1537
1545
1539
1543
1549
1542
1550
1552
1540
1547
1538
1536
1547
1540
1543
1550
1540
1551
1537
1537
1542
1539
1555
1543
1540
1545
1539
1541
1548
1539
1552
1543
1539
1550
1543
1539
1542
1541
1541
1547
1541
1550
1554
1538
1558
1538
1549
1544
1542
1551
1538
1538
1550
1539
1543
1553
1543
1554
1542
1543
1550
1537
1551
1551
1536
1552
1539
1540
1548
1538
1537
1549
1541
1551
1539
1538
1543
1537
1543
1549
1538
1551
1541
1545
1550
1541
1539
1547
1537
1542
1548
1537
1549
1539
1537
1552
1542
1543
1541
1538
1544
1537
1542
1551
1540
1551
1546
1537
1543
1538
1538
1552
1540
1554
1546
1541
1551
1538
1542
1543
1539
1542
1553
1542
1555
1541
1540
1548
1540
1540
1543
1537
1545
1545
1540
1550
1540
1543
1547
1538
1544
1538
1538
1543
1539
1538
1548
1536
1555
1542
1537
1554
1538
1539
1545
1541
1544
1542
1537
1547
1538
1538
1550
1546
1551
1542
1539
1549
1538
1540
1543
1542
1545
1546
1541
1551
1538
1539
1547
1538
1543
1544
1537
1543
1547
1540
1549
1540
1549
1547
1541
1544
1538
1542
1545
1538
1543
1550
1537
1550
1537
1538
1553
1538
1547
1547
1538
1544
1538
1540
1547
1538
1543
1551
1538
1550
1544
1541
1546
1542
1549
1542
1541
1544
1555
1545
1538
1543
1547
1540
1551
1542
1537
1543
1537
1550
1544
1541
1544
1539
1540
1552
1539
1544
1551
1538
1550
1539
1537
1543
1548
1545
1548
1538
1555
1539
1540
1548
1538
1553
1554
1539
1544
1539
1540
1549
1538
1551
1550
1538
1552
1539
1542
1546
1546
1544
1550
1539
1549
1539
1537
1551
1538
1541
1550
1537
1549
1538
1538
1543
1538
1547
1545
1538
1548
1538
1541
1550
1539
1545
1545
1542
1543
1538
1541
1550
1538
1538
1550
1539
1546
1541
1539
1543
1539
1537
1552
1537
1550
1549
1539
1543
1538
1540
1546
1541
1544
1550
1542
1551
1539
1541
1544
1537
1545
1541
1539
1552
1537
1550
1548
1537
1552
1539
1537
1547
1540
1541
1549
1537
1549
1544
1537
1551
1538
1543
1543
1541
1545
1539
1539
1550
1539
1540
1549
1540
1546
1540
1537
1546
1539
1537
1550
1541
1550
1549
1537
1546
1540
1539
1545
1545
1545
1549
1538
1553
1539
1538
1543
1537
1549
1542
