3092
2886
2885
2877
2877
2876
3125
2879
2871
2894
2872
2877
2882
2877
2880
2884
2880
2877
2877
2877
2877
2885
2893
2882
2890
2882
2879
2886
2894
2892
2875
2885
2875
2879
2874
2886
2886
2886
2875
2881
2885
2879
2875
2887
2875
2889
2880
2886
2879
2880
2890
2879
2874
2879
2875
2880
2874
2883
2875
2884
2875
2893
2875
2880
2875
2881
2874
2888
2873
2880
2875
2880
2880
2894
2881
2879
2881
2881
2878
2879
2879
2890
2897
2883
2879
2879
2879
2885
2878
2888
2884
2881
2877
2880
2874
2880
2885
2880
2875
2879
2876
2882
2874
2896
2874
2880
2875
2881
2874
2882
2876
2886
2874
2880
2891
2888
2875
2887
2905
2885
2877
2881
2882
2887
2875
2880
2875
2879
2875
2883
2874
2880
2875
2891
2875
2884
2883
2880
2875
2879
2876
2881
2880
2888
2875
2891
2874
2880
2880
2886
2876
2885
2874
2884
2875
2888
2874
2879
2874
2882
2875
2888
2874
2882
2885
2885
2876
2880
2876
2886
2875
2879
2874
2889
2874
2886
2882
2880
2886
2879
2876
2888
2874
2881
2875
2880
2877
2891
2882
2885
2889
2884
2874
2885
2873
2881
2877
2880
2874
2893
2884
2879
2874
2893
2879
2881
2876
2888
2882
2888
2874
2884
2876
2879
2878
2885
2874
2890
2877
2944
2910
2894
2881
2880
2883
2887
2878
2880
2878
2882
2890
2887
2875
2880
2875
2883
2878
2886
2875
2880
2875
2882
2874
2879
2877
2880
2874
2883
2875
2887
2874
2879
2874
2885
2886
2880
2882
2883
2885
2885
2887
2880
2874
2882
2874
2887
2875
2883
2875
2887
2874
2881
2878
2887
2879
2887
2885
2884
2880
2881
2879
2880
2884
2887
2879
2886
2880
2880
2876
2881
2881
2886
2881
2881
2879
2881
2885
2888
2900
2881
2880
2884
2896
2885
2886
2882
2879
2881
2880
2883
2880
2886
2889
2881
2883
2891
2887
2887
2882
2883
2881
2882
2893
2884
2882
2887
2880
2881
2886
2883
2879
2883
2894
2885
2885
2890
2878
2880
2879
2886
2875
2891
2875
2880
2882
2881
2884
2885
2875
2883
2884
2884
2878
2890
2875
2890
2875
2889
2878
2899
2890
2885
2887
2886
2881
2888
2881
2879
2890
2886
2880
2884
2878
2882
2898
2895
2878
2882
2880
2886
2881
2882
2881
2888
2886
2887
2880
2881
2880
2881
2887
2882
2880
2880
2884
2881
2880
2890
2882
2881
2881
2882
2886
2892
2881
2881
2884
2881
2887
2881
2888
2887
2885
2884
2886
2881
2885
2895
2879
2880
2879
2879
2880
2892
2885
2887
2879
2889
2876
2884
2889
2888
2875
2881
2889
2884
2882
2882
2887
2880
2880
2880
2881
2884
2881
2883
2954
2891
2892
2887
2882
2883
2885
2882
2884
2886
2880
2900
2879
2883
2886
2881
2880
2878
2880
2888
2880
2894
2883
2884
2881
2880
2880
2888
2883
2881
2885
2888
2881
2881
2881
2883
2886
2888
2880
2881
2888
2886
2887
2881
2881
2891
2883
2881
2895
2881
2880
2880
2880
2890
2883
2881
2882
2882
2887
2886
2886
2882
2882
2883
2880
2887
2887
2881
2881
2886
2888
2880
2889
2889
2884
2888
2890
2882
2888
2887
2887
2888
2880
2888
2880
2884
2881
2888
2884
2882
2880
2891
2880
2882
2882
2879
2886
2900
2884
2885
2883
2881
2889
2887
2887
2882
2882
2890
2881
2881
2887
2881
2881
2884
2881
2880
2880
2886
2881
2880
2880
2882
2881
2881
2889
2887
2882
2879
2882
2880
2897
2887
2883
2884
2881
2883
2887
2881
2890
2881
2881
2883
2889
2880
2879
2885
2880
2884
2886
2884
2884
2883
2888
2888
2880
2880
2880
2880
2888
2888
2883
2879
2881
2883
2881
2882
2879
2895
2880
2881
2881
2880
2882
2887
2883
2884
2887
2880
2889
2880
2880
2880
2880
2882
2900
2887
2893
2886
2888
2896
2882
2889
2883
2881
2881
2887
2887
2888
2881
2884
2881
2881
2880
2890
2888
2894
2881
2882
2890
2883
2881
2881
2882
2886
2881
2888
2880
2882
2891
2890
2882
2881
2881
2879
2880
2882
2881
2881
2882
2888
2880
2892
2881
2884
2880
2883
2887
2886
2885
2885
2881
2881
2888
2881
2882
2885
2883
2880
2887
2886
2880
2882
2880
2881
2894
2887
2888
2889
2881
2888
2887
2887
2880
2882
2886
2881
2880
2883
2881
2882
2895
2888
2880
2881
2880
2882
2895
2887
2880
2881
2883
2890
2878
2889
2881
2893
2880
2883
2882
2888
2880
2882
2880
2883
2881
2881
2881
2885
2903
2888
2891
2886
2880
2880
2887
2893
2880
2885
2881
2880
2889
2885
2880
2883
2879
2890
2888
2888
2884
2889
2880
2884
2887
2881
2880
2886
2878
2881
2888
2888
2880
2887
2897
2889
2889
2878
2880
2882
2880
2891
2883
2887
2880
2883
2882
2882
2888
2887
2882
2885
2883
2885
2888
2889
2909
2882
2880
2879
2882
2884
2889
2886
2882
2880
2882
2881
2883
2879
2888
2884
2889
2882
2880
2892
2882
2883
2881
2886
2885
2882
2878
2877
2881
2876
2883
2886
2884
2885
2879
2880
2884
2887
2877
2878
2877
2879
2878
2883
2882
2879
2879
2878
2877
2879
2878
2880
2880
2879
2884
2896
2881
2878
2877
2885
2882
2882
2873
2888
2884
2883
2878
2879
2880
2879
2895
2879
2889
2888
2884
2894
2877
2878
2877
2885
2887
2877
2872
2882
2874
2877
2889
2892
2878
2882
2884
2879
2877
2882
2879
2878
2883
2887
2877
2884
2890
2879
2877
2883
2887
2879
2877
2879
2876
2887
2886
2886
2872
2880
2873
2883
2875
2877
2876
2879
2873
2879
2873
2888
2873
2883
2872
2881
2872
2876
2879
2881
2880
2886
2872
2878
2872
2879
2871
2882
2879
2877
2878
2877
2878
2878
2883
2878
2879
2879
2878
2883
2888
2877
2880
2880
2886
2883
2888
2902
2872
2877
2873
2876
2874
2884
2873
2878
2874
2882
2877
2886
2888
2895
2883
2880
2879
2882
2875
2883
2876
2880
2875
2887
2880
2892
2879
2884
2896
2882
2896
2886
2880
2883
2886
2882
2889
2880
2879
2879
