1575
1761
1541
1552
1547
1719
1748
1541
1545
1538
1544
1540
1539
1547
1541
1708
1541
1540
1552
1538
1550
1775
1541
1547
1540
1544
1545
1541
1545
1540
1706
1551
1545
1731
1544
1551
1541
1550
1541
1542
1545
1542
1709
1543
1542
1710
1541
1545
1541
1540
1551
1541
1551
1541
1542
1702
1544
1705
1542
1541
1546
1540
1545
1541
1541
1549
1542
1549
1542
1540
1714
1540
1549
1541
1542
1548
1538
1705
1543
1547
1550
1541
1547
1540
1539
1713
1542
1544
1542
1548
1699
1541
1552
1544
1552
1540
1539
1546
1540
1544
1547
1540
1710
1542
1546
1552
1539
1544
1540
1708
1542
1540
1694
1543
1544
1540
1542
1713
1541
1546
1543
1541
1545
1540
1551
1549
1541
1701
1542
1548
1541
1547
1546
1539
1546
1540
1543
1552
1544
1547
1540
1540
1547
1540
1545
1546
1543
1711
1540
1543
1550
1539
1551
1540
1552
1705
1543
1547
1541
1547
1540
1539
1545
1541
1545
1543
1541
1703
1540
1554
1541
1553
1542
1539
1752
1541
1768
1539
1542
1553
1540
1550
1541
1541
1548
1540
1773
1540
1545
1546
1540
1742
1541
1543
1544
1541
1554
1545
1549
1544
1541
1549
1544
1541
1727
1541
1741
1541
1546
1541
1540
1551
1541
1546
1545
1541
1552
1540
1545
1541
1543
1547
1539
1545
1543
1545
1552
1540
1551
1542
1540
1545
1541
1757
1542
1542
1545
1542
1759
1540
1544
1545
1540
1550
1539
1540
1739
1540
1782
1540
1545
1541
1540
1546
1542
1716
1551
1539
1548
1539
1543
1545
1543
1765
1540
1543
1753
1543
1543
1543
1540
1547
1542
1556
1542
1548
1548
1543
1546
1540
1540
1547
1540
1544
1555
1540
1550
1540
1542
1547
1540
1545
1546
1541
1762
1540
1540
1552
1540
1552
1541
1538
1546
1542
1545
1541
1800
1544
1542
1550
1539
1550
1542
1545
1546
1540
1786
1541
1541
1548
1539
1544
1711
1540
1551
1541
1776
1540
1542
1769
1539
1544
1540
1541
1546
1541
1551
1549
1545
1552
1540
1552
1542
1550
1548
1541
1551
1542
1542
1777
1541
1551
1541
1545
1548
1543
1788
1541
1751
1543
1539
1546
1539
1547
1540
1540
1548
1540
1552
1540
1541
1793
1540
1546
1540
1540
1546
1540
1764
1541
1545
1545
1543
1556
1544
1544
1788
1540
1549
1539
1745
1540
1540
1722
1541
1544
1540
1541
1551
1540
1554
1540
1541
1547
1540
1556
1538
1541
1546
1540
1549
1753
1541
1545
1543
1733
1541
1540
1767
1540
1550
1540
1542
1548
1540
1744
1540
1545
1754
1541
1545
1541
1547
1549
1542
1550
1540
1551
1549
1539
1544
1542
1541
1552
1544
1550
1540
1539
1547
1555
1771
1543
1544
1770
1541
1546
1540
1547
1542
1540
1552
1544
1711
1540
1550
1549
1540
1547
1541
1544
1547
1542
1545
1540
1546
1551
1540
1553
1539
1542
1548
1543
1546
1539
1540
1551
1544
1547
1542
1539
1757
1543
1544
1546
1539
1545
1542
1546
1545
1543
1550
1541
1549
1550
1540
1755
1540
1549
1757
1542
1548
1541
1709
1541
1540
1550
1539
1546
1543
1540
1767
1541
1550
1540
1551
1731
1541
1546
1540
1545
1546
1540
1701
1540
1546
1550
1540
1707
1540
1542
1546
1540
1545
1542
1541
1547
1546
1546
1551
1542
1551
1540
1542
1549
1549
1549
1541
1540
1545
1541
1546
1554
1539
1551
1540
1547
1796
1540
1546
1541
1545
1547
1540
1781
1541
1541
1549
1541
1552
1546
1540
1545
1540
1552
1549
1538
1545
1542
1541
1789
1540
1545
1542
1546
1544
1540
1551
1542
1542
1784
1540
1545
1543
1779
1541
1544
1760
1543
1548
1539
1542
1547
1541
1548
1540
1541
1550
1546
1544
1541
1541
1544
1543
1783
1539
1542
1554
1541
1545
1541
1540
1550
1540
1541
1544
1542
1545
1541
1545
1542
1540
1551
1541
1552
1544
1552
1547
1541
1777
1542
1544
1545
1540
1759
1543
1544
1543
1542
1550
1542
1543
1759
1541
1544
1541
1543
1547
1539
1546
1541
1543
1763
1541
1551
1542
1548
1543
1539
1547
1540
1543
1759
1542
1750
1545
1725
1545
1540
1551
1540
1549
1541
1543
1552
1540
1550
1544
1543
1548
1541
1541
1550
1540
1555
1541
1545
1766
1543
1545
1541
1544
1546
1540
1749
1541
1540
1770
1539
1548
1540
1543
1547
1541
1765
1540
1541
1757
1543
1552
1541
1543
1818
1542
1780
1540
1736
1546
1541
1544
1540
1541
1551
1541
1778
1540
1543
1546
1540
1553
1540
1542
1546
1539
1548
1540
1542
1759
1541
1547
1541
1540
1547
1541
1779
1541
1539
1547
1541
1545
1565
1541
1555
1539
1765
1541
1542
1546
1541
1552
1543
1541
1544
1542
1549
1541
1541
1549
1544
1551
1540
1545
1543
1539
1547
1540
1545
1544
1541
1545
1540
1543
1552
1542
1550
1542
1539
1545
1542
1542
1789
1540
1769
1540
1542
1550
1539
1552
1542
1545
1552
1541
1553
1543
1541
1548
1541
1782
1541
1540
1740
1545
1549
1543
1543
1550
1540
1552
1541
1540
1800
1540
1555
1541
1554
1541
1542
1784
1543
1544
1546
1538
1766
1540
1547
1540
1732
1542
1539
1547
1541
1550
1544
1540
1746
1541
1547
1546
1541
1730
1540
1542
1550
1541
1548
1541
1549
1542
1541
1546
1542
1548
1773
1541
1546
1542
1543
1784
1543
1552
1540
1557
1540
1541
1737
1543
1545
1542
1717
1543
1543
1544
1540
1543
1545
1539
1550
1544
1555
1545
1541
1716
1540
1543
1541
1543
1544
1541
1747
1541
1540
1549
1540
1717
1541
1542
1547
1540
1547
1540
1540
1545
1544
1556
1540
1543
1733
1543
1672
1544
1541
1545
1541
1544
1550
1542
1550
1541
1546
1540
1540
1554
1540
1540
1549
1540
1545
1541
1540
1549
1539
1550
1544
1722
1543
1541
1546
1540
1547
1544
1539
1549
1542
1545
1554
1541
1547
1545
1550
1546
1541
1545
1542
1542
1545
1543
1548
1540
1547
1542
1541
1548
1542
1547
1541
1544
1552
1541
1551
1749
1540
