2886
2877
2888
2883
2875
2885
2876
2885
2881
2882
2877
2879
2874
2879
2884
2889
2886
2892
2873
2884
2874
2885
2873
2891
2873
2881
2875
2892
2874
2882
2873
2891
2873
2885
2874
2884
2876
2892
2874
2885
2873
2884
2878
2886
2875
2885
2876
2886
2874
2882
2879
2885
2879
2885
2879
2890
2875
2884
2876
2885
2875
2879
2879
2881
2875
2879
2876
2886
2875
2879
2875
2890
2874
2889
2873
2883
2885
2883
2874
2884
2873
2884
2873
2881
2877
2885
2884
2892
2881
2885
2874
2879
2887
2880
2882
2880
2876
2882
2884
2894
2881
2886
2881
2887
2880
2879
2891
2885
2877
2883
2884
2883
2881
2886
2884
2885
2880
2881
2885
2882
2883
2886
2880
2887
2876
2885
2882
2884
2882
2883
2882
2884
2879
2880
2882
2884
2879
2892
2881
2883
2878
2880
2882
2880
2878
2887
2891
2889
2884
2879
2887
2880
2884
2878
2884
2883
2884
2883
2882
2882
2880
2880
2887
2879
2877
2888
2879
2885
2881
2892
2881
2879
2880
2880
2884
2887
2887
2892
2884
2892
2883
2884
2881
2879
2882
2883
2885
2879
2881
2882
2879
2884
2888
2886
2884
2886
2879
2885
2882
2889
2884
2886
2884
2880
2879
2911
2882
2885
2881
2881
2887
2886
2879
2883
2881
2886
2879
2878
2893
2884
2880
2879
2879
2881
2880
2884
2885
2886
2878
2886
2884
2884
2879
2886
2889
2886
2882
2892
2886
2884
2886
2882
2890
2885
2880
2881
2881
2879
2883
2885
2883
2883
2879
2879
2878
2891
2884
2879
2897
2879
2880
2885
2879
2886
2881
2887
2884
2884
2885
2879
2898
2886
2885
2885
2882
2889
2884
2878
2884
2882
2879
2889
2877
2900
2881
2889
2882
2889
2882
2887
2883
2892
2880
2886
2882
2887
2887
2882
2883
2888
2905
2885
2876
2884
2875
2886
2886
2887
2877
2885
2885
2888
2883
2890
2882
2887
2879
2894
2886
2887
2881
2880
2884
2879
2878
2881
2880
2890
2880
2883
2883
2884
2879
2881
2878
2885
2887
2884
2882
2888
2883
2888
2879
2884
2951
2902
2921
2884
2887
2910
2887
2891
2887
2888
2881
2894
2926
2886
2883
2887
2898
2882
2883
2885
2884
2878
2890
2884
2887
2930
2896
2886
2883
2890
2882
2885
2898
2888
2893
2889
2882
2881
2886
2887
2892
2893
2889
2886
2885
2885
2891
2885
2887
2880
2888
2881
2879
2880
2880
2887
2879
2884
2954
2928
2880
2883
2889
2888
2883
2888
2893
2886
2875
2913
2875
2939
2965
2921
2914
2875
2972
2933
2956
2913
2890
2887
2884
2885
2885
2886
2905
2904
2895
3020
3056
3076
2941
2894
2919
2910
2929
2931
2954
2982
3002
2962
2940
2929
2974
2924
2894
2965
2961
2939
2922
2895
2880
2885
2880
2887
2875
2905
2880
2887
2877
2881
2886
2886
2885
2888
2880
2879
2896
2902
2880
2891
2880
2885
2884
2886
2880
2886
2879
2878
2887
2887
2886
2880
2879
2888
2881
2882
2887
2886
2886
2885
2881
2880
2886
2884
2893
2884
2883
2882
2886
2893
2883
2885
2880
2880
2886
2893
2889
2887
2887
2885
2888
2881
2894
2888
2889
2883
2890
2888
2885
2887
2887
2890
2896
2889
2882
2891
2882
2888
2888
2886
2885
2892
2881
2881
2888
2885
2889
2884
2890
2888
2891
2893
2890
2888
2890
2888
2888
2882
2883
2884
2889
2886
2889
2887
2885
2885
2882
2886
2905
2880
2890
2876
2890
2883
2886
2876
2892
2886
2883
2876
2883
2877
2889
2876
2895
2876
2882
2878
2884
2877
2887
2887
2885
2881
2882
2888
2891
2881
2891
2894
2883
2887
2899
2888
2883
2891
2884
2890
2893
2881
2887
2881
2883
2890
2888
2893
2886
2883
2882
2897
2886
2894
2890
2883
2887
2888
2895
2884
2887
2897
2882
2892
2900
2881
2888
2889
2889
2882
2883
2891
2884
2888
2889
2886
2885
2890
2883
2893
2884
2882
2882
2888
2886
2892
2878
2884
2888
2892
2887
2886
2882
2886
2880
2888
2883
2881
2889
2881
2881
2888
2887
2890
2885
2887
2883
2888
2888
2885
2888
2883
2876
2889
2876
2889
2880
2883
2876
2896
2877
2884
2877
2885
2878
2882
2876
2887
2883
2888
2876
2889
2876
2888
2877
2884
2886
2889
2877
2888
2877
2883
2877
2883
2877
2889
2879
2894
2880
2885
2886
2892
2893
2884
2895
2887
2883
2884
2890
2886
2888
2886
2891
2891
2888
2888
2895
2893
2883
2882
2889
2889
2888
2883
2887
2881
2889
2892
2888
2882
2882
2881
2889
2887
2923
2945
3163
2899
2885
2894
2892
2880
2881
2901
2883
2887
2889
2894
2884
2882
2891
2882
2884
2899
2890
2885
2884
2890
2883
2888
2884
2881
2891
2885
2884
2886
2883
2892
2879
2895
2883
2890
2883
2880
2876
2882
2875
2881
2873
2886
2875
2889
2873
2885
2882
2883
2874
2883
2874
2879
2877
2881
2876
2889
2874
2884
2874
2878
2876
2887
2874
2887
2875
2883
2874
2885
2875
2881
2875
2882
2875
2888
2877
2885
2875
2888
2888
2893
2885
2888
2878
2880
2884
2888
2895
2883
2884
2879
2885
2885
2879
2889
2880
2881
2886
2887
2886
2887
2881
2883
2886
2888
2889
2926
2879
2886
2879
2876
2884
2886
2887
2882
2881
2884
2888
2890
2885
2878
2884
2891
2887
2880
2893
2891
2888
2887
2894
2893
2882
2881
2885
2889
2887
2880
2888
2893
2888
2890
2884
2887
2887
2887
2890
2880
2881
2886
2885
2894
2881
2880
2884
2886
2885
2881
2885
2887
2884
2887
2885
2879
2886
2891
2884
2891
2885
2890
2889
2880
2880
2886
2888
2880
2892
2879
2882
2891
2889
2880
2890
2893
2895
2886
2881
2881
2882
2891
2894
2883
2889
2883
2884
2888
2886
2888
2886
2890
2890
2886
2890
2888
2886
2889
2881
2881
2884
2895
2887
2889
2881
2882
2888
2882
2887
2884
2881
2897
2887
2888
2879
2890
2888
2901
2891
2893
2877
2883
2877
2882
2876
2886
2877
2893
2883
2894
2877
2886
2880
2889
2877
2883
2880
2889
2877
2883
2876
2889
