2907
2901
3081
2888
3103
2886
2892
2882
2887
2884
2887
2898
2892
2889
2886
2888
2886
2900
2889
2887
2889
2885
2891
2883
3117
2888
3103
2893
2889
2887
2887
2887
2893
2889
2887
3129
2888
2886
2895
2888
2886
2887
2955
2892
2885
2887
2883
2888
2893
2907
2888
2883
2888
2900
3050
3053
2887
2889
3074
2894
2887
2887
2887
2893
2887
3115
2888
2894
2882
2888
2881
2887
2886
3081
3110
2882
2888
2889
2887
2887
2891
2892
3122
2889
2882
2897
2886
2887
2891
2887
2895
2889
3097
2882
2886
2885
2895
3050
2882
2887
2894
2903
2887
3049
2892
2882
2892
2887
3052
3083
2883
2892
2886
3108
2888
2887
3102
3087
2892
2893
2891
2887
2887
2890
2882
2893
2882
2893
2887
2886
2891
2886
2889
2887
3127
2893
2885
2891
2893
2889
2882
3132
2887
2896
2894
2895
3046
2882
2888
2894
2893
2887
2881
3051
2895
2892
2890
3052
2887
2885
2890
2890
2887
3067
3085
2888
2890
3101
2887
2888
2899
2889
3120
2882
2890
2887
2896
2897
2890
2895
2882
3100
2887
2887
2888
2891
2891
2882
3146
2894
2892
3042
2882
2888
2883
2892
2893
2892
2890
3043
2891
2883
2913
2894
2889
2888
2888
2891
2882
2887
2896
2893
2886
2891
2888
2883
2896
3091
2887
2891
2887
2896
2899
2890
2882
2893
2886
2887
2910
2883
3105
2903
2893
2890
2890
2889
2893
2891
2895
2890
2889
2889
2897
2883
2889
2888
2887
2901
2884
2897
2894
3053
2894
2895
3060
2888
2887
2896
2895
2889
3059
3073
2887
2895
2889
2889
2888
2894
3107
2891
2892
3141
2894
2892
2890
2903
2883
2896
2888
2889
2894
2893
2888
3141
2888
2890
2899
2890
2895
3043
3154
2889
2883
2891
2894
2888
2898
2897
3041
2883
2926
2895
3057
2891
2888
2887
2888
2892
2887
3066
2888
2895
2888
2901
2888
2883
2888
2894
2893
2893
2895
3107
2894
2887
3113
2889
2888
2889
3103
2884
2891
2888
2895
2888
2895
2891
2894
2893
2883
2888
3062
2887
2890
2889
2894
2892
2890
2884
2889
2895
2893
2889
2887
2892
2888
2888
2888
2888
2896
2894
2890
3053
2888
2891
2892
2894
2889
2888
2895
2894
2889
2883
2896
3114
2895
2889
2888
2889
2901
2890
2893
2887
2891
2884
2889
2892
2895
2888
2898
2895
2895
2891
3050
2893
2887
3091
2894
2884
2895
2883
2892
3076
2888
2892
2887
3093
2884
2888
2883
2892
2884
2888
2895
2891
2888
2887
2891
2897
3064
3104
2884
2888
2889
2893
3135
2901
2892
3073
2894
3199
2889
3108
2883
2889
2894
2895
2888
3155
3057
2892
2892
3052
2889
2895
2894
2888
3065
2885
2889
2884
2893
2890
3064
2891
2883
3064
2893
2890
2890
2887
3081
2884
2888
2889
2888
2888
3096
3109
2909
2894
2887
2889
3095
3118
2893
2889
2894
3067
2889
2890
2894
2894
2890
2889
2888
2896
2887
2893
2889
3043
2889
3080
3057
2884
2897
3100
2888
2889
3068
2888
2886
2889
2891
2891
3112
2888
3119
2886
2894
2884
3131
3093
3120
2892
2893
2888
2884
2888
2881
2888
2888
2887
2890
2889
3104
2892
3069
2888
2889
3040
3051
2884
2893
2885
2888
3078
2888
2892
2881
2890
2886
2889
2889
2903
2886
2882
2890
2892
2901
2888
2890
2893
2883
2887
2886
3103
2894
2887
2897
3112
2894
2883
2893
2886
2886
3091
2910
2894
2903
2886
2887
2885
2888
3097
2888
2881
2887
2886
2893
2887
3051
2895
2892
2897
2886
2890
2898
2894
3087
2888
2890
2892
2886
2894
3079
2887
2893
2899
2893
2882
2887
2889
2896
3177
2887
2887
2894
2893
2881
3193
2887
3094
2891
2891
2888
2887
2886
2891
2892
2888
2886
2888
2887
2897
2882
2890
2888
2888
3044
2892
3042
2882
2889
2894
2896
2888
2890
2889
2889
2889
2887
2885
2887
2887
2892
3103
2888
2886
2897
2887
2884
3106
2892
3103
2888
2887
3076
2890
2893
2888
2894
3124
3048
2887
3059
2884
2886
2892
2890
2888
2886
2891
2893
2893
2885
2891
2887
2889
2893
2892
2891
2882
2887
2887
2893
3084
2888
2890
2908
2890
3155
3091
2895
3124
2888
2889
3103
2896
2888
2888
2887
2891
3141
2884
2895
2888
2888
2888
3156
2896
2892
2891
2894
2888
2898
3051
3056
2883
2891
2888
2887
3046
2887
3059
2889
3050
2890
2892
2891
2904
2885
2890
3098
3110
2893
2890
2892
3155
2890
2891
2884
3132
2894
2891
3045
3149
2892
2888
2889
2888
2889
2891
2883
2894
3054
3059
2888
2890
2888
2885
2889
2890
2890
2897
2885
3068
2893
2889
2896
3071
3123
2889
2894
3160
3121
3140
2888
3136
2888
2884
2889
2894
2887
2888
2892
2894
2890
2888
2884
2888
2893
2895
2888
2889
2890
2894
2894
3068
3043
2888
2888
2895
2889
2897
3070
2887
2898
2883
2889
2884
2903
2888
2891
2894
2893
2889
2882
2889
2891
3092
2896
2889
2894
3142
2888
2896
2886
3138
2890
2894
2892
2886
3061
2889
2888
2891
2888
2893
2888
2889
3052
2888
2897
2901
3065
2884
2888
2897
2892
2894
2891
2886
2888
2888
3094
2888
2898
2885
2893
2884
2890
2889
3097
2888
2887
3124
2887
2897
2888
2889
2888
2886
2896
2891
2888
2884
2894
2893
3141
2889
2885
2889
2893
3068
2888
2885
3051
2893
3061
2883
2899
2899
3013
2894
2906
2889
2883
2888
2896
3091
2893
2883
3074
3073
2888
3065
2895
2895
3115
2888
2889
2884
2892
3153
2888
2891
2883
2892
2883
2889
3052
2897
2889
2888
3067
2884
2892
3054
2887
2888
3055
3060
2893
2888
2891
2887
2894
2890
2889
2888
2891
2883
2892
2897
2900
2892
2894
2889
2887
2889
2888
2886
2894
2887
2886
3105
3086
2893
2888
2890
2887
2891
2888
2897
2884
2887
2885
2889
2898
2891
2888
2899
2887
2883
2897
2897
3182
2898
2890
2888
2887
2888
2894
2892
2889
2887
2888
2883
2892
2888
3050
3046
3050
2894
2887
3049
2889
2889
2892
2886
