2917
2897
2897
2886
2887
3071
2898
2882
2888
2883
2887
2894
2887
3113
2888
3107
2889
2890
2897
2898
2894
2889
3079
2896
2902
2896
2885
3068
2896
2895
2893
2890
3061
3055
2893
2889
2889
3092
3075
2901
2899
2987
2940
2907
2906
3064
2883
3090
2889
3079
2889
2889
3113
3167
2889
2902
2889
2890
3079
2890
2889
2894
2889
3057
2900
2895
2884
2894
2884
2889
2893
2894
2890
2883
2886
2898
2888
2890
2884
2893
3091
2892
2890
3085
2890
3019
2897
2887
3106
2889
2883
2896
2889
2890
3106
3112
2895
2889
2889
2890
2897
2889
2890
3055
3053
2899
2900
2895
2885
2900
3065
2907
2888
2891
3055
2886
2891
3103
2891
2890
3075
2891
2885
3108
2891
2891
2903
2889
2891
2890
3123
3189
2934
2889
2895
2890
2885
2890
2885
2898
2885
2898
2884
2898
2884
2890
2884
2898
2884
2900
2899
2893
2889
2894
2895
2889
2890
2890
2890
3123
2897
2889
2889
2891
2889
2891
2895
2897
2890
2889
3086
2893
2898
2898
2891
2884
3094
2890
2894
2889
2891
3061
2891
2896
2891
3099
2898
2893
2831
2890
2983
3101
2901
2884
2893
2890
3094
2898
2885
2892
2890
3109
2895
2884
2894
3092
2903
2891
2891
2891
2906
2887
2889
2890
2890
2894
2885
3049
3090
2890
2902
2886
3093
3098
2889
2892
2891
2891
2890
2890
2897
2896
2889
3107
2900
2891
2889
3108
2898
2891
2889
2891
2896
2891
3120
2890
2891
2898
2894
2891
2891
3056
2889
2893
2889
3055
2893
2890
2902
2890
3051
3083
2889
2896
2889
2892
2891
3044
2891
2893
3109
3111
2885
2890
2890
2890
2891
2890
2896
2891
3142
3151
2893
2894
2890
2891
2890
3150
2889
2892
2891
3055
3058
2899
2898
2892
2891
2889
2897
3085
2898
3085
3094
2890
2900
2894
2911
2912
2897
2890
3100
3129
2891
2889
2892
2885
2897
2891
3137
2890
2891
3050
2892
3046
2890
2894
2896
2884
2890
2891
2893
2897
2885
2895
2888
2890
3102
2893
2895
2890
2890
2898
2893
2890
2897
3138
2894
2884
2889
2885
2906
2891
2891
2892
2890
2895
2667
2890
2894
2892
2891
2890
2897
2891
2893
2890
2891
2899
2885
2891
2889
3048
3071
2887
2892
2890
2891
2892
2894
2895
2885
2893
2890
2890
2898
2902
2890
3124
2890
2897
2897
2890
2891
2892
2893
2892
2891
2885
2890
3058
2889
3049
2899
2896
2885
3060
2890
2895
2891
3047
2889
2901
3061
3062
3075
2891
2898
2886
2890
2886
2892
2896
3061
2896
2885
2893
2895
2898
2891
3115
2890
2886
2893
2890
2891
3075
2890
2893
2892
2894
3055
2885
2889
2891
3056
2890
3058
2900
2890
2893
2890
2890
2899
2891
2891
2890
2892
2890
2884
2894
3106
3089
2894
2885
2890
2890
3110
2890
2884
2896
2890
3152
2890
2892
2889
2902
2892
3087
2892
3055
2892
2890
2888
3068
3058
2906
2891
2888
2889
2901
2900
3062
2884
3087
2888
2892
3077
3066
2891
2894
2892
3100
2889
2890
2886
2897
2888
2887
3128
2890
2897
2889
2891
2889
2889
2892
2747
2892
2892
2891
2898
2892
2891
2884
2892
2890
2891
2889
2897
2894
2890
2890
2902
2883
2890
3066
2884
2903
2890
2889
3086
2890
2895
2889
2890
2889
2896
3124
3093
2892
2900
3055
3155
2889
2890
2889
2884
2904
2890
3057
2898
2885
2899
2891
2895
2894
2888
2893
3074
2895
2893
2890
2895
3093
3076
2891
2886
3095
2890
2889
2891
2889
2894
2892
2891
2890
2891
2896
2907
3177
2895
2890
2891
2890
3066
2893
2898
2897
2890
2885
3057
3253
2890
2893
2885
2895
2897
2893
3122
2889
2891
2897
2893
2891
2898
2895
2886
3100
3179
2891
2892
2885
3193
3104
2893
2891
2890
2897
2903
3084
3059
2899
2897
3053
3040
2890
2896
2894
3081
2885
2897
2890
2898
3119
2901
3118
2891
2890
2892
2891
2896
2892
2886
2890
3078
2894
3120
2885
3111
2896
2895
2891
2894
3064
2896
2892
2891
2887
3050
2901
3047
2893
2885
2890
2893
2897
3131
2885
2890
2890
2721
3109
3162
2890
2896
2886
2891
2885
2889
2897
3164
2896
2893
3120
2894
2895
3053
2891
3062
3041
2906
2892
2885
2890
2897
2893
2892
2889
2892
2886
2895
2891
2892
2891
2890
2901
2883
2906
3123
2891
2892
2892
2890
2890
2895
2890
2886
2892
2926
2890
2888
2883
2895
2883
2897
2888
2897
2888
2895
2890
2888
3051
2901
3086
3058
2892
2890
2895
3112
3061
3105
3084
2895
2890
2891
3121
2891
2894
3132
2890
2899
2889
2895
2886
2895
3099
2890
2892
2895
3148
3053
2890
2897
2906
2894
3054
2889
3050
2892
2890
3060
2890
2897
2886
2890
2895
2892
3084
2898
2893
3113
2893
3135
2890
2893
2900
2891
2895
2890
3138
3136
2891
2898
2885
3160
3047
2886
2896
2892
3062
3059
2906
2891
2885
2890
2898
3059
2892
2885
2892
2902
2892
2891
3061
2891
2897
2897
3098
3074
2892
2953
2891
2891
2886
2894
3088
2893
2890
2682
2891
3055
2890
2892
2888
2891
3076
2887
2894
2891
3057
2890
2886
2899
2894
3046
2895
2881
3086
2896
2887
2888
2888
2891
2890
3125
2889
2896
2891
2890
2891
3146
2888
2899
3046
2890
2893
3156
2903
2884
2891
2891
3059
3052
2886
2894
2895
3066
2903
2887
2895
2891
2891
2898
2886
2891
2889
3076
2897
2909
2890
2899
2900
3107
2895
3118
3158
3100
3071
2885
2896
2891
2891
3052
2887
2893
2891
2890
2890
2896
2896
2901
2892
2885
2894
2891
2899
2892
2886
2891
2897
2897
2891
2885
2891
2892
2901
2894
2893
2890
2898
2892
3107
2889
2897
2886
3157
3139
2890
2895
3115
3139
2890
2890
2898
2890
2898
2886
2892
2891
3051
2899
2886
2891
2891
3057
2898
2894
2891
3077
2891
2896
3066
2891
2908
2892
2899
2897
2903
2886
2891
2885
2891
2899
3114
2892
2890
2892
3175
2894
2889
2891
2892
2888
2893
3063
2895
2888
2898
2895
2892
