2984
2974
2953
3132
2957
2958
2960
2965
3127
2957
3125
2958
2967
3130
2956
3146
2965
2958
2960
2952
3138
2961
2967
2961
3167
3169
2954
3163
2960
2952
2956
2964
3195
3190
2950
2958
2963
2962
3124
2951
2964
2991
2992
2974
2986
3125
2953
2956
2956
3121
3150
2957
2969
2952
2983
2965
2967
2968
2985
3163
2960
2963
2959
2961
2959
3151
2965
2952
2961
2952
3146
2965
2964
2965
2963
3182
2964
2957
3208
2963
3202
3112
2958
2963
2970
2963
2953
2961
2957
3130
2960
2968
2971
2955
2967
3140
2962
2962
2956
2962
3142
2957
3139
3139
2967
2962
3143
2958
2965
2960
2968
2965
3209
2956
2958
2967
2957
2960
2960
2958
2968
2958
2958
2955
2960
2957
2962
3115
3129
2965
2955
2956
2967
2957
2959
3106
2957
2965
2968
2958
2952
3136
2963
2959
3171
2961
3188
3190
2957
2961
2959
2957
3186
2958
2962
2961
2965
2965
2963
2965
2966
2961
2958
2968
2969
2959
2959
2963
2959
2959
3123
2966
2965
2959
2959
2974
2967
3117
2962
2953
3154
3184
2969
2962
2956
2958
2960
3194
3169
3166
2958
2956
2965
3184
2958
2960
2954
2964
2957
2967
2960
2963
2959
3118
2961
2966
2964
3122
2957
2966
3115
2957
2965
3128
2965
2958
2958
3140
2966
2966
2960
2959
3170
2962
2965
2962
2958
3193
2958
2965
2953
2969
2957
3200
3173
2957
2960
2962
3179
2968
2952
2961
2958
2958
2964
2965
2971
2963
2965
2965
3116
2964
2957
2960
2954
2963
3158
2963
2964
2959
2962
2957
2961
2966
2962
3181
3153
2961
2965
2952
2962
2958
2967
2965
2953
2958
2954
3161
2964
2970
2972
2961
2958
2972
3184
2957
2960
2966
2967
2963
2963
2962
2964
3129
2965
2957
2958
2960
2967
2957
2960
3111
2957
2960
3126
2965
2958
2961
2958
2958
2969
2958
2958
3125
2958
2959
2968
2958
3155
2958
2964
2962
2958
2958
2969
2959
2964
3085
2966
2964
2970
2958
2973
2960
2966
2968
3121
2958
2959
2963
2965
2960
2957
2960
2967
2966
2963
2953
2961
2972
2965
2960
2955
2957
2964
2959
2958
3134
2960
2962
2968
3195
2958
2965
2952
2959
2966
3201
3196
2957
2964
2966
2972
2965
2955
2960
3124
2963
2959
2959
3127
2964
2959
2964
2957
2964
3152
2967
2963
2956
3151
3146
2965
2964
2965
2959
2957
2957
2955
2959
2959
2960
2962
2953
2967
2959
2957
2960
2967
2960
2958
2960
2957
2970
3119
2958
2967
2962
2968
2963
2959
2960
2961
2964
2964
2961
2958
2970
2957
3112
3118
2952
2965
2953
2959
2958
2964
2967
2959
2967
2798
2958
3186
2958
2969
2969
2961
2957
2963
2970
2965
2959
3177
2969
2955
2961
2957
3178
2958
2953
2959
2959
2959
2966
2962
3124
2953
2958
2965
2966
2961
3115
2959
2963
2961
2959
2956
2965
3109
2964
2959
3126
2965
2954
2959
2957
2962
3191
2965
2964
2960
2960
2952
2962
2959
2958
2958
2953
3189
2959
2958
2958
3181
2960
2952
2965
2959
2958
2959
3147
2965
2967
2957
2960
2964
2959
2958
2959
2960
2960
2961
2985
3126
2957
2959
3135
2956
2963
2957
2960
2958
2954
2962
2955
2959
2959
3158
3172
2960
2966
2952
2960
2959
3111
2961
2966
3148
2965
2962
3130
2957
2957
2952
2958
2961
2960
2963
2981
3125
2959
2970
2965
2959
2959
2954
2958
2957
3156
2965
2838
2958
2959
2983
2962
2802
3151
2960
2960
2964
2963
3215
2958
2957
2965
3199
2959
2955
2962
3128
2967
2972
2954
3004
2964
2962
2959
2914
2958
3147
2964
2964
2960
2960
2958
3116
2967
2970
2969
2959
3126
3178
2956
2962
3191
2957
2964
2959
2961
3185
2961
2957
2958
2967
2964
2960
2960
2965
2964
3108
2961
2958
2958
2958
2962
2962
2958
2958
2967
2966
2959
2961
2958
3139
2953
2966
2966
2969
2959
2966
2959
2953
3179
2959
2967
2960
3156
2964
2958
2958
2958
2959
2965
2957
2961
2959
2958
2957
2954
3159
3122
2960
2966
2958
2959
2959
2959
3122
2957
2963
2966
2961
2963
2953
2957
2958
2966
2964
2953
2965
2957
2959
2958
2961
2966
2967
2960
2953
2959
2965
3162
2967
2959
2960
2956
2957
2964
3247
2959
2959
2959
3118
2963
2962
2961
2957
2957
3107
2958
3125
2965
2959
2959
2960
2960
2966
2880
2961
2962
2963
2961
2957
2961
2964
2957
2961
2960
3197
2966
2963
2961
2958
2958
2958
2969
2961
2955
2957
2966
2957
3117
2953
2967
2957
2960
2958
2958
3122
2957
2960
2958
3126
3130
2961
2961
2975
3169
2959
2963
2958
3179
2961
2959
2957
2958
2957
2958
2968
2964
2964
3218
2958
2959
2953
3216
2958
2961
2958
2964
2963
2959
2958
2959
2969
2961
2955
2969
2957
2959
2959
2965
2963
2959
3123
3141
2958
2967
3252
3142
2960
2953
2957
2961
2962
3153
2960
2966
2953
2958
2957
2964
2965
2964
3215
2956
2958
3113
2963
2960
2960
2962
2969
2976
2958
2959
2958
2958
2965
3138
2963
2960
3127
2964
2957
2968
2968
3123
2985
3122
2963
2958
2965
2964
2953
3198
2961
2957
2964
2955
2959
2965
2959
2957
2982
2960
2961
2959
2966
2960
3112
2956
2957
2952
2968
2960
3123
2961
3115
2969
2954
2967
2960
2961
3122
2955
2958
2963
3137
2958
2959
2964
2956
3010
2952
2963
3162
2975
3211
2969
2959
2959
2960
2966
2967
2961
2953
2960
3219
3205
2959
2964
2966
2960
3212
3129
2956
3120
2957
2960
3132
2958
2965
3065
2962
2959
2958
2966
2952
2959
2998
2962
2960
2969
2965
2967
2964
3024
2964
2957
2959
2958
2955
2964
3174
3187
2964
2955
2961
2958
3175
2968
3240
2966
2958
2965
3122
2959
2969
2958
2963
3131
2958
2966
2966
3122
2952
2960
2971
2972
2961
2955
2959
3140
3133
3130
3190
2970
2960
3139
3147
3182
2956
2959
3143
2968
2963
2959
2958
2957
2968
2959
2966
2959
2957
2960
2966
2959
2956
3136
2964
3104
