1304
761
760
764
761
758
768
758
759
759
758
758
761
758
763
758
760
761
758
761
760
758
764
757
760
764
759
759
760
761
770
758
765
763
760
768
763
759
763
764
757
758
761
758
762
760
768
760
759
762
760
759
758
758
765
758
758
769
760
757
758
757
761
759
758
763
760
760
761
758
778
765
761
762
762
765
760
760
766
760
759
760
765
765
763
763
772
761
765
765
760
766
761
761
767
761
763
761
760
765
760
761
765
760
768
767
762
764
760
764
762
763
765
761
765
772
760
759
760
760
766
762
761
769
762
761
762
762
770
759
760
766
760
760
761
761
765
761
762
771
760
760
765
760
765
760
761
764
762
761
760
760
764
764
763
763
760
760
760
760
765
762
762
771
762
763
760
760
767
760
764
770
760
760
761
760
765
762
761
766
760
760
761
759
766
760
760
765
760
761
761
761
770
760
764
765
760
760
760
759
766
760
760
770
762
762
760
762
765
761
761
767
760
762
761
760
770
761
762
766
760
761
760
763
779
760
766
766
760
761
760
760
765
760
760
769
761
759
760
762
767
761
762
771
760
761
769
762
766
761
763
777
759
768
760
761
768
765
761
762
761
764
760
760
760
760
763
760
763
768
760
765
761
763
762
763
763
767
761
759
761
763
762
760
761
769
764
760
774
760
771
764
760
765
766
759
762
763
766
761
760
778
760
760
765
762
767
761
762
769
760
761
764
760
767
763
761
765
760
762
761
764
770
762
761
766
760
765
761
760
769
760
763
770
760
760
761
761
767
760
759
766
761
761
762
766
770
763
762
764
761
761
760
760
764
762
762
770
762
760
760
761
770
762
762
766
764
760
764
762
766
760
760
770
762
760
760
763
765
761
761
765
760
760
760
760
767
760
760
767
766
760
763
759
773
761
760
770
765
761
761
763
766
762
761
771
761
762
760
760
765
762
761
766
762
760
760
761
764
763
762
765
762
760
761
761
764
768
763
768
763
760
762
760
773
760
760
766
761
765
760
762
768
761
761
771
763
760
760
767
764
760
762
764
763
762
763
761
767
763
760
764
760
762
763
760
768
761
761
769
761
762
760
764
765
760
762
765
761
761
762
760
765
760
764
765
760
760
761
760
765
760
762
765
762
760
762
762
765
762
760
764
760
760
760
764
764
765
762
765
766
760
761
762
765
763
760
770
763
760
764
763
765
761
761
766
760
760
762
764
765
761
759
761
761
760
762
761
766
760
763
760
761
763
763
761
766
762
764
760
762
764
765
761
766
760
761
760
763
760
763
764
771
763
762
761
764
761
760
762
766
762
764
760
760
762
764
761
766
762
765
762
762
760
760
765
767
765
760
761
762
762
760
760
765
763
760
763
760
761
763
760
772
762
758
758
759
758
757
755
760
759
756
766
760
756
756
758
759
757
756
763
758
756
771
756
757
758
756
762
759
756
762
757
759
759
757
755
760
758
765
759
759
766
758
757
756
757
760
756
756
762
759
755
758
758
767
756
756
769
758
756
758
756
756
756
759
762
760
756
775
759
756
757
756
761
756
761
760
756
756
756
759
757
759
756
761
758
755
761
755
759
759
757
767
756
755
769
756
758
758
756
758
761
758
761
756
755
762
757
755
756
756
766
759
756
760
757
761
761
758
758
756
758
767
759
756
768
756
756
757
759
758
756
756
770
757
759
767
756
756
757
757
761
758
757
761
760
758
758
757
762
759
761
761
759
758
763
756
757
770
761
761
756
758
763
755
759
756
756
756
757
759
761
755
756
764
764
756
757
757
768
756
760
768
756
757
759
758
759
758
756
761
758
756
766
757
759
756
759
760
756
761
762
757
757
760
756
756
757
756
767
756
756
761
757
757
757
760
763
758
757
766
760
756
756
759
761
759
756
761
756
757
767
758
756
758
756
761
758
757
761
760
757
756
756
763
758
758
767
756
756
763
763
756
757
756
760
759
759
762
763
760
761
755
756
756
757
762
756
757
766
758
758
757
756
762
757
758
761
756
758
763
756
756
757
756
763
756
758
762
761
760
759
758
760
757
759
761
757
757
757
758
756
759
756
763
759
756
764
757
757
756
756
759
756
756
762
759
758
765
755
755
757
756
768
758
758
762
757
756
756
757
759
757
756
760
756
759
764
757
756
756
758
761
758
756
760
756
755
756
756
758
757
758
762
756
756
766
756
756
757
758
761
756
756
762
756
755
757
756
756
757
760
761
760
759
761
758
759
758
756
762
755
761
759
756
756
759
761
757
757
757
762
760
756
763
756
757
759
