2918
2899
2892
2899
2905
2896
3078
2899
2898
2893
3076
3082
2904
2897
2900
3083
2893
2900
2892
2898
2898
2901
3100
2899
3121
2899
2898
2894
2899
3103
2900
3109
2897
3121
2897
2899
3144
2900
2898
2899
3147
2899
2899
2902
3149
3069
2899
2898
2899
2898
2894
2899
2893
3062
2898
2903
2898
2898
2899
2896
2897
2893
3062
3077
2899
2901
3057
2899
2899
2897
2898
2902
2897
2898
2892
2898
2897
3073
2899
2900
2899
2900
3091
2898
3074
2905
3081
2901
2894
3205
3099
3093
3144
2898
2898
2893
3146
3190
3130
2899
2899
2903
2899
2898
3128
2900
2897
3174
3074
2905
2899
2893
2898
2899
3093
3047
2896
3051
2894
2898
2900
2902
2902
2902
3077
2893
3078
2897
2898
2897
2895
2900
2894
2901
2897
2899
2897
3077
3079
2899
3108
2893
2899
2897
2907
3144
2901
3126
3111
3130
2899
2899
2897
2898
3118
2903
2897
3067
2898
2898
2898
2901
2898
2901
3168
3157
3060
2902
2899
2896
2898
2899
2899
3049
3054
2901
2897
3058
3073
2900
2900
2894
3073
2899
2899
2898
2895
2900
2899
2904
2900
2900
3123
2900
2899
2898
2899
2898
2904
3110
3127
2901
2900
3198
2897
3123
2898
3167
2898
2891
3097
2898
2899
2902
2900
2899
2901
3064
2898
2899
2896
3051
2899
2899
3056
2899
2905
2899
3045
2892
2900
2898
2899
2899
3068
2900
2899
2898
2894
2900
2899
3098
2899
2894
3120
3117
3140
2900
3106
2898
2899
3117
2893
2902
3211
3121
3187
2898
3199
2897
2900
2899
3191
2899
2895
3100
3062
3113
2903
3100
2899
2898
2900
3058
3076
2900
2895
2899
2899
2901
2901
2912
2902
2893
3102
3103
2900
2900
2896
2901
2901
2937
3130
2893
2900
2899
2899
2899
2903
3143
2898
2902
2894
2898
3103
2900
3117
3127
2906
2901
2900
2897
3107
2897
2899
3064
3145
2900
2899
2904
3060
2902
3052
2898
2898
2900
2899
2899
2899
2900
2892
2898
2900
2899
2897
2903
3084
2898
3110
2896
2899
2900
2907
3133
2894
3016
2901
2897
2901
2894
2900
2898
3132
2899
3126
2899
2899
3154
2893
2901
2899
3143
3070
2900
2902
2904
3065
2898
2894
2898
2894
2897
2893
3061
2900
3059
3079
3066
2901
2895
2899
2899
3077
2900
2899
2899
2898
3094
2893
2900
2900
2900
3120
2901
3105
2899
2900
2900
2899
2905
2902
2896
2899
2894
3131
3140
2899
2898
3115
2901
2897
3137
3152
2898
2902
2898
3163
3063
2899
2899
2899
2898
2897
3055
3062
2899
3057
3057
3066
2893
2899
2899
2901
2899
2899
2901
3046
2898
2899
2899
2900
2900
3087
3059
2904
2900
3095
3048
3071
2900
2898
2899
2894
2899
3149
2900
2898
3122
3114
2895
3110
2898
3179
2899
2906
2900
2901
2899
2899
2906
2900
3165
2901
3136
2900
2893
2900
3061
3064
2901
3060
3056
3081
2899
3069
2893
3077
2898
2899
2901
2900
2901
3074
2899
2898
2897
3077
3097
2899
2899
3110
2898
2900
2899
3132
2892
2899
2906
2899
2898
2899
2898
3111
2899
2895
2900
2902
3111
2899
3118
3137
2905
2902
2898
3132
3066
2899
2899
3079
3060
2901
3066
2901
2900
3062
3062
2899
2897
2899
2898
2899
2900
3055
3071
2893
2898
2899
2899
2898
3080
2902
2900
2899
2901
2902
2896
2900
2898
2898
2902
2900
3090
2900
2899
2892
3088
3137
2909
3145
2908
2903
3085
3140
2892
3132
2898
3143
2904
2894
2901
2898
2897
2897
2908
2905
2893
3161
2893
2899
2895
2899
2893
3062
2899
2899
3060
2895
2898
3070
3075
2898
2904
2900
2892
2901
2898
3083
3076
2893
3077
2899
2900
2902
3088
2900
2893
2901
2895
3087
3120
2899
2899
2895
3130
2899
3124
2902
3129
2899
2899
2898
2898
3094
2899
2898
2903
3179
2903
2894
3090
3063
2903
3063
3080
2898
2895
2899
2900
2900
3058
2895
3046
2899
3094
2899
3055
2898
2893
2898
2903
3076
2901
2897
3129
2895
3125
2900
2898
2905
2901
3119
2900
2897
2899
2900
2891
3120
3196
2899
2899
2898
2899
2893
2898
2904
2900
2899
2900
3092
2895
2903
2894
2906
3051
3081
2941
3089
2900
2894
3070
3058
2900
3063
2895
2899
2900
3055
2899
2900
3093
3126
2901
2900
2900
2901
2893
3118
2898
2900
2899
2901
2901
2900
2899
2907
2900
2901
3118
3185
2903
2899
2907
3219
2893
2901
2898
3220
2898
2902
3144
2897
2900
3086
3125
2899
2894
2900
2894
2899
2897
3062
2899
2900
2904
3103
3066
2902
2900
2900
2893
3096
3104
3103
2900
2900
2902
2893
3134
2899
2898
2899
2893
3130
2896
2906
2898
2899
2903
2893
2899
3135
3127
2898
2893
2899
2899
3148
2901
2900
2901
2893
2902
3064
3067
2902
2900
2899
3049
2899
2900
3060
2900
2898
2899
2902
2899
2899
3094
2903
2901
3108
2903
2900
2899
2901
2900
2899
2901
3093
2896
2900
2892
2900
2898
3101
2892
2901
2895
2903
2892
2899
2892
2901
2893
2903
2897
2900
2892
2900
2893
2899
2893
2902
2893
2900
2899
2899
2903
2899
2901
3108
2897
3126
2900
2898
2899
3139
2892
3151
3146
2967
3146
2894
3157
3059
2893
2898
2900
2902
2900
2901
3067
2899
3069
3068
2908
2922
3111
2900
3083
2902
2899
3076
2901
2899
2899
2898
3118
2902
2895
2901
2900
2899
2900
2906
3151
3134
3142
3165
2898
2898
2898
2901
3156
2899
2899
3147
3068
2899
2906
2898
2901
3066
3067
2901
2896
2900
3063
2899
2901
2900
2900
3084
2904
3121
2906
2899
3074
3003
2893
2901
3106
2900
2899
2893
3134
3158
2902
2901
3123
3155
2893
2898
2899
2899
2899
2904
2900
3145
2901
2893
3157
3066
2900
2901
2720
2906
3058
2900
2899
2893
3065
2905
3064
2900
2894
3065
2897
3076
2898
2901
3081
2901
3102
2893
2899
2901
2899
3122
2910
2899
3092
2903
3175
2901
2899
2899
3128
3136
2899
2900
3113
3145
3121
2911
2898
3171
2900
2893
3058
