2917
2885
2887
2891
2896
2887
2894
3087
2885
2890
3064
2893
2888
3106
2893
3036
2888
2887
2886
3079
2888
2887
2887
2896
2888
2888
2888
2981
2895
2887
2893
2891
2890
3039
3061
2891
2888
2888
3085
3076
3061
2888
2882
2893
2892
3076
2895
2887
2888
2883
2897
2887
2886
2889
2882
2885
3078
3127
2898
2887
2890
2888
2903
3068
3050
2889
2888
2887
2895
2889
3038
2889
2881
2889
2894
2887
2894
3059
2887
2896
3073
2887
3071
3086
3102
2889
2894
3082
2888
2883
2887
2925
2892
2888
2883
3154
2887
2888
2895
2893
3074
2888
2889
2895
2893
3051
3087
2887
2897
2895
2887
2886
2892
2892
2895
3078
2889
2895
2887
3079
2892
2883
2888
2897
2882
2888
2889
2901
2895
2889
3115
3054
3170
2886
2883
2892
3035
2887
2887
3086
2895
2891
2889
2893
3046
2888
3041
2889
2883
2889
2911
2893
2896
2895
2894
2893
2890
2893
3063
3103
2882
2887
2892
2897
2889
2881
2887
3189
2895
2888
2883
2895
2894
2893
2888
2888
2894
2886
2889
3056
2887
2893
2888
2888
3057
2882
2891
2890
2887
2888
2889
2889
2892
3071
3093
2886
2894
2890
3118
2882
2895
2894
2888
3122
2888
2889
2887
2897
3180
3121
3015
2891
3107
2895
2882
2892
2895
2891
3050
2892
2889
2882
3049
2888
2882
2904
2882
2887
2892
2881
2887
3112
2895
2890
2882
2887
3108
2887
2892
2884
2889
2887
2892
2886
2888
3122
2895
2896
2887
2889
3133
2882
2894
2887
3091
3053
2887
2895
2887
3052
3061
2894
3056
2895
3105
2887
2888
3080
3092
2896
3105
2893
2909
3105
2892
2889
2893
2895
2887
3108
2890
3100
2900
3447
3041
2888
2896
2885
2893
2888
2889
2889
2894
3053
2896
3058
2884
2896
2893
2895
2903
2884
2893
2895
2896
2889
2888
2891
2893
2897
2893
2894
2890
2882
3100
2894
2895
2886
2890
2895
3147
3094
2895
3053
2886
2892
3112
2892
2881
2888
3034
2888
3053
2886
2887
2881
2892
2891
2888
2888
3056
3045
2889
2893
2891
2887
2889
2893
2890
3110
2898
2895
2883
3135
2888
2888
2893
3119
2890
2889
3113
2896
2893
2893
3146
2892
2883
2899
2888
2889
2898
2889
2888
2890
2888
2893
3059
3056
2889
2888
3055
2889
2896
2888
2883
2894
2889
2889
3107
2888
2894
2888
2897
3106
3124
2889
2890
2887
2895
2890
2893
2889
2889
2889
2890
2888
2893
2903
2884
2889
2980
2895
2889
3056
2894
2883
2893
2898
2900
3064
2890
2888
2894
2895
2894
2895
2898
3111
2888
2897
2887
2889
2890
2889
2900
2888
3114
3145
2885
2900
3046
2888
2889
2890
2893
2888
2889
2889
2889
2897
2898
2889
3055
2893
2895
3055
2888
2884
2892
3080
2895
3068
2888
2887
2895
2896
2891
3055
2888
3083
2895
2889
3112
2895
2892
2893
2891
2893
2901
3137
2889
2890
2889
2891
2889
2894
2894
3048
2889
2888
2896
2893
2888
3075
2887
3063
2895
3055
2889
2891
2898
2884
2888
2888
2889
2897
2888
3077
2890
2893
2887
2887
2896
2896
3116
2884
2889
2894
2897
2894
3112
2889
2883
3139
2888
2888
2894
3145
2895
2887
3051
2896
2896
2889
2896
2893
2883
2890
2895
3042
3054
2883
2895
2896
2892
2890
2889
2890
2893
2895
2888
2888
2889
2889
2888
2889
2883
2896
2893
3120
3069
2884
2888
2889
3156
2897
2886
2895
3046
2888
2890
2888
2893
2887
2892
2889
2892
3068
2887
2890
2893
2889
2895
2884
2889
2888
3068
2898
2893
2889
2884
2893
2895
2891
2889
2891
2890
2899
2887
2889
2889
2887
2902
2894
2889
2883
2890
3025
3057
2890
2888
2888
2888
2895
2884
2892
3084
2884
3057
2886
2895
3080
2891
2891
2896
3065
3115
3113
2890
2905
2889
2889
2884
3136
3107
2888
2896
2893
2889
2889
2888
2888
3107
3077
2889
2889
2902
2898
2889
2889
3055
2900
3055
3056
2889
2894
2892
2889
3080
2896
3065
3101
2887
2892
2889
2888
2890
2887
2896
2887
2888
2892
3115
2895
2888
2887
2891
2889
2893
2899
2888
3055
2888
3048
2740
3046
3039
2890
2892
2883
3046
2897
2898
2893
2887
2888
2892
2888
2897
2895
2888
3174
2888
2894
2868
2889
2889
2889
2888
2893
2920
3113
2887
2897
3041
2887
2894
2886
2888
3053
2887
2893
2891
2886
2889
2897
2882
2888
2887
3034
2891
3100
2886
2888
2883
2897
2888
2890
2890
2888
2894
2887
2898
2890
2889
3116
3144
2895
2890
2889
2893
2884
2892
2896
2891
3041
2884
2894
2889
2888
2895
2889
2896
2888
2889
3079
2889
2888
2884
2890
2889
3086
2898
2890
2886
2891
3073
2890
2889
3120
2895
3144
3116
2889
2883
2895
2889
2894
2889
2893
2889
2883
3047
2891
2888
2889
2893
3055
2888
2895
2890
2891
2889
2884
2895
3074
3062
3086
2884
2888
2889
3095
2890
2891
2889
2890
2892
3133
2883
2888
3014
2909
2891
2897
2888
2889
2888
2897
3158
3055
2889
2888
2888
2895
2888
2897
2888
2884
3058
2895
2898
2888
2884
3059
2895
3069
2892
2888
2894
3113
2889
2891
2895
2890
2892
2887
2888
2899
2887
3160
2893
3164
3057
2889
2899
2903
2888
2889
3057
2897
2884
2890
2890
3055
2894
2891
2888
2895
2888
2899
2889
2889
2884
2890
3117
2894
2888
2887
2889
2902
2893
2889
2884
2891
2889
2889
3140
2894
2901
2887
3147
2894
3053
2892
2896
2888
2889
2888
2889
2889
2888
2891
2900
3066
2888
2889
2894
2903
3078
2889
2890
2895
2895
2895
3086
2892
2888
2888
3153
2905
2890
2891
3117
3125
2890
2889
2891
3141
2889
3149
3046
3050
2900
2889
3050
2890
2885
3052
2889
3054
2897
2889
2888
2884
2892
2890
2896
2889
2888
2890
2889
2895
2888
2892
2895
2898
3126
2888
3107
3118
2894
2899
3141
2889
2888
2884
2909
3062
2896
2890
2889
2897
2883
3055
2898
2895
2901
3065
2891
2884
2889
3060
2895
2889
3043
2898
3073
2887
2895
2901
