4237
2893
2926
2885
2886
2882
2886
2882
2892
2896
2886
2884
2885
2883
2887
2884
2887
2882
2883
2881
2893
2881
2887
2880
2887
2880
2885
2878
2886
2881
2884
2891
2889
2879
2891
2879
2890
2879
2893
2884
2885
2879
2885
2879
2887
2881
2887
2880
2888
2881
2890
2875
2884
2880
2885
2881
2889
2886
2885
2880
2888
2879
2898
2879
2882
2879
2887
2880
2891
2910
2886
2886
2887
2888
2894
2886
2889
2884
2886
2886
2889
2884
2894
2885
2885
2884
2884
2892
2889
2889
2884
2885
2886
2891
2885
2884
2887
2885
2881
2886
2890
2886
2900
2885
2886
2886
3163
2887
2885
2884
2886
2892
2887
2885
2892
2884
2884
2891
2888
2886
2884
2894
2884
2901
2887
2883
2884
2885
2884
2884
2896
2884
2885
2884
2892
2885
2884
2888
2883
2883
2885
2891
2883
2887
2888
2884
2884
2892
2884
2888
2883
2884
2884
2892
2915
2884
2889
2890
2879
2887
2879
2890
2879
2892
2881
2891
2879
2885
2880
2885
2883
2886
2882
2889
2879
2889
2883
2889
2879
2886
2879
2890
2888
2884
2879
2894
2883
2889
2882
2885
2888
2883
2890
2885
2884
2887
2891
2889
2886
2885
2885
2892
2885
2892
2895
2890
2885
2891
2892
2891
2890
2889
2900
2887
2886
2885
2885
2888
2885
2883
2892
2890
2886
2884
2892
2887
2884
2891
2885
2885
2894
2890
2892
2894
2893
2884
2885
2884
2891
2895
2886
2889
2891
2889
2898
2884
2884
2884
2891
2886
2885
2885
2889
2884
2893
2891
2885
2885
2884
2894
2897
2891
2884
2895
2887
2885
2893
2883
2886
2885
2883
2892
2886
2884
2887
2883
2892
2884
2897
2885
2892
2880
2898
2879
2884
2882
2886
2879
2893
2879
2884
2881
2885
2880
2892
2880
2885
2876
2890
2880
2892
2880
2888
2879
2887
2879
2889
2880
2884
2879
2885
2879
2885
2879
2885
2880
2890
2879
2884
2879
2885
2880
2895
2879
2890
2881
2891
2880
2891
2882
2885
2886
2892
2883
2890
2883
2883
2883
2886
2908
2888
2883
2881
2885
2885
2891
2892
2885
2886
2885
2892
2890
2885
2891
2885
2884
2885
2885
2884
2890
2888
2886
2884
2894
2890
2885
2892
2884
2885
2890
2888
2893
2887
2884
2887
2891
2889
2884
2885
2885
2883
2892
2889
2885
2887
2885
2884
2887
2885
2884
2887
2887
2889
2883
2884
2885
2893
2884
2896
2893
2885
2885
2884
2893
2885
2889
2890
2887
2893
2891
2901
2886
2883
2895
2883
2885
2888
2885
2890
2882
2898
2885
2895
2891
2899
2884
2884
2885
2883
2885
2884
2886
2884
2892
2889
2885
2880
2899
2886
2885
2880
2889
2879
2886
2880
2884
2881
2891
2888
2892
2880
2889
2879
2891
2880
2884
2880
2884
2879
2895
2879
2885
2879
2894
2880
2889
2879
2885
2880
2888
2879
2884
2880
2885
2879
2891
2891
2889
2879
2887
2879
2883
2879
2885
2879
2884
2880
2896
2877
2889
2880
2893
2881
2892
2881
2885
2884
2886
2891
2887
2891
2891
2887
2889
2900
2883
2884
2892
2891
2891
2887
2885
2884
2885
2891
2891
2892
2894
2885
2883
2885
2894
2885
2885
2885
2885
2893
2891
2885
2899
2889
2884
2885
2885
3129
2899
2885
2884
2885
2884
2894
2883
2884
2883
2886
2885
2890
2894
2885
2888
2884
2887
2888
2887
2885
2900
2883
2884
2889
2883
2885
2890
2884
2885
2893
2883
2894
2885
2884
2889
2884
2884
2893
2884
2885
2885
2887
2884
2890
2889
2884
2890
2885
2883
2894
2882
2890
2900
2885
2883
2885
2884
2891
2883
2887
2879
2885
2880
2889
2879
2885
2880
2884
2879
2891
2883
2893
2888
2886
2879
2896
2879
2884
2883
2884
2880
2886
2878
2887
2879
2888
2883
2886
2894
2902
2884
2889
2883
2886
2885
2895
2885
2885
2884
2888
2885
2884
2891
2885
2887
2884
2895
2883
2886
2888
2885
2882
2884
2887
2884
2888
2891
2890
2885
2886
2884
2885
2891
2887
2891
2885
2889
2882
2884
2884
2893
2892
2890
2886
2886
2887
2895
2889
2884
2889
2887
2885
2895
2890
2892
2893
2886
2884
2884
2884
2887
2891
2886
2883
2886
2885
2885
2892
2889
2888
2890
2890
2886
2887
2891
2884
2892
2886
2888
2883
2888
2900
2888
2885
2885
2884
2892
2888
2884
2883
2887
2885
2893
2892
2887
2884
2889
2885
2885
2886
2884
2885
2890
2889
2884
2884
2887
2897
2884
2885
2884
2890
2885
2891
2886
2887
2885
2886
2887
2891
2892
2879
2885
2879
2884
2885
2894
2889
2887
2880
2884
2879
2891
2879
2886
2879
2891
2879
2885
2877
2885
2879
2897
2880
2887
2883
2887
2879
2894
2881
2887
2880
2883
2879
2887
2881
2891
2880
2886
2879
2894
2883
2885
2892
2883
2884
2889
2888
2919
2886
2890
2885
2885
2892
2891
2891
2883
2893
2884
2885
2884
2890
2889
2892
2883
2885
2888
2885
2892
2884
2888
2883
2883
2897
2891
2887
2892
2885
2887
2883
2883
2885
2892
2888
2886
2889
2893
2885
2884
2894
2884
2884
2888
2890
2885
2886
2900
2885
2884
2885
2885
2890
2887
2883
2887
2892
2884
2889
2885
2886
2884
2884
2884
2891
2884
2885
2885
2885
2889
2884
2884
2886
2882
2884
2888
2887
2882
2884
2884
2884
2896
2887
2882
2887
2881
2893
2879
2885
2879
2885
2888
2895
2883
2885
2881
2886
2883
2889
2892
2889
2897
2886
2881
2894
2886
2884
2885
2885
2901
2890
2884
2882
2885
2892
2894
2889
2885
2891
2895
2891
2881
2888
2884
2888
2889
2887
2884
2887
2886
2892
2896
2884
2896
2883
2887
2887
2890
2891
2897
2886
2892
2884
2886
2885
2885
2884
2884
2886
2899
2892
2884
2884
2884
2883
2884
2888
2884
2886
2887
2884
2897
2888
2885
2885
2885
2885
2890
3144
2900
2886
2885
2884
2893
2889
2885
2880
2884
2892
2888
2888
2887
2894
2886
2882
2885
2880
2893
2880
2892
2881
2887
2880
2889
2880
2889
2886
2884
2880
2888
2880
2889
2879
2885
2882
2885
