2908
2894
2890
2883
3051
2884
3058
3052
2884
2890
2881
2893
2879
2887
3061
3083
2888
2893
3067
2891
3068
2887
2887
2892
2885
2887
2899
2890
2885
3078
3110
2882
2894
3141
2900
2888
2893
2893
2882
3126
3051
2886
2896
2891
2887
2892
3062
2895
2889
3044
2884
2888
2893
2893
2890
2887
2886
2894
2890
2896
2882
2891
2892
2886
2885
3063
2892
2886
2891
2891
2889
2901
2888
3128
2890
2895
2894
2891
2885
3110
3102
2887
2891
3086
2891
2887
2884
3072
2892
2887
3055
3047
2895
2881
3044
2887
3058
2898
2888
2887
2900
2895
2894
2894
3065
2896
2887
2887
2887
2891
2886
2890
2890
3071
3108
3098
2897
2894
2893
2887
2884
2889
2887
2890
3086
2880
2891
2892
3112
2892
2882
2894
3010
2887
2895
2882
2896
2887
2892
2899
2881
2887
2887
2893
2887
2892
3116
2882
3100
2892
2889
2893
2884
2894
3187
2890
2887
3122
2893
2896
2888
2890
2887
2891
2894
2887
2897
2888
2887
2889
2887
2891
2902
2886
3045
2890
2886
2890
3086
2886
2886
3049
2893
2898
2889
2885
2899
2886
3094
3100
2888
2894
2882
2893
3086
3101
2899
2890
3121
2888
3098
2886
2902
2894
2889
3122
2901
3123
3103
2891
2889
2898
2895
3054
3086
2889
2895
2891
2888
2888
3049
2883
2890
2886
2891
3080
2888
2887
2881
2901
2894
2894
3074
2886
3083
2887
2896
2896
2893
2886
2885
3107
2890
3128
3086
2881
2896
3082
2886
2887
2890
2896
2897
2888
2892
2887
3193
2891
2886
2886
3049
2884
2890
2886
2887
2885
2893
2887
2886
2891
3055
2883
2897
2883
2901
2901
2888
2892
2886
2894
2889
2886
2880
2889
2884
2892
2898
2890
2885
3067
2899
2885
2886
2887
2891
2896
3112
2887
2887
2887
2880
2888
2880
2890
2885
3115
2886
2887
2894
2885
2891
2891
2893
2884
3132
2887
2895
2893
2895
2885
2886
2895
2889
2888
2893
2898
2882
3058
2885
2886
2894
2886
2892
2885
2890
2884
2907
3118
2886
3107
2887
2897
2891
3123
2885
2886
2886
2890
3161
3078
2894
2899
3140
2885
2884
2890
2889
2888
2896
2892
3052
2881
3129
2896
2886
2896
2892
3049
2880
2884
2895
2885
3055
2884
2893
2881
2895
2885
2891
2885
2887
2886
2884
3065
2890
2893
2895
2896
2885
2887
2890
3069
2890
2879
2887
2891
2890
2894
2891
3117
2888
2886
3097
2893
2902
2885
2890
2879
2888
2890
2887
2891
2893
2886
2888
3056
2888
2890
3053
2884
3045
3062
2900
2892
3050
2885
2889
2889
2889
2888
2882
2887
2886
2885
2883
2884
2881
2887
2880
2885
2888
2891
2891
3114
3107
3114
2887
2891
3152
2882
2883
2889
2882
2888
2895
2890
2889
2882
2888
2889
2892
2889
2888
3045
2883
2886
2883
2892
2878
3044
2883
2888
2884
2884
2889
2882
3070
2899
2888
2885
3062
2886
2894
2886
2892
2888
2891
2885
2901
2880
2897
2892
3074
2885
2884
2896
3071
2889
2889
3118
2890
2888
3142
2885
2887
2893
2897
2893
2880
2890
2890
2895
2851
3054
2887
2886
2887
2879
2889
3062
2886
2887
3051
3059
2886
2890
3076
2879
2891
2879
3072
2891
2887
2890
2887
3072
2887
2894
2889
2886
2891
2887
2892
2888
2893
2881
2889
2892
2887
2885
3134
2887
2896
3141
2889
2892
2890
2881
2886
3048
2894
3049
2884
2891
2890
2887
2890
3057
2889
2886
2894
2891
2885
2887
2890
2891
2893
2890
2883
2890
2893
2891
2885
2888
2892
2879
2886
2884
3095
2897
3102
2890
2882
2890
2881
2892
2886
2890
2887
2886
2895
2893
2890
2885
2885
2891
2886
3079
2890
2881
2889
2883
2885
2885
2892
2891
2891
2891
2886
2888
2879
2892
2886
3044
2900
2887
2891
2893
3077
2888
2889
2892
2890
2886
2887
2881
2897
2883
2889
2885
2892
2885
2890
2885
2880
2889
2881
2886
2883
3115
2892
2894
2891
2889
2890
3051
2892
2891
2880
2896
2886
3048
2886
2879
2896
2896
3042
2890
2885
2886
2886
2892
2891
3100
2887
2892
2889
2889
2887
2889
2886
3117
2891
3124
2885
2885
2895
2889
3107
2880
3115
3130
3084
2889
2886
2890
2904
2893
2885
3140
3051
2898
2899
2894
2903
2897
2886
2886
2895
2889
2887
2901
2891
2893
2895
3074
3087
2895
2884
2891
2886
2889
2893
2891
2891
2884
2891
2885
3107
2886
2892
2887
3116
2894
2881
2897
2883
2889
3122
2890
2891
2886
2893
2895
2896
3058
2887
2887
3146
2895
2885
2886
3059
2887
2895
2895
2895
2889
2893
2897
2890
3065
2888
2886
2887
2886
2893
2886
2891
2893
2887
2890
2891
2892
2887
2888
2894
2897
2891
2886
2893
3108
2887
3108
2885
2892
2890
3117
2890
2880
2905
2885
3118
2891
2887
2903
2573
2891
2887
2890
2898
2897
2899
2887
2886
2887
2886
2896
3048
3058
2885
3063
2891
2896
2893
2888
2887
2880
3069
2889
2883
2885
2888
2893
2893
2904
2884
2887
2886
2886
2889
3142
2887
2885
2883
2890
2884
3142
2885
2889
2898
3050
2891
2891
2888
2890
2888
2891
2881
2885
2884
2898
2896
2889
2888
2890
2888
2893
2898
2886
3045
3059
2893
2885
2891
3058
3073
2885
3081
2888
2884
2899
3112
2893
3118
2890
2899
2883
2888
2881
2888
2885
2895
3137
2880
3136
2896
2893
2887
2885
2890
2891
3038
3047
2881
2885
2882
2886
2893
3039
2896
2892
2885
2890
3059
2887
2892
2892
2968
3081
2891
2893
2891
2888
2883
3069
2886
3061
2891
2886
2890
2894
3091
2894
2888
2896
2894
2891
2887
3096
2881
2889
2881
2887
3031
2888
2902
2907
2889
3113
2890
2895
2899
2893
2890
2892
2881
2893
2895
2892
2893
2886
3049
2887
2894
2886
2889
3071
2885
2897
2887
2896
2886
3086
2896
2887
3072
2881
2886
3098
2900
2893
2885
2892
2890
3078
2887
2893
2885
2888
2887
2892
2891
2895
2890
2883
2890
3129
2888
2893
2892
3112
2885
2900
2896
2897
2890
2883
2898
2885
