2988
2966
2996
2977
2957
2969
2961
2964
2964
2972
2961
2963
2963
2962
2969
2960
2960
2975
2962
2964
2962
2963
2960
2972
2957
2964
2964
2965
2956
2958
2960
2960
2957
2959
2967
2963
2963
2963
2957
2963
2956
2963
2964
2959
2962
2958
2961
2970
2958
2963
2955
2963
2964
2966
2964
2966
2964
2962
2962
2965
2964
2969
2968
2960
2964
2969
2962
2968
2961
2965
2961
2964
2958
2959
2963
2962
2956
2964
2960
2963
2952
2963
2954
2958
2953
2966
2953
2966
2953
2962
2952
2966
2952
2972
2958
2959
2953
2958
2952
2963
2953
2964
2953
2963
2956
2967
2960
2964
2953
2963
2953
2958
2953
2965
2953
2963
2953
2959
2966
2962
2967
2971
2954
2962
2956
2962
2963
2959
2953
2963
2952
2966
2959
2964
2958
2959
2954
2972
2952
2965
2955
2963
2956
2972
2952
2959
2952
2965
2952
2963
2952
2971
2953
2963
2954
2959
2952
2960
2953
2965
2954
2972
2955
2964
2953
2963
2952
2962
2953
2969
2952
2968
2963
2964
2953
2960
2965
2962
2953
2964
2955
2960
2952
2964
2952
2959
2953
2973
2961
2963
2964
2964
2953
2967
2954
2960
2954
2967
2955
2958
2953
2964
2954
2958
2953
2962
2966
2962
2953
2963
2953
2960
2953
2958
2952
2966
2953
2961
2968
2967
2954
2964
2963
2958
2950
2966
2951
2965
2953
2966
2953
2965
2964
2966
2952
2959
2952
2962
2960
2958
2954
2964
2965
2962
2961
2967
2952
2966
2963
2966
2959
2964
2953
2964
2952
2957
2959
2968
2953
2960
2952
2958
2952
2958
2963
2963
2953
2963
2953
2962
2956
2965
2966
2962
2955
2962
2955
2960
2953
2962
2953
2961
2953
2963
2957
2960
2954
2959
2953
2961
2952
2976
2957
2962
2952
2963
2966
2964
2960
2971
2953
2963
2953
2962
2952
2963
2953
2966
2953
2962
2955
2968
2952
2970
2953
2958
2952
2969
2955
2970
2953
2960
2952
2958
2953
2961
2957
2959
2953
2959
2953
2962
2952
2969
2958
2961
2960
2960
2953
2961
2952
2957
2955
2969
3038
3062
3000
2972
2990
2972
2964
2971
2987
2965
2980
2993
2973
2966
2983
2974
2970
2982
2978
2954
2962
2955
2958
2952
2962
3017
3019
2988
2968
2968
2967
2965
2961
2973
2971
2984
2964
2965
2969
2966
2959
2976
2964
2965
2967
2967
2975
2966
2970
2966
2969
2964
2960
2964
2963
2967
2958
2961
3034
3019
2977
2975
2964
2965
2968
3019
2967
2982
3016
2980
2968
2991
3093
3015
3033
2995
3021
3026
3051
3015
2981
2966
2966
2972
2971
2963
2987
2992
2986
3086
3110
3145
3037
3069
2994
2989
3015
3028
3033
3036
3093
3090
2999
3091
3077
2997
3002
3087
3049
3051
3015
3009
3002
2966
2970
2977
2958
2975
2972
2972
2963
2977
2975
2958
2965
2966
2960
2966
2960
2962
2981
2973
2967
2960
2961
2960
2968
2975
2967
2973
2958
2959
2966
2964
2968
2976
2967
2983
2958
2964
2964
2965
2960
2971
2958
2963
2967
2967
2965
2960
2960
2962
2972
2964
2958
2964
2966
2967
2959
2968
2958
2969
2964
2965
2959
2967
2967
2963
2966
2975
2967
2961
2961
2960
2967
2968
2966
2976
2976
2964
2963
2969
2972
2967
2961
2972
2962
2960
2967
2966
2961
2963
2968
2984
2972
2963
2962
2961
2969
2959
2966
2962
2967
2958
2966
2955
2974
2954
2967
2955
2971
2986
2973
2968
2967
2967
2965
2960
2967
2970
2968
2967
2962
2960
2965
2969
2969
2963
2968
2976
2966
2967
2965
2968
2966
2966
2964
2961
2969
2967
2965
2960
2970
2969
2967
2968
2966
2967
2961
2960
2964
2966
2965
2961
2973
2961
2961
2965
2967
2965
2968
2962
2967
2964
2965
2969
2961
2969
2968
2967
2965
2961
2973
2961
2959
2964
2966
2966
2968
2982
2973
2970
2970
2972
2967
2968
2965
2961
2968
2970
2952
2968
2962
2963
2954
2967
2963
2968
2955
2963
2964
2969
2958
2970
2955
2964
2958
2970
2956
2960
2954
2961
2955
2971
2960
2966
2954
2960
2955
2972
2961
2963
2961
2959
2968
2966
2964
2967
2964
2966
2968
2967
2967
2962
2960
2969
2961
2963
2966
2967
2970
2969
2961
2962
2981
2968
2966
2971
2963
2962
2968
2967
2969
2960
2961
2967
2967
2969
2969
2967
2966
2962
2967
2968
2987
2973
2961
2970
2962
2965
2969
2971
2965
2975
2961
2975
2967
2983
2965
2978
2966
2960
2969
2967
2969
2962
2964
2962
2968
2974
2968
2964
2962
2976
2970
3075
3132
3031
3012
2983
2970
2969
2971
2972
2959
2963
2972
2965
2967
2972
2954
2970
2955
2978
2958
2965
2961
2971
2959
2966
2953
2958
2953
2962
2952
2969
2956
2968
2953
2964
2954
2969
2952
2967
2971
2963
2964
2966
2958
2959
2964
2967
2957
2966
2956
2959
2961
2966
2968
2959
2979
2967
2968
2959
2963
2963
2970
2965
2958
2961
2966
2967
2958
2970
2958
2972
2968
2968
2965
2962
2966
2961
2965
2969
2965
2959
2966
2960
2967
2969
2960
2965
2961
2960
2965
2966
2971
2961
2958
2960
2965
2964
2964
2965
2958
2961
2966
2970
2965
2969
2966
2959
2974
2970
2978
2966
2973
2964
2965
2966
2966
2961
2969
2960
2960
2965
2961
2965
2960
2963
2968
2964
2965
2967
2961
2961
2963
2966
2966
2967
2962
2960
2961
2966
2963
2969
2984
2976
2960
2960
2959
2965
2966
2960
2972
2962
2962
2964
2965
2965
2967
2959
2959
2967
2965
2959
2968
2965
2969
2971
2973
2966
2962
2961
2964
2972
2964
2967
2960
2962
2959
2968
2964
2959
2963
2973
2967
2963
2975
2960
2966
2965
2963
2967
2958
2958
2959
2965
2965
2966
2967
2967
2961
2961
2969
2969
2960
2964
2963
2960
2955
2970
2952
2966
2966
2963
2957
2969
2954
2972
2955
2967
2960
2967
2955
2961
2956
2970
2964
2966
2955
2989
2957
2973
2972
2966
2966
2966
2958
2961
2971
2973
2968
2979
2965
2961
2967
2969
2961
2971
2964
2962
2967
2967
2966
2963
