3144
2965
2967
2956
2954
2954
2963
2961
2956
2962
2962
2961
2965
2965
2963
2953
2960
2957
2963
2959
2962
2962
2961
2959
2961
2957
2961
2953
2955
2953
2964
2959
2962
2951
2957
2960
2961
2958
2955
2953
2957
2956
2957
2968
2971
2957
2956
2958
2970
2956
2960
2954
2961
2961
2952
2954
2970
2966
2959
2957
2953
2956
2955
2954
2961
2958
2971
2958
2957
2953
2955
2961
2957
2953
2964
2954
2962
2953
2962
2961
2955
2960
2955
2960
2953
2960
2955
2961
2957
2967
2961
2961
2956
2954
2959
2962
2957
2958
2963
2972
2954
2964
2949
2958
2948
2960
2949
2954
2948
2967
2950
2959
2949
2955
2948
2966
2949
2954
2954
2956
2951
2959
2949
2969
2949
2965
2956
2957
2950
2964
2950
2952
2954
2959
2949
2958
2950
2967
2950
2953
2949
2981
2951
2963
2954
2954
2958
2965
2953
2961
2952
2956
2960
2966
2961
2957
2955
2957
2961
2962
2962
2961
2953
2958
2960
2961
2962
2956
2954
2963
2962
2962
2955
2965
2954
2953
2967
2960
2960
2957
2954
2954
2964
2964
2964
2972
2964
2964
2972
2954
2955
2956
2961
2953
2960
2959
2955
2962
2954
2951
2961
2985
2962
2960
2954
2955
2966
2961
2954
2960
2960
2956
2963
2954
2956
2953
2965
2960
2954
2962
2955
2954
3039
2969
2963
2957
2955
2972
2956
2949
2961
2949
2965
2950
2956
2949
2965
2961
2959
2950
2964
2949
2961
2949
2961
2949
2963
2949
2966
2950
2961
2949
2958
2949
2964
2951
2953
2948
2962
2950
2961
2951
2953
2950
2958
2963
2964
2953
2957
2966
2965
2965
2957
2958
2953
2959
2964
2955
2960
2954
2955
2960
2963
2962
2954
2968
2962
2960
2958
2955
2953
2960
2960
2961
2954
2954
2962
2965
2962
2962
2956
2955
2953
2960
2964
2960
2964
2955
2953
2961
2961
2954
2962
2968
2959
2963
2973
2960
2958
2957
2953
2962
2966
2961
2953
2954
2954
2961
2960
2960
2960
2954
2956
2961
2959
2961
2965
2954
2953
2967
2962
2953
2963
2954
2954
2959
2956
2961
2955
2954
2957
2965
2957
2960
2962
2958
2956
2964
2961
2961
2957
2956
2954
2963
2966
2959
2957
2954
2954
2967
2961
2964
2957
2954
2951
2954
2953
2959
2957
2964
2958
2960
2951
2954
2950
2965
2949
2959
2950
2951
2949
2966
2950
2960
2950
2955
2951
2962
2957
2974
2953
2967
2949
2954
2949
2964
2953
2961
2957
2956
2956
2961
2950
2962
2949
2962
2949
2967
2949
2965
2950
2962
2953
2954
2965
2956
2952
2954
2960
2966
2959
2955
2953
2953
2959
2959
2954
2961
2954
2954
2962
2959
2955
2962
2954
2954
2963
2959
2962
2958
2954
2957
2969
2962
2961
2953
2954
2958
2978
2968
2961
2961
2954
2957
2963
2959
2954
2960
2958
2959
3000
2961
2953
2952
2954
2962
2957
2954
2957
2959
2964
2959
2964
2954
2969
2975
2968
2960
2967
2961
2970
2960
2957
2961
2955
2954
2954
2961
2960
2962
2962
2967
2962
2961
2956
2956
2953
2961
2968
2962
2973
2953
2954
2960
2970
2954
2960
3065
2965
2968
2961
2962
2958
2964
2973
2953
2960
2969
2968
2965
2954
2959
2966
2964
2954
2964
2959
2954
2960
2959
2963
2954
2954
2960
2960
2958
2954
2999
2962
2964
2966
2963
2954
2955
2961
2961
2954
2960
2955
2955
2960
2958
2961
2957
2954
2959
2956
2953
2960
2959
2977
2958
2957
2965
2965
2960
2961
2953
2956
2952
2968
2962
2959
2968
2955
2954
2963
2964
2954
2958
2954
2954
2960
2957
2961
2957
2955
2961
2965
2951
2957
2963
2965
2962
2961
2953
2954
2955
2962
2962
2956
2960
2958
2957
2955
2962
2959
2967
2962
3010
2957
2969
2957
2955
2959
2961
2964
2954
2956
2951
2961
2961
2956
2954
2962
2963
2956
2956
2954
2952
2961
2960
2961
2954
2955
2954
2960
2962
2960
2954
2958
2958
2964
2961
2953
2971
2966
2964
2955
2949
2966
2951
2959
2951
2958
2949
2965
2950
2953
2950
2958
2953
2961
2950
2956
2950
2958
2948
2961
2954
2964
2949
2960
2949
2960
2948
2961
2948
2955
2956
2962
2949
2964
2955
2955
2961
2962
2957
2961
2957
2955
2964
2954
2955
2952
2961
2971
2956
2965
2959
2955
2961
2963
2954
2962
2975
2957
2959
2963
2954
2953
2968
2958
2961
2952
2960
2953
2962
2959
2954
2954
2962
2958
2961
2953
2953
2959
2963
2963
2961
2964
2970
2961
2970
2962
2967
2954
2961
2961
2962
2954
2959
2956
2960
2965
2959
2959
2961
2962
2962
2959
2959
2968
2962
2955
2960
2963
2955
2959
2957
2960
2968
2958
2963
2965
2955
2956
2965
2964
2963
2953
2955
2953
2967
2975
2973
2959
2962
2960
2955
2953
2963
2949
2961
2951
2961
2950
2959
2950
2953
2950
2955
2950
2963
2949
2955
2949
2953
2949
2960
2948
2959
2949
2954
2954
2962
2948
2962
2950
2960
2950
2959
2957
2967
2956
2956
2950
2974
2957
2955
2954
2958
2959
2960
2959
2963
2961
2960
2962
2963
2956
2960
2954
2954
2961
2970
2961
2974
2961
2961
2954
2962
2956
2959
2954
2953
2962
2970
2962
2961
2954
2954
2966
2962
2960
2960
2954
2953
2964
2965
2969
2964
2959
2957
2955
2963
2960
2954
2964
2962
2954
2955
2961
2958
2961
2954
2954
2955
2969
2960
2962
2960
2957
2963
2959
2958
2954
2957
3000
2964
2951
2954
2955
2962
2960
2963
2954
2955
2954
2968
2963
2971
2977
2955
2957
2961
2959
2956
2966
2955
2956
2961
2971
2960
2967
2962
2954
2955
2951
2963
2962
2960
2952
2957
2953
2961
2960
2956
2953
2959
2957
2958
2961
2955
2966
2962
2966
2964
2964
2960
2956
2962
2970
2955
2962
2956
2956
2962
2977
2960
2956
2955
2992
2960
2963
2964
2961
2955
2954
2963
2961
2952
2978
2959
2954
2962
2955
2958
2954
2953
2956
2961
2965
2953
2952
2957
2950
2960
2950
2960
2950
2962
2949
2962
2950
2953
2948
2963
2964
2965
