2935
2879
2888
2884
2890
2880
2887
2879
2885
2879
2889
2880
2885
2879
2885
2884
2882
2879
2885
2879
2883
2891
2884
2879
2890
2879
2884
2879
2904
2954
2899
2884
2885
2888
2889
2886
2898
2883
2886
2891
2890
2894
2899
2886
2885
2890
2892
2884
2885
2886
2885
2891
2889
2883
2886
2883
2894
2890
2900
2890
2890
2884
2899
2890
2890
2884
2886
2883
2891
2889
2891
2884
2897
2889
2887
2890
2891
2887
2886
2883
2888
2884
2888
2886
2884
2889
2886
2884
2885
2890
2885
2890
2885
2885
2884
2890
2888
2889
2886
2884
2888
2891
2888
2883
2889
2885
2884
2885
2885
2889
2890
2886
2886
2895
2890
2907
2891
2892
2886
2885
2885
2891
2889
2885
2885
2885
2885
2891
2885
2888
2886
2887
2885
2896
2887
2887
2894
2886
2889
2884
2888
2885
2891
2893
2890
2885
2900
2884
2885
2885
2890
2902
2885
2888
2887
2897
2893
2889
2893
2886
2888
2890
2885
2884
2879
2891
2878
2885
2879
2883
2880
2889
2886
2888
2903
2885
2884
2901
2879
2885
2879
2886
2879
2893
2878
2884
2881
3140
2883
2891
2887
2885
2878
2884
2879
2892
2879
2887
2878
2884
2884
2894
2886
2884
2892
2885
2884
2886
2884
2887
2891
2885
2892
2886
2884
2885
2888
2891
2885
2888
2884
2886
2890
2885
2883
2887
2883
2891
2885
2885
2882
2884
2888
2892
2884
2886
2882
2885
2888
2884
2882
2891
2884
2885
2889
2888
2884
2901
2886
2885
2886
2897
2888
2887
2882
2885
2885
2885
2882
2888
2881
2886
2881
2885
2879
2895
2879
2884
2881
2891
2878
2890
2879
2888
2879
2889
2883
2885
2879
2888
2881
2894
2879
2888
2880
2886
2887
2895
2895
2885
2888
2891
2886
2890
2884
2886
2890
2885
2886
2886
2887
2886
2889
2892
2884
2886
2894
2885
2884
2897
2885
2887
2884
2887
2889
2890
2885
2889
2890
2888
2888
2890
2885
2887
2884
2893
2884
2888
2886
2885
2892
2889
2884
2885
2886
2885
2891
2894
2883
2885
2882
2888
2887
2887
2882
2885
2881
2885
2881
2884
2881
2889
2879
2886
2879
2891
2880
2888
2878
2884
2879
2893
2879
2890
2877
2890
2879
2888
2881
2883
2878
2903
2880
2886
2878
2884
2880
2895
2886
2886
2879
2890
2878
2886
2890
2894
2880
2884
2880
2896
2879
2896
2880
2889
2879
2895
2880
2886
2879
2885
2878
2890
2879
2887
2879
2891
2879
2884
2878
2885
2879
2885
2882
2894
2879
2888
2885
2891
2886
2891
2884
2886
2885
2892
2897
2884
2884
2886
2884
2886
2892
2885
2885
2888
2891
2885
2884
2888
2883
2885
2887
2896
2884
2885
2893
2891
2885
2885
2884
2885
2889
2889
2884
2884
2885
2886
2884
2895
2907
2884
2885
2888
2889
2895
2886
2885
2885
2886
2893
2886
2889
2896
2884
2887
2882
2885
2891
2890
2886
2885
2884
2884
2891
2884
2885
2887
2890
2882
2885
2884
2885
2885
2890
2885
2884
2886
2886
2886
2885
2888
2955
2891
2890
2886
2888
2886
2894
2882
2897
2886
2885
2885
2892
2890
2886
2884
2886
2885
2888
2886
2887
2885
2885
2885
2891
2895
2884
2885
2893
2902
2893
2885
2888
2886
2885
2891
2894
2884
2890
2892
2891
2887
2886
2889
2892
2894
2891
2889
2891
2885
2884
2886
2884
2887
2889
2884
2884
2896
2884
2885
2885
2887
2892
2889
2884
2885
2891
2889
2883
2896
2885
2893
2884
2892
2890
2890
2885
2886
2898
2885
2890
2890
2885
2887
2885
2891
2884
2887
2883
2885
2886
2894
2887
2887
2885
2885
2892
2888
2891
2886
2884
2885
2885
2885
2885
2886
2890
2885
2884
2884
2885
2887
2890
2885
2883
2886
2885
2885
2885
2884
2895
2901
2888
2885
2885
2886
2890
2885
2884
2885
2892
2887
2901
2916
2944
2893
2889
2884
2889
2886
2888
2891
2889
2886
2888
2885
2886
2892
2894
2885
2886
2893
2895
2887
2884
2890
2886
2886
2886
2902
2901
2885
2887
2889
2886
2888
2889
2884
2886
2890
2886
2900
2893
2886
2885
2893
2896
2888
2888
2887
2884
2890
2888
2888
2886
2888
2886
2894
2890
2889
2881
2886
2883
2887
2880
2887
2884
2888
2890
2884
2892
2887
2881
2885
2896
2891
2886
2885
2888
2884
2890
2897
2881
2886
2882
2907
2890
2890
2904
2890
2884
2885
2884
2887
2890
2886
2890
2886
2884
2886
2890
2887
2885
2885
2886
2885
2892
2891
2890
2891
2888
2886
2884
2884
2897
2885
2885
2887
2884
2886
2884
2890
2886
2894
2884
2885
2887
2886
2895
2892
2887
2885
2884
2893
2884
2895
2884
2884
2883
2890
2891
2885
2884
2891
2886
2886
2884
2886
2883
2884
2884
2888
2889
2890
2891
2884
2891
2885
2889
2890
2883
2897
2884
2885
2885
2884
2889
2885
2883
2886
2885
2890
2885
2891
2883
2886
2884
2885
2890
2887
2884
2884
2886
2885
2891
2887
2886
2894
2884
2891
2884
2889
2890
2895
2893
2892
2885
2886
2893
2894
2883
2885
2891
2886
2891
2887
2887
2885
2886
2889
2893
2885
2886
2890
2894
2895
2891
2889
2886
2889
2885
2886
2889
2887
2898
2889
2884
2894
2886
2891
2884
2887
2887
2886
2900
2889
2885
2886
2887
2885
2894
2885
2885
2886
2885
2888
2884
2891
2886
2888
2886
2886
2895
2888
2883
2885
2887
2886
2886
2885
2894
2889
2901
2886
2885
2894
2895
2886
2885
2886
2891
2891
2892
2888
2888
2886
2884
2891
2894
2884
2888
2886
2884
2889
2886
2886
2889
2885
2898
2887
2894
2884
2888
2886
2885
2886
2890
2889
2892
2886
2884
2886
2885
2889
2894
2884
2887
2886
2891
2888
2884
2894
2889
2888
2885
2886
2888
2885
2897
2888
2891
2885
2890
2888
2888
2885
2885
2885
2889
2890
2885
2885
2888
2886
2892
2884
2886
2891
2891
2891
2885
2895
2902
2879
2895
2889
2885
2879
2896
2879
2885
2878
2886
2886
2892
2888
2885
2879
2888
2879
2886
2879
2888
2879
2889
2883
2886
2880
2886
2881
