2897
2897
2902
2886
2895
2886
2892
2890
2888
2882
2891
2882
2895
2893
2891
2886
2888
2892
2887
2917
2890
2896
2891
2886
2887
2890
2893
2889
2892
2892
2893
2906
2896
2896
2889
2894
2894
2888
2891
2888
2898
2892
2887
2888
2894
2889
2888
2888
2887
2899
2890
2890
2884
2891
2884
2894
2884
2937
2893
2909
2890
2889
2889
2896
2900
2885
2895
2884
2901
2884
2892
2884
2887
2883
2898
2884
2900
2884
2895
2892
2895
2898
2898
2893
2890
2888
2889
2888
2890
2894
2895
2896
2895
2895
2899
2895
2894
2904
2983
2887
2888
2890
2886
2892
2893
2886
2887
2894
2884
2894
2882
2894
2887
2895
2883
2894
2884
2896
2886
2887
2886
2896
2892
2896
2898
2891
2894
2901
2890
2890
2890
2904
2945
2889
2896
2890
2898
2889
2896
2888
2897
2888
2891
2887
2888
2890
2889
2896
2892
2893
2888
2890
2891
2888
2900
2885
2888
2884
2897
2884
2900
2884
2897
2884
2895
2883
2892
2884
2892
2892
2896
2885
2893
2887
2891
2888
2904
2905
2891
2895
2892
2895
2896
2891
2896
2904
2889
2890
2890
2892
2900
2888
2892
2895
2899
2894
2902
2900
2889
2891
2890
2894
2888
2892
2885
2904
2887
2898
2886
2890
2884
2900
2884
2905
2895
2898
2884
2902
2899
2893
2890
2894
2888
2890
2891
2890
2894
2890
2896
2891
2887
2900
2894
2888
2902
2890
2896
2890
2894
2895
2891
2893
2890
2894
2894
2899
2889
2896
2889
2891
2894
2897
2892
2886
2890
2894
2898
2884
2902
2884
2889
2893
2889
2884
2897
2884
2892
2884
2902
2894
2898
2895
2895
2895
2901
2894
2898
2905
2891
2896
2903
2890
2890
2891
2891
2893
2894
2893
2900
2894
2885
2896
2890
2894
2884
2888
2885
2890
2883
2897
2885
2901
2898
2905
2884
2893
2890
2889
2893
2910
2896
2891
2890
2892
2889
2890
2889
2890
2888
2896
2898
2903
2889
2902
2897
2891
2895
2895
2894
2891
2888
2890
2894
2894
2903
2886
2898
2888
2898
2892
2893
2893
2893
2888
2889
2887
2890
2883
2896
2886
2896
2887
2894
2884
2898
2885
2897
2893
2903
2895
2893
2895
2900
2899
2890
2898
2896
2897
2888
2894
2895
2900
2890
2894
2894
2888
2898
2892
2898
2896
2897
2895
2895
2894
2890
2888
2895
2898
2890
2900
2884
2914
2889
2893
2884
2889
2884
2894
2884
2890
2884
2891
2893
2895
2888
2891
2899
2895
2894
2903
2895
2894
2894
2889
2890
2894
2890
2901
2897
2895
2890
2893
2896
2888
2894
2898
2895
2892
2896
2891
2888
2888
2892
2888
2891
2888
2898
2893
2895
2894
2890
2888
2899
2883
3515
2893
2885
2901
2887
2890
2883
2889
2884
2902
2883
2889
2883
2889
2896
2893
2886
2899
2887
2890
2895
2887
2895
2895
2889
2890
2891
2890
2892
2902
2990
2893
2893
2890
2891
2891
2900
2894
2889
2892
2889
2887
2895
2883
2889
2884
2891
2884
2889
2884
2892
2884
2890
2884
2892
2894
2889
2893
2894
2889
2890
2893
2889
2887
2898
2887
2889
2898
2890
2888
2889
2894
2894
2890
2888
2888
2891
2895
2891
2889
2898
2986
2887
2911
2894
2897
2896
2888
2893
2892
2902
2891
2888
2893
2888
2894
2890
2891
2884
2888
2883
2896
2886
2894
2883
2890
2884
2889
2883
2893
2883
2895
2884
2888
2886
2891
2883
2891
2883
2889
2894
2895
2892
2890
2887
2888
2894
2897
2888
2889
2888
2889
2887
2899
2888
2893
2888
2889
2888
2895
2888
2891
2890
2897
2889
2888
2894
2895
2887
2897
2896
2894
2888
2890
2888
2894
2889
2894
2897
2890
2896
2900
2888
2892
2894
2888
2894
2898
2889
2891
2894
2892
2889
2897
2889
2890
2894
2895
2889
2891
2889
2889
2900
2898
2888
2887
2888
2892
2894
2895
2895
2890
2888
2889
2897
2891
2891
2886
2894
2886
2920
2884
2889
2884
2895
2884
2892
2883
2895
2895
2893
2884
2889
2884
2894
2887
2894
2884
2888
2884
2896
2884
2893
2885
2890
2888
2895
2883
2889
2888
2888
2893
2889
2888
2888
2888
2890
2898
2897
2890
2890
2888
2888
2895
2903
2899
2894
2889
2890
2899
2888
2892
2891
2890
2888
2901
2891
2890
2893
2892
2897
2893
2896
2904
2889
2890
2893
2895
2889
2889
2889
2893
2895
2889
2890
2888
2888
2889
2894
2892
2887
2889
2888
2889
2890
2888
2886
2889
2889
2893
2888
2890
2886
2899
2887
2894
2884
2888
2894
2899
2884
2887
2883
2891
2887
2888
2884
2891
2884
2896
2884
2890
2891
2890
2883
2893
2885
2893
2884
2887
2886
2893
2886
2889
2888
2892
2893
2892
2896
2894
2889
2888
2888
2889
2890
2894
2888
2897
2889
2888
2896
2893
2891
2895
2887
2889
2896
2899
2890
2889
2894
2891
2889
2898
2889
2891
2895
2893
2887
2890
2889
2889
2888
2895
2888
2887
2889
2888
2888
2892
2889
2891
2915
2899
2889
2893
2889
2895
2897
2883
2893
2883
2895
2884
2888
2884
2894
2885
2894
2903
2894
2887
2889
2887
2893
2899
2898
2889
2889
2894
2892
2889
2896
2890
2893
2887
2890
2889
2894
2890
2894
2888
2888
2889
2890
2888
2890
2895
2891
2898
2892
2891
2891
2889
2891
2890
2892
2889
2892
2889
2887
2893
2891
2888
2884
2889
2884
2893
2884
2892
2884
2893
2883
2890
2883
2889
2894
2904
2888
2895
2890
2894
2890
2888
2884
2891
2895
2912
2888
2897
2888
2889
2888
2889
2895
2901
2889
2891
2888
2897
2893
2891
2889
2891
2896
2891
2888
2889
2889
2888
2889
2893
2890
2890
2890
2888
2893
2898
2894
2887
2889
2891
2896
2893
2898
2896
2889
2887
2894
2886
2891
2887
2892
2887
2888
2886
2914
2884
2893
2892
2899
2887
2897
2894
2901
2888
2894
2896
2892
2891
2892
2889
2888
2891
2890
2899
2892
2896
2889
2896
2903
2890
2889
2903
2897
2895
2890
2889
2893
2890
2892
2890
2901
2894
2910
2888
2888
2897
2884
2896
2884
2890
2884
2893
2894
2888
