778
765
759
758
909
761
759
759
762
767
758
759
759
758
761
758
762
763
758
758
757
757
759
758
760
761
758
924
759
763
759
757
762
758
763
758
759
763
760
761
759
757
916
758
762
758
757
763
759
762
766
758
767
757
756
762
758
757
758
758
763
758
757
760
757
768
758
761
757
758
762
758
760
759
757
764
1048
762
761
758
768
758
757
760
758
949
759
759
759
760
948
757
764
757
759
765
758
758
760
760
769
759
760
758
762
761
758
760
759
760
762
758
762
759
758
763
759
760
758
758
764
759
760
758
757
768
758
758
757
759
960
761
759
760
759
602
761
767
758
758
759
759
764
759
758
758
762
763
758
758
762
759
772
760
759
758
758
762
758
757
758
757
926
758
757
759
758
767
758
757
758
759
762
758
758
977
757
760
758
759
773
757
764
758
758
759
758
762
758
757
758
761
763
758
757
758
761
795
759
757
758
758
764
758
757
758
757
767
760
760
757
757
764
758
758
758
758
932
759
758
758
760
756
761
757
758
760
926
757
756
759
760
762
758
759
758
761
763
756
758
761
760
762
757
760
758
759
763
758
759
762
758
765
760
758
758
758
758
760
769
760
757
763
774
759
765
759
770
762
760
758
759
929
758
916
759
758
759
757
763
760
762
758
758
764
762
757
764
760
764
758
762
758
757
926
756
762
758
757
760
758
763
759
970
760
758
764
758
760
759
758
771
761
758
759
758
763
762
759
760
758
1020
760
759
763
758
762
759
759
767
760
768
757
758
760
760
763
757
757
764
758
760
758
757
767
759
758
758
758
762
758
761
758
757
768
758
758
760
757
763
758
758
760
757
763
758
759
761
757
764
759
760
763
758
760
761
760
762
757
759
760
760
764
758
759
768
759
765
758
760
935
758
758
758
767
768
757
760
758
758
929
761
757
765
761
758
758
757
761
758
761
987
757
758
760
759
768
758
957
762
758
759
758
768
759
764
758
760
762
758
758
757
758
762
758
759
756
758
773
758
760
760
757
765
758
757
757
757
763
759
760
759
758
767
758
759
760
760
765
758
763
762
758
759
758
759
770
758
759
758
757
762
758
763
758
758
768
758
760
758
759
763
757
760
758
760
764
763
762
757
758
770
758
759
758
761
763
758
760
758
758
762
758
764
760
757
769
757
758
760
760
997
757
759
758
758
762
757
758
759
758
770
761
757
759
758
997
762
757
760
757
768
758
758
760
758
768
758
762
859
760
756
758
760
775
758
759
758
758
762
758
760
758
757
961
758
762
759
760
1002
757
769
759
765
758
758
984
757
758
758
758
762
758
759
1024
757
768
758
757
758
759
757
760
757
762
759
759
757
757
767
757
759
758
760
764
762
761
756
757
764
758
760
758
759
765
758
758
759
757
776
768
762
759
758
758
759
762
1006
759
758
759
758
765
758
758
761
758
763
759
756
766
758
767
758
757
758
758
1016
757
761
929
758
761
757
759
763
758
760
760
757
919
758
757
759
759
761
759
758
760
759
769
761
758
761
757
763
760
758
762
758
762
758
759
762
758
757
759
759
764
760
757
759
761
761
758
758
758
761
762
757
761
758
760
763
760
764
758
757
927
757
758
760
759
769
759
759
758
757
763
760
761
758
759
764
759
762
760
758
766
759
757
760
760
765
758
757
758
760
765
760
764
758
757
767
758
758
758
758
916
761
757
758
757
763
761
760
758
758
763
760
757
932
757
762
758
758
762
762
759
760
758
768
758
758
758
756
764
760
758
758
758
758
759
757
769
760
758
758
760
764
758
759
757
759
764
760
758
760
762
769
761
761
765
759
758
758
761
762
760
758
759
758
979
758
758
759
758
958
760
757
767
759
760
760
759
764
758
759
758
759
765
761
757
760
758
762
760
761
760
758
758
758
768
759
760
758
758
770
758
757
757
759
770
760
758
758
759
765
758
757
757
758
763
760
761
768
758
767
759
759
758
757
763
758
759
759
759
764
758
760
759
759
954
761
758
985
759
757
758
757
758
761
949
761
760
762
758
768
757
758
758
759
947
758
757
760
759
762
758
759
760
758
764
759
758
760
758
966
757
758
762
757
767
763
757
762
757
760
759
758
985
762
772
760
760
762
758
756
758
757
997
760
757
760
758
767
758
758
1016
758
765
757
760
762
759
758
759
761
768
759
767
757
757
763
758
757
758
759
758
760
757
926
757
762
760
758
776
759
767
759
757
761
759
961
758
757
759
756
759
757
758
758
758
765
759
759
761
761
764
761
758
766
759
758
757
759
937
760
767
758
