2891
3063
2883
2892
2877
2884
2883
3060
2882
2887
2885
2876
2886
3024
2883
2881
3093
3099
3145
2890
2883
3109
2885
2898
2891
2885
2880
2884
2876
2888
2877
2892
2879
3059
2887
2884
2881
2875
2882
2881
2896
3065
2882
2893
2887
2886
2888
2876
3067
2889
2887
2886
2878
3052
3121
2887
2882
2889
3116
2889
2889
2877
3115
2883
2894
2889
2887
2887
3086
2882
2895
2885
3048
2877
2882
2878
2893
2882
2885
2883
3051
2888
3052
2877
2884
2889
2886
3066
3058
2883
2940
2891
2887
2882
3081
2883
2886
2882
2889
3119
2878
2890
3137
2891
3094
2881
2888
3046
2878
3053
2882
2888
2883
2884
2882
2890
3052
2886
2894
3081
2884
2890
2961
2877
2882
3079
2882
2890
2887
3090
2883
2883
3124
2877
2883
2886
2882
3114
2878
2882
2890
2894
2883
2883
2883
2881
2891
3049
2891
2882
2883
2889
2883
2887
2883
2883
2896
3046
3055
3057
3055
2883
2892
3058
2881
2883
2886
2892
2885
2884
2883
2878
2890
2883
2884
2890
3093
2892
2879
2888
2888
3101
2893
2884
3181
2889
3103
2898
2886
2886
2882
2883
2888
2878
2884
2884
3053
2891
3085
2884
2883
3047
3076
2890
2883
3048
3072
2884
2880
2885
2883
3091
2883
3088
2885
2878
2885
2888
2884
3123
2878
2890
3125
2884
2884
3114
2887
2887
2895
2883
2886
2883
2877
3121
2888
2892
3046
2881
3060
2904
2893
2883
2883
3083
3094
2884
2883
2878
2884
2889
2883
2884
2881
2883
2887
2883
2887
2887
2889
2891
3118
2884
3114
2889
2878
3090
2891
2883
2898
2889
2887
2878
3050
2892
2888
2884
2879
3051
2890
2887
2883
2897
3076
2892
2888
2884
2885
2884
2891
2890
2890
2887
3097
2890
2887
2883
2887
2883
2878
2889
2891
2888
2885
2880
2887
2890
2889
2885
2879
2888
2892
2899
2885
2883
2887
2882
2884
2881
2889
2882
2884
2880
2882
2888
2888
3063
2884
3055
3051
2891
2883
2884
2887
2878
2890
3118
2884
2883
2888
3127
3063
2890
2889
2884
2888
2889
2887
2889
2704
2887
2887
2884
3047
2897
2894
2885
2883
2887
2884
2885
2878
2884
2884
3053
2891
2878
2888
2883
3051
2891
2887
2884
2892
2884
2885
3069
2895
2885
2889
2885
2884
3150
2895
2887
3106
3097
2890
2884
3005
3142
3142
2884
2885
2888
2880
2895
2868
3047
2884
2886
2888
2878
2882
2881
2883
2890
3054
2894
3045
2884
2883
3050
2893
2876
2888
2884
3065
2895
3072
2886
2883
3099
3106
2878
2887
2890
3101
3144
2882
2884
2886
2878
2883
2884
2884
2883
3049
2882
3051
2881
2885
2879
3061
2919
3059
3068
2879
2885
2887
3079
2883
2882
2884
2883
3123
3106
2879
2884
2886
3134
2883
2890
2888
3046
2884
2890
2884
2890
2883
3037
3042
2885
2888
2883
2887
3041
2884
2888
2878
2884
2888
2884
2882
2885
3067
2880
2887
2891
3058
3107
2879
3100
2894
2889
2885
2882
2885
2891
2892
3117
2879
3073
2883
2887
3048
2875
2884
2945
2889
2890
3055
2887
2993
2892
2883
3038
3060
2884
2891
2885
2890
3076
2880
2901
3101
3073
3067
3128
2895
3128
2879
2883
3131
2889
3136
2884
2888
2878
2894
2906
2884
2883
2884
2895
2891
2889
2883
2885
2893
2766
2886
2884
2885
2885
2890
2893
2888
2888
2883
2888
2892
2879
2888
2889
2885
3074
3057
3069
3095
2892
2888
2892
3107
2878
2884
2885
3135
2890
2888
2892
2883
2885
2885
3101
2890
3053
2883
2884
3065
2889
2887
3050
3079
3059
2897
2891
2884
3073
2879
2889
2890
2883
2886
2881
2887
2878
2886
3104
3082
3126
2878
2888
3114
2884
2890
2879
2884
3123
2889
2891
2878
2887
2887
2887
3059
3066
2889
2878
2885
2883
2883
2896
2891
2886
2891
2889
2889
2890
2890
2886
2880
2888
2884
2886
2880
2884
2892
2890
2881
2883
2886
2894
2880
2886
2883
2885
2878
2896
2878
2885
2890
2888
2887
2890
2879
2885
2883
2886
2878
2888
2877
3046
2886
2883
2878
2892
2878
2883
2881
2888
2888
2889
2883
3034
2884
2886
2890
2888
2882
2891
2883
2894
2786
2885
2881
3096
2882
2888
3115
2878
2888
2886
2881
2882
2882
3185
2885
2888
2883
3109
2888
2883
3100
2878
2891
2892
2881
2886
2888
3047
2884
3033
2883
2886
2892
3093
2882
2885
2879
2885
2887
2884
3101
3077
2889
2885
2884
3103
3141
2883
2884
2887
3117
3102
2892
2884
2886
3093
2885
2887
3070
2883
3057
2881
2884
2875
2882
2881
2882
2895
2875
3036
2882
3039
2889
2887
2882
2881
2883
2887
2876
3084
3109
3057
2890
2880
2885
2880
2882
2888
2876
2882
2887
3092
2887
2889
2884
2885
2887
2880
2891
2891
2886
3049
3052
2886
2882
2888
2890
2876
2884
2882
3046
2890
2877
2885
2880
3045
3086
2876
2889
2887
2876
2882
2879
2888
3099
2883
2891
2882
2883
2887
2885
2898
2888
2887
2892
3135
3050
2888
2882
2882
2889
2878
2887
2889
2883
3054
2877
2889
2883
3042
2884
3094
2892
2883
2883
2884
2891
2892
2887
2878
3097
2891
2889
2884
2885
2884
2894
2890
3138
2886
2884
2883
2887
3045
2880
2891
2890
2884
2890
2889
3039
2879
2884
2899
2895
2894
2883
2894
3104
3059
2884
3053
2900
3119
3094
2886
2888
2890
2901
2884
2884
2879
3150
2884
2884
3140
2877
2890
2884
3148
3051
2880
2891
2883
2886
2889
2880
2894
3066
2888
2882
2885
2892
2888
2882
2882
2884
3067
2891
2882
2894
2883
2894
2885
2883
2882
2883
2882
2894
3174
2885
2888
2890
3140
2894
3146
2884
2889
2884
2988
2885
2885
2884
2888
2893
2889
3038
2884
2885
2878
2889
2882
2885
2893
2893
3050
2885
2890
2877
2887
2894
2889
3074
2722
2886
2882
3070
2890
2890
2884
2891
2885
2897
2889
2887
2891
2884
3153
2881
2883
2883
2885
2892
2892
2884
3039
2882
2883
2890
3047
2878
3056
3077
2894
3063
2878
3052
2948
