2914
2898
2893
3046
2887
2902
2896
3047
2891
2889
2891
3055
2892
2907
2904
2895
2890
2887
2890
2897
2900
2891
2890
2898
2890
2907
3090
3075
2897
2890
2889
2890
2898
2891
3098
2900
2905
3112
2885
2892
2889
2891
2895
2891
3139
2902
2891
2891
2897
2885
2903
3052
2892
2890
2907
2893
2889
2900
2896
2894
2890
2890
2902
2895
2889
2895
2888
2890
2886
2967
3066
2891
2891
3084
2895
3067
2897
2890
3066
2893
2887
3099
2895
2889
2890
3089
2890
2885
3137
2890
2893
2890
2885
2888
2895
2893
2899
2888
2892
2885
2896
3049
3088
2895
3071
2891
2890
2891
2897
2885
2899
2891
2893
2890
2888
2890
2896
2900
3109
3067
2891
2887
2897
2894
2895
2894
2891
2899
3197
2891
2892
2886
2905
2891
2892
2902
2886
2905
2891
2892
2890
2901
2891
2896
2890
2891
2892
3047
2888
2896
3067
2893
3072
2900
2891
2890
3067
2892
2893
2900
2902
2891
2890
3098
2897
2894
3139
2891
3114
2886
2896
2891
3114
2891
2896
2891
3061
2889
3101
2887
2895
2890
3075
2890
2891
2890
3089
2891
2889
2896
2890
3056
3043
2888
2899
3057
3043
2895
2888
3076
2889
3101
2892
2895
2894
2890
2901
2886
2897
2892
2891
2891
3119
3124
2886
2892
3105
2895
3189
3120
2897
2897
2893
3105
2886
2895
2891
2899
2894
2902
2890
2890
2894
2900
2891
2893
3052
2902
2896
2897
2891
3053
2891
2890
2891
2890
2896
2890
2893
3101
2889
3098
2897
2895
3115
2885
3105
2899
3114
3122
2886
3127
2890
3124
2890
2886
2895
2892
2889
2891
3086
2890
2885
2902
2890
2898
2892
2896
2891
2890
2890
2894
3050
3053
2892
2891
2886
2891
2895
3093
2890
3084
2895
2886
2892
2890
3072
2897
2891
2890
2906
2890
2896
3118
2890
2885
2895
2891
2905
3138
2885
2897
2891
2890
2893
2885
2891
2885
2893
2890
3053
2900
2885
2896
2890
2890
2900
2891
2900
3043
3066
2886
2895
2890
2896
3084
2891
2891
2886
3080
2898
2890
2891
2891
2891
2894
2895
2891
2892
3100
2886
2897
2889
2899
3150
3107
2896
2886
2895
2885
3147
2891
2891
2898
2886
2895
2889
2892
2896
2895
2891
2887
2892
2897
2899
3068
2891
3050
2886
3069
2891
2891
3074
2893
2891
3050
2899
2885
2891
3125
2891
2903
3144
2897
2890
2889
2890
2897
3144
2891
2887
2891
2891
2896
2891
2891
2891
3072
2898
3050
2892
2899
2889
2901
3024
2895
2890
3071
2896
3076
2901
2895
2897
2889
2887
2891
2886
2896
3115
2892
2892
2886
2896
2889
3113
2896
2903
3152
2891
2895
2887
2896
2892
2894
3073
2890
2891
2895
2899
2896
2891
2891
2888
2900
2892
3046
2894
2891
2897
2885
3056
3049
2891
2898
2890
2892
2892
2891
2891
2892
2895
2885
2892
2891
3072
2899
2896
2896
2886
2892
2890
3106
2897
2903
2890
3140
2890
2896
2901
2890
3059
3070
2900
2893
2892
2885
2895
2890
2899
3051
2891
3054
2885
2893
2887
2894
2896
2893
2892
2885
3060
2890
2894
2896
2885
2891
2893
2896
2896
2896
2892
2885
2895
2891
2890
2901
2885
2896
3072
2890
3082
2886
2895
2892
2894
3063
2886
3062
2899
2885
2896
3063
3045
2888
3056
3062
2885
2890
2894
3074
2898
2886
2899
2890
3069
2890
2891
2897
2889
2891
2890
2892
2898
2888
2895
2891
2891
3105
2892
3113
3108
2899
2891
2890
3074
2890
2895
2895
3069
2891
2892
2895
2885
3053
3083
2893
2892
2887
3085
2886
2903
2892
2892
2894
2891
2892
2896
2896
3105
3079
2890
2886
2894
2885
2890
2894
2891
3115
2886
2897
2885
2894
3115
3112
3118
2897
2895
2890
2888
2891
2891
3081
2904
2896
2898
2890
2892
2890
2901
2899
2901
3053
2894
3055
2896
2886
2896
2890
2891
2891
2892
2898
2900
2891
2885
2890
2889
2897
2892
2887
2891
2896
2896
2892
2891
3097
2891
2890
2894
2889
2893
2892
2889
2898
3055
3044
2895
2884
2892
3080
2908
3083
2898
2891
2890
2895
2885
3082
2898
2891
2891
2890
2900
2887
3124
2890
2898
2891
2888
2896
2891
3113
2893
3134
2896
2898
2895
2893
2886
3040
3053
2900
2890
2889
3055
2892
2905
2887
3055
2891
3058
2907
2889
2894
3099
2890
2896
2905
2890
3054
2898
2896
2896
2891
2891
2892
2885
2901
2885
3107
2890
2890
2895
2890
2891
2896
2892
2892
2898
2886
3117
2892
3106
2893
2899
2901
2890
2894
2895
2890
2891
2891
2891
2903
2885
2896
2891
2891
2889
2885
2891
2885
3062
2896
2884
3094
2890
2897
3085
3091
3097
2885
2913
3106
2892
3106
2885
2891
2892
2894
2896
2893
2891
2891
2891
2896
2907
3118
2897
2896
2895
2896
3058
2886
2889
2889
2897
2890
2889
2897
2885
3057
3037
2898
2897
2887
2892
2890
2890
3073
2887
2896
2886
3089
3117
2892
2891
2886
2890
2890
2900
2896
2894
2895
2887
2897
2905
2892
2891
2892
2896
2893
2897
3052
2895
3047
2895
2890
2898
2891
2890
2885
2897
3063
2891
3050
2886
2895
2890
2891
2891
2891
2890
2895
2890
2890
3075
2902
2889
2897
2899
2892
3106
2907
2898
3100
2892
3162
2894
2893
2895
2891
2892
3145
2894
2886
2901
2886
3052
3053
3054
2905
2890
2892
2896
2896
3057
3050
2891
2886
2892
2891
3056
3076
2898
2899
2889
3078
3110
3077
2899
2888
2892
2893
2892
2901
2894
3153
2897
2892
2895
2896
3147
2886
2892
2886
2895
2891
3159
3060
2887
2901
2901
2891
2892
2889
2899
2884
2890
3064
2886
2891
2890
3068
2894
3116
2891
2892
2901
2896
2889
2894
2892
2895
2907
2894
2891
3109
2892
2898
2898
2892
2892
2896
2897
2889
2887
2890
2896
2898
2895
2896
2889
3139
2897
2889
3052
2890
2891
3051
2893
2891
2886
2892
2890
2898
3069
2888
2892
2895
2920
2907
2893
3070
2884
2896
3116
2890
2896
2887
2903
2889
3108
2889
2894
3214
2899
3115
2891
2893
