779
769
761
763
762
759
761
757
758
760
759
757
759
759
756
763
757
761
758
759
772
757
769
757
757
929
759
757
757
758
764
759
758
766
761
765
758
757
763
760
761
758
759
771
760
770
758
759
759
759
923
759
951
758
759
757
761
764
760
757
759
759
762
759
765
762
764
760
758
769
758
759
759
758
762
758
757
757
758
769
760
758
759
757
763
758
759
759
758
967
758
758
758
759
767
758
758
758
759
1049
756
983
758
758
762
757
759
759
759
768
759
1013
757
771
766
760
763
758
758
762
758
757
761
756
761
759
758
768
759
759
761
759
759
759
763
761
757
757
760
987
757
759
759
757
768
757
757
761
758
1060
760
759
760
757
763
757
760
759
758
767
757
768
759
758
764
761
756
760
759
761
758
758
768
760
757
758
757
760
758
1049
759
758
758
758
762
759
757
763
759
758
759
758
979
757
758
758
761
965
758
766
760
767
763
759
760
758
758
763
758
763
760
756
763
760
983
757
758
759
760
770
758
757
758
760
765
757
758
759
759
764
758
762
759
756
768
759
771
760
761
762
757
757
759
758
762
763
762
759
757
760
758
768
763
760
762
758
1000
757
765
762
762
988
757
764
759
757
758
757
764
762
760
722
760
769
757
760
758
759
989
760
757
757
757
972
761
761
758
757
985
758
762
762
759
974
757
765
761
758
758
758
767
761
757
758
759
764
757
757
761
758
763
758
933
760
759
764
757
759
760
757
772
759
772
758
757
760
758
763
761
760
758
758
768
757
760
759
757
764
756
929
760
758
758
760
763
758
761
757
759
758
759
757
761
757
759
758
965
756
759
759
760
766
759
759
758
760
762
760
758
761
757
763
758
758
757
759
940
758
758
757
763
765
757
758
762
757
758
757
757
760
761
993
758
759
759
759
767
758
759
762
759
963
757
758
757
757
764
758
759
761
757
761
759
759
762
761
758
758
758
764
758
1021
759
757
758
757
769
759
758
759
759
761
760
760
758
760
762
758
759
760
759
763
758
759
759
758
764
758
757
922
762
761
758
765
769
757
760
757
758
761
759
758
761
760
762
759
759
759
758
757
758
759
763
757
761
756
757
759
759
762
757
757
761
760
765
758
757
763
759
766
758
758
759
758
762
760
758
758
758
929
758
760
756
758
758
757
760
760
759
770
756
766
759
759
758
760
763
760
757
763
757
761
759
757
927
758
757
758
757
763
758
757
759
758
762
761
758
759
761
921
758
759
758
758
762
760
758
759
758
761
757
757
760
758
765
760
758
758
757
762
758
759
771
758
759
759
758
764
759
758
760
758
927
758
761
759
758
916
763
759
757
756
767
758
760
757
759
761
758
758
934
758
931
761
759
763
762
758
757
759
769
760
758
758
757
931
757
758
760
757
762
759
758
758
758
768
758
772
758
757
763
758
762
761
758
763
757
762
760
760
757
758
767
759
762
758
758
763
758
758
760
761
763
761
760
762
760
758
758
757
938
759
758
758
757
925
759
756
760
757
767
759
758
757
759
921
760
764
758
758
927
756
757
759
758
764
757
758
768
757
764
759
760
758
759
761
758
759
767
762
757
758
758
943
759
758
760
760
943
758
760
759
760
770
758
757
758
763
764
761
943
758
760
763
761
765
757
757
757
759
927
758
758
758
758
762
760
757
971
758
770
758
757
759
758
763
759
759
758
759
920
760
757
758
759
768
758
761
760
758
938
760
762
758
758
756
759
763
760
762
757
758
764
761
759
757
759
773
759
759
763
756
764
757
757
758
760
763
759
759
757
757
769
756
757
758
759
764
758
757
759
758
928
758
763
760
758
762
759
757
757
760
761
758
762
759
757
759
761
758
757
759
764
761
757
761
761
925
757
760
760
757
757
758
763
758
758
761
758
762
757
759
765
758
770
760
757
759
759
770
758
757
761
759
763
758
758
757
757
764
758
758
926
758
763
760
765
925
760
760
758
758
758
760
767
758
762
760
758
768
757
762
757
758
758
757
762
758
758
759
757
763
757
757
758
758
763
758
757
761
757
758
756
757
761
757
769
757
758
758
757
766
758
758
758
760
757
757
762
762
757
767
759
760
759
757
763
759
757
758
761
762
758
757
759
760
769
760
760
759
757
760
757
762
759
757
759
760
764
758
760
759
760
759
757
760
762
761
759
758
757
1023
758
758
758
757
767
758
762
757
757
763
759
757
757
757
762
757
758
759
758
762
758
757
771
758
761
760
756
762
758
761
758
758
764
759
757
757
757
764
757
759
759
762
920
761
758
757
758
762
