2989
2967
3172
2961
3166
3149
2968
2959
3175
3198
3165
2959
2971
3193
3182
2969
3253
2955
2963
3147
2967
2959
3176
3157
2954
2965
2960
2967
2959
3148
3130
3203
2960
3120
2959
2959
2959
2964
2964
2964
2960
2964
2959
2962
2962
2958
2966
2960
3158
2953
2959
3165
2966
2959
2958
3169
2960
2961
2963
2958
2961
2958
2958
2957
3169
2963
2960
3266
3185
3021
2966
2956
2962
2963
2958
2959
3162
2959
2957
2957
2952
2958
2967
2960
3125
2952
2958
2959
2960
3164
2951
2960
2954
2960
2963
3161
2959
2952
2958
2953
2958
2964
2959
3190
3159
2957
2953
2966
2957
2971
2964
2954
2963
2965
3183
2964
2952
2965
3113
2960
2959
2957
2970
2952
2968
2957
2959
2958
2958
2958
2954
3117
3118
2964
2958
2960
2963
2952
2964
2959
2960
3141
2951
2964
2963
3153
2959
2963
3196
2956
2961
2962
3166
3199
2958
2959
2951
2963
3212
2962
2957
2965
3225
2959
2958
2954
2961
2957
2965
2958
3227
2959
2962
2958
2958
2957
2952
3121
2960
2958
2958
2959
2968
2958
2962
2957
2963
2962
2960
3130
2953
3129
2965
2958
2961
2966
3176
2958
2958
3187
2958
2961
2954
2963
2958
3210
3168
2958
2965
2959
2958
2967
2966
2957
2956
2959
2967
2967
2960
2959
2958
2959
2961
2959
3111
2957
3122
2965
2955
2971
3135
2959
2965
2953
2958
2962
2958
2958
3131
2958
2955
2960
3190
2958
3209
3148
2959
2953
3163
3222
2963
2959
3188
3172
2961
2965
3192
2967
3088
2957
2968
2957
2963
2958
2960
3107
2964
2957
2953
2967
3111
2961
2960
2958
2957
2963
3121
2958
3112
2958
2958
2956
2957
2959
2953
2958
2957
2958
2957
2957
2963
2952
3133
2957
2963
2958
3130
2956
3183
2961
2956
2957
2954
2959
2960
3221
2949
2954
2963
2961
3115
2958
3133
2963
2964
2961
2963
2958
2958
3119
2957
2958
2965
2958
2959
3120
2958
3134
2970
2957
2960
2958
2961
2966
2958
3131
2958
2960
2963
2961
2957
2953
3166
2965
2962
2958
2959
2960
3157
2969
2955
2957
2964
2961
2959
3202
2966
2953
3207
2965
2959
2964
3179
2959
2958
2966
2957
2958
2958
2966
3122
2959
2961
2957
2962
2958
3113
2960
2963
2964
3135
2958
3142
2955
2966
2966
2961
2958
2959
2958
2955
2965
3187
3169
3176
2952
2959
2959
3170
2967
2952
2967
2959
2958
2960
2956
3120
2967
2966
3104
2958
2959
2962
2961
2965
2959
2962
2958
2964
2957
2959
2957
2962
2961
2960
2962
2958
3137
2953
2965
2958
3126
3172
2952
2961
3197
2963
2959
2959
2963
2963
3202
3172
2959
2963
2961
3216
3128
2957
3144
2962
2960
2953
2965
2964
3115
2962
2958
2957
2951
2959
2962
2958
3124
3117
2968
3131
2960
2957
2952
2964
2955
2965
2969
2963
2961
3140
3165
2963
2961
2958
3170
2957
3163
2958
2962
2963
2963
2962
3244
3140
2958
2967
2952
3123
2953
3162
2961
2965
3120
2953
2958
2963
2968
2960
2952
2957
2957
2963
3147
2954
2961
2965
2961
3195
2961
3188
2957
2958
2967
2957
2960
2959
2958
3157
2969
2971
2964
2957
2967
2957
3173
2959
2952
2964
3144
2959
2958
3046
2961
2959
2959
2957
2952
2963
2956
2960
2958
2957
2963
2952
3118
2957
2962
3155
2962
2958
2963
2964
3196
3158
2959
2960
2964
3184
2966
2961
2959
2973
2959
2959
2958
2959
2958
3195
2966
2960
2964
2966
2970
2961
2958
2963
2961
2958
3184
2958
2952
2971
2957
2958
2967
2973
3118
2958
2958
3203
2964
2957
2960
2958
2953
2960
2964
2966
2961
2959
2961
2952
2964
2963
2960
2958
3152
2963
2958
3158
2955
2958
2962
2962
3197
2957
2958
2956
2965
2960
2958
3171
2959
2964
2952
2963
3223
2962
2964
2953
2958
2956
2965
2958
3217
2967
3216
2962
3117
2959
3127
2959
2966
2961
3116
2953
2959
2964
2968
3133
2958
2960
2954
2958
2963
3140
3138
2952
2959
3195
2960
3176
3151
2966
3178
3172
3164
2953
2962
2959
2960
2957
3170
2962
2955
3223
2966
2962
2958
2958
3121
2959
2958
2952
2962
2952
2960
2973
2965
2963
3108
2960
3134
2958
2962
2961
2958
2956
3122
3176
3118
2959
2953
2958
2958
3132
2962
2964
2958
2958
2966
2960
2958
2955
2960
2958
2963
2958
2952
2960
2963
3233
2958
2959
2963
2959
3206
2962
2959
2966
3210
2964
2957
3122
2961
3114
2963
2960
2965
2957
3120
2958
2959
2963
2952
3131
3142
2961
2965
2960
2961
2952
3131
3186
2961
2958
2960
3179
2963
2958
3223
2953
2958
2953
2965
2958
2960
2963
3167
2958
2956
2959
2965
2960
2961
2953
3121
2952
3130
2967
2965
2957
2959
3125
2962
2963
2958
3085
2960
2960
2965
2954
3132
2958
2958
2962
2962
2959
2957
2959
2963
2962
3156
2957
2958
3188
2963
2962
2953
2966
2962
3188
2966
2966
3208
3117
2960
3132
3110
2965
3130
2959
2961
2953
2968
2958
3122
3159
2958
2962
3138
2961
2967
2958
2961
2958
2958
2952
2958
2960
2964
3144
2951
3167
3206
2961
2957
2954
2962
2956
2958
2957
2958
2963
3204
2961
2954
2960
2955
2964
2958
3218
3135
2959
2964
2953
3135
3115
2960
2966
2974
2961
3152
2958
2964
2971
3138
2953
3146
3132
2964
2960
2954
2963
3154
2961
2958
2959
2959
3133
2965
2953
2968
3184
2966
2958
3151
2970
2951
3174
2957
2957
2968
2961
3212
2956
2958
2957
2958
2964
2955
2960
2962
3113
2957
3129
2962
3143
2966
2952
2958
2957
2958
2962
2965
2960
2953
2960
2963
2966
2957
2958
2961
2958
2965
2961
3143
2955
2961
2957
2968
3173
2961
2958
2959
2959
2954
3171
2963
2963
2963
2956
2958
2957
2956
2962
2961
2959
3198
2959
2952
2963
2957
2958
2958
2968
2962
2952
2958
2958
3167
2965
2963
2959
2957
2960
2958
2966
3123
2953
2958
2962
2961
2959
3134
2957
3127
2961
2957
2959
3182
2958
2959
