1586
1549
1539
1549
1546
1542
1549
1539
1548
1541
1540
1551
1541
1545
1550
1541
1549
1539
1733
1541
1540
1764
1540
1547
1541
1544
1550
1541
1552
1545
1543
1547
1540
1539
1545
1542
1547
1539
1539
1550
1542
1778
1541
1541
1797
1541
1545
1542
1544
1770
1541
1549
1541
1546
1540
1540
1548
1539
1550
1539
1727
1547
1541
1750
1538
1547
1540
1539
1544
1541
1546
1541
1551
1761
1541
1547
1539
1735
1540
1539
1548
1541
1716
1745
1540
1552
1539
1542
1749
1543
1711
1540
1736
1550
1540
1545
1540
1545
1554
1539
1551
1543
1550
1540
1540
1547
1539
1544
1541
1539
1546
1542
1583
1576
1556
1555
1543
1553
1539
1541
1551
1541
1539
1767
1543
1544
1543
1542
1547
1540
1547
1543
1541
1550
1541
1552
1541
1539
1545
1541
1547
1540
1545
1546
1539
1545
1539
1550
1548
1543
1549
1539
1540
1754
1541
1722
1539
1699
1541
1544
1721
1541
1547
1551
1541
1552
1545
1540
1543
1540
1545
1539
1542
1546
1542
1725
1540
1540
1552
1539
1552
1543
1540
1549
1542
1542
1544
1544
1549
1540
1545
1543
1540
1546
1539
1720
1541
1541
1748
1540
1545
1544
1541
1551
1542
1550
1539
1539
1777
1539
1547
1540
1539
1547
1543
1545
1544
1540
1545
1540
1544
1541
1547
1547
1540
1552
1543
1541
1774
1539
1545
1540
1700
1543
1543
1731
1540
1545
1544
1541
1553
1539
1555
1773
1541
1737
1540
1708
1542
1542
1545
1553
1547
1539
1544
1553
1541
1550
1542
1552
1541
1543
1552
1542
1698
1539
1550
1546
1539
1548
1539
1545
1712
1541
1547
1542
1547
1547
1540
1551
1539
1723
1541
1541
1547
1539
1546
1542
1541
1549
1539
1545
1541
1540
1550
1546
1734
1544
1544
1716
1540
1735
1541
1545
1551
1544
1550
1540
1554
1541
1540
1786
1542
1546
1541
1539
1777
1542
1845
1541
1547
1546
1541
1544
1541
1545
1550
1540
1551
1540
1541
1546
1539
1545
1541
1539
2002
1540
1552
1541
1551
1542
1540
1856
1539
1766
1542
1785
1543
1545
1546
1544
1543
1542
1545
1552
1541
1545
1543
1547
1541
1542
1546
1539
1543
1545
1541
1783
1541
1554
1546
1540
1547
1539
1742
1543
1539
1548
1543
1547
1546
1539
1553
1540
1545
1550
1540
1740
1542
1540
1546
1539
1753
1545
1546
1544
1541
1549
1539
1740
1554
1540
1549
1539
1553
1539
1540
1545
1540
1545
1546
1543
1547
1540
1543
1556
1543
1550
1844
1539
1791
1538
1546
1541
1541
1763
1540
1546
1541
1548
1541
1540
1551
1540
1550
1544
1540
1546
1545
1542
1744
1540
1725
1542
1730
1549
1539
1552
1543
1546
1549
1541
1547
1748
1542
1548
1540
1544
1867
1540
1552
1545
1551
1538
1540
1546
1544
1542
1545
1540
1764
1540
1539
1549
1538
1553
1541
1737
1550
1540
1554
1551
1553
1545
1542
1547
1541
1542
1546
1539
1545
1541
1542
1549
1542
1555
1540
1550
1548
1542
1545
1541
1547
1541
1540
1546
1541
1544
1541
1541
1546
1539
1549
1541
1540
1768
1541
1544
1540
1540
1546
1541
1746
1541
1539
1552
1543
1553
1540
1541
1555
1540
1553
1547
1541
1777
1544
1719
1549
1542
1550
1541
1541
1543
1540
1547
1540
1539
1544
1541
1762
1540
1544
1548
1539
1541
1541
1539
1543
1541
1546
1542
1539
1547
1540
1545
1543
1540
1552
1540
1540
1808
1542
1546
1539
1557
1542
1543
1547
1541
1539
1803
1542
1550
1540
1547
1552
1541
1551
1542
1544
1546
1542
1548
1541
1540
1545
1542
1550
1546
1539
1545
1540
1542
1709
1541
1552
1539
1546
1544
1543
1546
1542
1545
1543
1541
1798
1545
1546
1544
1541
1551
1542
1545
1541
1541
1805
1540
1547
1541
1542
1777
1540
1765
1540
1541
1550
1540
1546
1539
1540
1545
1540
1782
1540
1540
1545
1541
1546
1550
1539
1547
1544
1548
1543
1538
1544
1538
1543
1710
1541
1547
1540
1551
1544
1541
1545
1538
1545
1540
1540
1546
1539
1547
1545
1542
1547
1543
1538
1547
1541
1553
1543
1540
1545
1539
1547
1545
1543
1712
1539
1546
1554
1542
1545
1539
1543
1708
1541
1552
1542
1544
1545
1541
1715
1540
1545
1541
1540
1550
1539
1551
1540
1542
1714
1538
1551
1540
1542
1552
1542
1546
1539
1548
1545
1541
1546
1546
1539
1712
1544
1808
1538
1546
1550
1541
1546
1542
1551
1540
1541
1546
1541
1545
1540
1541
1545
1541
1543
1540
1541
1549
1541
1554
1539
1540
1549
1538
1552
1539
1550
1541
1542
1545
1540
1547
1805
1540
1545
1543
1543
1551
1540
1553
1544
1550
1543
1540
1549
1543
1546
1808
1540
1769
1541
1544
1551
1540
1551
1543
1553
1540
1540
1545
1542
1545
1549
1540
1544
1541
1750
1542
1540
1550
1540
1558
1541
1542
1545
1539
1549
1793
1543
1546
1540
1544
1548
1540
1550
1543
1770
1542
1541
1556
1540
1545
1550
1542
1550
1541
1771
1544
1540
1550
1541
1777
1538
1542
1771
1539
1549
1542
1543
1553
1540
1547
1539
1544
1545
1540
1768
1542
1544
1548
1540
1543
1540
1540
1544
1542
1546
1552
1541
1777
1543
1780
1541
1546
1554
1541
1553
1543
1717
1541
1551
1779
1540
1742
1541
1709
1542
1541
1546
1540
1545
1550
1540
1545
1540
1541
1546
1539
1741
1540
1544
1547
1545
1725
1539
1546
1545
1540
1550
1544
1544
1540
1541
1742
1539
1721
1540
1540
1546
1540
1713
1539
1541
1552
1547
1551
1543
1540
1545
1540
1542
1759
1540
1551
1541
1711
1539
1541
1551
1543
1713
1540
1546
1545
1542
1727
1542
1540
1544
1540
1552
1542
1540
1548
1541
1550
1544
1540
1546
1539
1548
1547
1541
1544
1540
1540
1550
1540
1552
1539
1546
1547
1542
1545
1539
1543
1546
1539
1549
1540
1543
1546
1543
1547
1540
1538
1544
1544
1711
1542
1541
1549
1539
1553
1543
1540
1546
1538
1546
1540
1543
1544
1540
1547
1552
1540
