1953
1543
1544
1549
1543
1546
1539
1542
1549
1543
1545
1545
1541
1547
1540
1547
1546
1542
1545
1550
1541
1553
1542
1541
1544
1542
1544
1544
1539
1552
1541
1540
1597
1542
1544
1540
1541
1550
1541
1540
1543
1539
1546
1550
1541
1546
1542
1538
1550
1544
1551
1549
1540
1545
1542
1541
1546
1543
1543
1545
1540
1550
1543
1545
1547
1540
1541
1546
1540
1544
1571
1550
1551
1546
1560
1546
1548
1550
1548
1552
1551
1548
1552
1546
1547
1552
1546
1551
1558
1545
1557
1601
1548
1557
1548
1551
1547
1546
1551
1551
1548
1557
1546
1553
1546
1557
1553
1548
1547
1554
1549
1554
1546
1547
1553
1547
1552
1555
1546
1555
1548
1549
1551
1551
1555
1560
1546
1553
1546
1548
1550
1547
1556
1553
1547
1551
1547
1546
1551
1548
1552
1550
1546
1556
1546
1548
1553
1549
1551
1550
1545
1550
1548
1550
1559
1546
1558
1552
1546
1550
1546
1547
1552
1548
1555
1550
1545
1551
1549
1548
1553
1550
1551
1550
1545
1558
1546
1547
1550
1546
1553
1556
1547
1557
1546
1548
1551
1547
1551
1550
1546
1550
1546
1548
1557
1548
1560
1552
1545
1550
1549
1551
1557
1545
1552
1556
1547
1557
1548
1545
1552
1547
1551
1552
1548
1555
1552
1545
1558
1546
1551
1556
1547
1559
1547
1546
1557
1550
1551
1553
1547
1552
1551
1546
1552
1549
1550
1559
1546
1560
1548
1547
1554
1547
1552
1555
1547
1563
1547
1549
1583
1548
1556
1554
1547
1553
1547
1550
1550
1548
1553
1550
1549
1557
1547
1557
1550
1546
1553
1547
1546
1553
1549
1553
1554
1546
1560
1548
1549
1552
1548
1556
1551
1545
1550
1546
1549
1558
1563
1553
1553
1546
1555
1552
1547
1555
1548
1551
1550
1546
1556
1548
1554
1559
1552
1558
1546
1546
1555
1546
1550
1559
1548
1556
1549
1550
1550
1549
1548
1551
1549
1551
1546
1549
1559
1547
1555
1552
1547
1554
1549
1547
1551
1549
1549
1555
1548
1558
1546
1546
1552
1549
1548
1553
1548
1553
1549
1550
1551
1548
1559
1552
1548
1552
1547
1547
1550
1547
1555
1553
1551
1554
1546
1546
1555
1546
1549
1550
1547
1553
1549
1546
1551
1546
1549
1559
1550
1558
1548
1547
1551
1547
1550
1551
1545
1561
1545
1547
1555
1548
1549
1550
1549
1556
1548
1546
1552
1546
1555
1551
1546
1550
1549
1546
1552
1545
1546
1557
1545
1551
1548
1550
1550
1550
1547
1555
1551
1551
1546
1548
1553
1550
1547
1555
1553
1552
1546
1561
1566
1552
1553
1549
1547
1554
1551
1546
1558
1549
1555
1552
1546
1552
1549
1549
1554
1547
1551
1550
1549
1558
1545
1548
1551
1546
1552
1554
1548
1560
1546
1547
1555
1551
1561
1552
1551
1557
1547
1548
1551
1546
1557
1557
1546
1559
1549
1553
1552
1546
1557
1553
1548
1555
1548
1550
1550
1548
1554
1553
1549
1555
1546
1546
1552
1549
1551
1550
1549
1550
1546
1548
1555
1545
1556
1552
1549
1552
1558
1548
1557
1546
1553
1558
1549
1553
1548
1547
1557
1549
1550
1557
1547
1556
1548
1548
1557
1549
1552
1550
1547
1553
1547
1548
1561
1548
1551
1551
1546
1553
1549
1546
1555
1545
1552
1549
1547
1552
1553
1548
1557
1549
1558
1545
1547
1551
1548
1547
1553
1545
1553
1549
1546
1552
1551
1550
1555
1550
1560
1553
1545
1552
1546
1547
1551
1546
1550
1552
1548
1552
1548
1547
1554
1549
1551
1555
1550
1553
1547
1545
1551
1546
1551
1547
1545
1557
1548
1548
1554
1549
1552
1548
1548
1550
1546
1549
1549
1538
1542
1541
1539
1542
1541
1543
1543
1540
1545
1551
1539
1546
1537
1537
1544
1537
1538
1546
1538
1544
1549
1539
1542
1537
1539
1541
1538
1540
1543
1539
1543
1547
1543
1549
1541
1540
1545
1541
1549
1544
1539
1550
1539
1541
1542
1539
1553
1547
1538
1543
1538
1539
1542
1537
1538
1544
1540
1551
1546
1537
1543
1538
1538
1543
1538
1544
1543
1537
1550
1541
1539
1544
1537
1537
1547
1537
1545
1547
1548
1556
1540
1538
1543
1537
1541
1542
1539
1545
1540
1539
1543
1539
1538
1542
1538
1543
1549
1537
1541
1540
1541
1541
1537
1540
1542
1538
1545
1538
1541
1542
1543
1539
1543
1537
1542
1542
1537
1547
1538
1555
1545
1539
1545
1541
1538
1544
1539
1539
1545
1540
1537
1551
1540
1550
1546
1538
1542
1537
1540
1543
1539
1538
1545
1539
1543
1538
1538
1552
1537
1538
1548
1538
1548
1546
1555
1549
1537
1537
1544
1539
1537
1543
1538
1547
1545
1540
1551
1542
1539
1543
1536
1542
1546
1539
1543
1539
1542
1543
1541
1544
1550
1538
1549
1541
1542
1544
1540
1538
1546
1540
1543
1550
1538
1548
1537
1542
1548
1537
1538
1546
1545
1547
1541
1537
1542
1538
1539
1550
1538
1551
1542
1543
1543
1539
1539
1543
1538
1540
1552
1539
1543
1543
1540
1543
1540
1543
1546
1538
1546
1546
1546
1549
1537
1543
1549
1538
1542
1542
1540
1544
1542
1542
1544
1542
1539
1548
1538
1554
1547
1538
1543
1541
1540
1544
1542
1538
1549
1540
1543
1540
1538
1546
1539
1538
1542
1537
1542
1546
1539
1552
1537
1540
1542
1539
1542
1545
1540
1552
1541
1542
1543
1539
1541
1548
1537
1550
1544
1537
1543
1540
1538
1543
1537
1538
1553
1538
1542
1547
1542
1544
1539
1541
1545
1538
1546
1548
1547
1547
1538
1538
1545
1539
1540
1547
1537
1543
1543
1540
1543
1539
1540
1550
1537
1537
1545
1539
1548
1542
1538
1543
1537
1540
1547
1539
1552
1545
1538
1542
1539
1549
1551
1538
1540
1550
1541
1557
1540
1539
1550
1540
1540
1542
1537
1542
1547
1538
1550
1538
1542
1544
1540
1541
1545
1543
1544
1544
1538
1543
1541
1538
1548
1539
1548
1544
1538
1547
1538
1538
1542
1542
1541
1551
1538
1548
1540
1539
1542
1543
1539
1543
1540
1541
1543
1539
