2961
2948
2940
2949
2955
2937
2939
2950
2940
2937
2932
2935
2941
2931
2937
2951
2947
2947
2930
2934
2932
2934
2935
2942
2932
2939
2934
2935
2934
2936
2936
2939
2934
2934
2945
2942
2943
2940
2938
2936
2933
2938
2941
2931
2930
2933
2932
2938
2939
2933
2934
2928
2933
2933
2937
2925
2942
2926
2938
2946
2939
2938
2938
2928
2935
2938
2937
2939
2937
2942
2934
2944
2937
2938
2936
2944
2938
2930
2932
2941
2940
2935
2935
2938
2934
2933
2930
2931
2938
2939
2935
2945
2929
2937
2938
2937
2931
2937
2939
2939
2936
2933
2939
2935
2948
2949
2938
2938
2934
2934
2936
2939
2933
2931
2933
2934
2938
2936
2935
2930
2937
2931
2953
2932
2943
2931
2940
2930
2939
2940
2937
2936
2935
2940
2938
2938
2934
2938
2938
2932
2935
2935
2935
2938
2969
2941
2942
2930
2932
2929
2938
2930
2945
2929
2940
2935
2936
2948
2940
2934
2939
2946
2937
2948
2934
2946
2936
2932
2937
2949
2937
2936
2936
2943
2933
2941
2946
2940
2939
2937
2933
2931
2935
2935
2936
2936
2930
2933
2937
2934
2928
2934
2929
2950
2935
2935
2937
2932
2940
2935
2936
2936
2939
2938
2939
2936
2935
2936
2935
2937
2943
2938
2935
2933
2946
2932
2939
2945
2935
2929
2934
2926
2931
2932
2931
2930
2934
2933
2938
2935
2939
2938
2937
2932
2939
2930
2943
2940
2936
2940
2946
2941
2940
2940
2944
2944
2945
2942
2944
2933
2936
2934
2934
2934
2933
2937
2934
2936
2933
2932
2934
2942
2936
2939
2938
2935
2933
2936
2937
2937
2937
2934
2932
2928
2934
2935
2939
2946
2949
2941
2940
2943
2947
2945
2932
2932
2942
2936
2936
2932
2938
2925
2938
2929
2936
2935
2936
2937
2948
2944
2935
2941
2940
2931
2939
2938
2933
2936
2933
2935
2940
2935
2936
2930
2931
2940
2937
2946
2943
2939
2946
2937
2934
2934
2929
2935
2935
2939
2930
2941
2935
2936
2937
2941
2935
2937
2932
2938
2934
2933
2936
2936
2938
2935
2941
2943
2934
2954
2943
2939
2949
2938
2941
2935
2945
2941
2936
2939
2932
2931
2940
2932
2935
2932
2940
2932
2931
2938
2933
2937
2932
2939
2936
2931
2929
2932
2940
2935
2938
2947
2932
2937
2935
2944
2932
2936
2943
2940
2944
2947
2932
2943
2928
2943
2940
2931
2928
2937
2932
2936
2935
2936
2938
2945
2945
2936
2947
2935
2949
2934
2936
2941
2937
2935
2934
2944
2935
2943
2936
2938
2939
2934
2935
2941
2950
2938
2943
2935
2935
2932
2939
2927
2936
2941
2934
2937
2946
2935
2938
2934
2939
2937
2938
2933
2939
2936
2948
2947
2946
2936
2935
2934
2939
2936
2939
2941
2936
2937
2944
2954
2933
2932
2930
2930
2937
2940
2931
2938
2928
2935
2930
2940
2931
2954
2937
2938
2934
2946
2940
2945
2946
2938
2945
2949
2943
2932
2936
2934
2942
2932
2937
2950
2948
2936
2940
2944
2936
2940
2940
2935
2935
2939
2935
2939
2943
2935
2935
2934
2934
2928
2939
2930
2932
2933
2931
2933
2935
2935
2938
2942
2960
2947
2941
2938
2945
2937
2940
2990
2961
2939
2935
2935
2932
2939
2936
2939
2929
2936
2935
2942
2939
2934
2944
2935
2937
2938
2938
2934
2930
2933
2935
2934
2929
2939
2931
2934
2937
2937
2931
2940
2935
2939
2937
2935
2932
2935
2932
2938
2939
2938
2939
2936
2936
2937
2972
2942
2940
2942
2935
2945
2935
2947
2935
2933
2930
2933
2944
2942
2928
2939
2936
2948
2934
2938
2928
2935
2933
2942
2932
2943
2936
2939
2936
2938
2937
2953
2954
2941
2936
2939
2936
2933
2939
2931
2936
2940
2944
2933
2941
2934
2942
2941
2939
2928
2940
2932
2944
2930
2938
2928
2938
2936
2957
2944
2939
2942
2939
2938
2938
2936
2930
2935
2937
2934
2936
2936
2939
2937
2942
2939
2953
2935
2939
2934
2940
2936
2935
2936
2928
2936
2929
2943
2928
2932
2926
2936
2938
2939
2945
2949
2938
2943
2942
2938
2933
2936
2933
2939
2933
2938
2934
2933
2933
2934
2931
2933
2936
2939
2939
2935
2936
2936
2948
2940
2940
2945
2936
2933
2944
2932
2928
2933
2930
2932
2960
2935
2946
2930
2933
2935
2936
2935
2935
2938
2931
2935
2939
2935
2938
2951
2938
2936
2946
2940
2934
2953
2932
2935
2933
2934
2937
2940
2933
2932
2932
2933
2930
2934
2930
2945
2933
2939
2929
2938
2938
2935
2941
2943
2933
2939
2932
2944
2940
2933
2938
2939
2938
2942
2937
2941
2948
2939
2939
2936
2935
2932
2935
2940
2939
2929
2936
2926
2933
2929
2937
2931
2948
2938
2942
2944
2934
2935
2934
2935
2936
2941
2933
2935
2944
2941
2936
2933
2943
2936
2942
2936
2932
2935
2937
2933
2930
2939
2935
2939
2930
2942
2929
2944
2930
2944
2935
2938
2935
2939
2931
2939
2942
2924
2939
2935
2929
2936
2931
2930
2939
2933
2935
2929
2946
2933
2940
2943
2944
2931
2938
2939
2937
2932
2942
2939
2932
2932
2936
2927
2934
2933
2937
2946
2946
2942
2938
2943
2940
2934
2950
2933
2936
2933
2939
2949
2937
2935
2935
2941
2946
2946
4768
2933
2936
2955
2934
2946
2930
2946
2939
2933
2941
2934
2938
2937
2934
2947
2941
2934
2935
2934
2935
2932
2934
2934
2942
2927
2940
2938
2934
2938
2931
2935
2939
2934
2936
2937
2937
2935
2939
2941
2943
2937
2935
2939
2933
2938
2941
2932
2934
2939
2932
2935
2930
2938
2927
2936
2926
2935
2945
2935
2937
2949
2932
2945
2948
2932
2931
2942
2942
2938
2947
2938
2934
2936
2935
2940
2933
2937
2939
2934
2934
2942
2939
2952
2948
2937
2934
2939
2932
2930
2938
2935
2935
2931
2935
2932
2949
2929
2945
2927
2944
2932
2941
2934
2940
2937
2937
2933
2937
2934
2933
2939
2937
2939
2945
2938
2947
2939
2939
2936
2931
2936
2936
2939
2941
2934
2938
2937
2940
2936
2939
2945
2931
2939
