2903
2897
2882
2884
2894
2885
2888
2886
3100
2886
2891
2881
2887
2891
2887
2886
2887
2891
2890
3131
2887
2887
2889
3122
2886
2885
2893
2890
2889
2884
2890
2887
2886
2886
2885
3046
2891
2887
2886
2886
2886
2886
2889
2886
2886
2883
2896
2881
2887
2885
3063
2887
2881
2890
3074
2890
2891
2889
2885
2881
2884
2893
3072
2886
2880
2893
2891
3122
2889
2885
2885
2885
2892
2885
2886
3061
2880
2892
2882
2885
2892
3079
3046
2881
2892
2886
2887
3062
3051
3072
2885
2885
3071
2892
3069
3062
2887
2880
3063
2885
3071
2886
2884
2885
2888
2884
2893
2884
3121
2886
2891
2888
2894
3176
2891
2891
2886
2888
2887
2890
2886
2892
2885
3055
2883
2889
2886
2887
2885
2882
2892
2886
2888
3065
2885
2890
3097
3058
2887
2885
2892
2881
2891
3100
2881
2886
2881
2888
2886
2886
3106
2886
2892
3082
3175
2889
2887
2892
2891
2892
2886
2885
2901
3064
3038
3060
2886
2886
2894
2887
2887
3051
2891
2890
3080
2889
2885
2881
2888
2886
2888
2887
2887
2890
2893
2891
2881
2892
2888
2884
2887
2893
2895
3184
2891
2885
2891
3186
2888
2885
2892
3189
2886
2885
2889
2892
2889
3053
2886
2885
2890
2892
2886
2886
2889
3040
3052
2887
3034
2892
2882
2890
2881
2885
2891
2886
2891
2882
2889
2885
2886
2892
2889
2886
2896
2895
2891
2892
2887
2887
2887
2883
2891
2894
2885
2893
2887
3089
2881
3094
2892
2889
2886
2893
3043
2892
2888
2886
2880
2892
2886
2889
2889
2883
2890
2886
2885
2886
3080
2887
2879
2892
2886
2887
2886
2897
2893
2882
2885
2892
2889
3113
2887
2886
2885
2885
3091
3127
2888
3097
2897
2881
2891
2889
2887
2890
2899
2886
3044
2893
2888
2890
2885
2882
2890
3057
2888
2885
2882
2893
2885
3053
2887
2882
2889
2886
2886
2889
3069
2892
2886
2886
2888
2885
2891
2892
2895
2881
2886
2881
2888
2891
2887
2886
2885
2892
2881
3145
2891
2889
2886
2885
2885
2880
3046
2887
2884
2886
2882
2895
2885
2886
2888
3049
3061
2881
2886
2885
2886
2886
2896
3098
2880
2887
2896
2887
2896
2892
2891
2881
2886
2887
2892
2886
2887
2892
2882
2891
2885
2886
2889
2885
2892
2881
2885
2881
3145
2886
3135
2895
2892
3044
3053
2881
2886
2888
2888
2887
2884
2886
2896
2888
2886
3061
3069
2881
2892
2881
2888
3112
2889
2892
2886
3122
3100
2886
2890
2881
3146
3151
2882
2886
2885
2888
2886
2891
2887
2892
2887
2881
2893
2891
2886
3048
3043
2886
2882
2891
2883
2886
3063
3046
2886
2885
2899
2881
2894
3074
2891
2886
2882
2889
3112
2890
2885
2882
2890
2897
3103
3110
2887
2892
2880
2887
3135
2890
2886
2892
2890
2881
3122
3048
2886
2891
2886
2887
2886
2887
2886
2884
2895
2881
2887
2886
2886
2893
2881
2886
2887
2887
2891
2885
3060
3084
3072
2890
3062
2886
2894
2886
2881
2886
2887
2886
2886
2898
3109
2882
3122
2892
2902
2897
2881
3128
3066
2885
2891
2881
2886
2881
2891
2885
2886
2888
2881
3053
2889
3059
2889
2898
2890
2885
2886
3069
2885
2891
2888
3069
3086
2893
3074
2887
2882
3106
2886
2889
2901
3103
2892
2881
3156
2885
2893
2898
2895
2898
2882
2890
2885
2886
2886
2881
3052
3081
2889
3088
2887
2890
2881
2891
2887
2887
3071
3087
2888
2885
3065
3086
2885
2885
2888
2886
2888
2888
2892
2901
3108
2881
2892
2885
2885
3079
2885
2890
2887
2892
2884
2887
2885
2893
3082
2886
2886
3049
2887
2892
2881
3053
2887
2886
2892
2886
2892
3066
2900
3072
2881
2885
2892
2891
2887
2881
2905
2888
2887
2886
2882
2894
3136
2887
2888
2881
2886
2891
2887
2886
2886
3054
2885
2891
3164
2887
2885
2886
2885
2889
2893
3085
3054
2892
2891
2886
2881
3057
2894
2902
2890
3105
3072
2886
2886
3118
2880
3116
3099
2886
2886
2892
2890
2890
2885
2889
2880
2893
2886
2886
3091
2892
3087
2881
2887
2880
2893
2895
2887
3053
2886
2892
3037
2895
2887
3037
2891
2881
3056
2885
3097
3078
2893
2886
2885
2886
2885
2881
2896
2886
2920
2887
3092
2891
2881
2886
2887
2886
2885
2880
2885
2885
2886
2892
2885
2886
2886
3115
2881
3101
3050
3087
2885
2886
2893
2880
2890
2880
2890
2886
2891
2885
2888
2887
2885
2891
2890
2886
2881
2887
2891
2889
2885
2887
2887
2890
2885
2891
3105
3068
2890
2881
2887
2886
2887
2890
2885
3115
3155
3118
2892
2884
3127
2892
2901
2886
2886
2885
2883
2894
2888
3048
2895
2882
2886
2886
2886
2892
2894
2890
2881
3049
3067
2885
2887
2881
3072
2891
2891
3131
3081
2886
2886
2889
2892
2892
2885
2886
2892
2883
2895
2887
3096
3083
2887
3142
2887
2885
2892
2889
2886
2886
2885
2893
2881
2885
2886
3043
2891
2888
2886
2890
2887
2881
2886
3067
3055
2886
2890
2891
3106
2890
3108
2892
3130
2886
2886
3105
2881
2891
2888
2887
2887
2886
2887
2881
2887
2891
2887
2891
2891
2892
3049
2887
2887
3061
2894
2886
3049
2886
3051
2892
2892
3058
2887
2886
3077
2881
2904
3107
2887
2885
2892
2895
2882
3095
2887
2892
3145
3106
2885
2881
2889
2891
2892
2886
2886
2892
2881
2888
2886
3146
2892
2893
2885
2884
3038
2893
2881
3045
2888
2886
2894
2883
2887
2882
2886
2893
2894
2885
2887
2890
2880
2889
2887
2884
3112
2884
3110
3108
3129
2886
2887
2893
3136
2885
2893
2880
2885
2887
2885
2898
2892
2886
2887
2884
3050
2890
2895
2881
2887
2884
2902
3063
2885
2886
2881
2885
2887
3054
2894
2886
2892
3063
2894
2881
2887
2885
3075
3105
2888
2892
2897
2888
2892
2890
2893
2886
2887
3127
3103
2892
2891
3137
2887
2889
2897
2893
2887
3145
2886
2886
2894
2888
2888
2887
2886
2896
2881
3049
2886
2888
2892
3074
