2915
2894
2891
2883
2886
3122
3053
2892
2890
2885
2885
2884
2885
2883
3050
2890
2895
2884
2891
2884
2886
2890
2885
2884
3012
2883
2882
3072
2885
2878
2899
2885
2884
2889
2884
2885
3132
2887
3132
2879
2886
2887
2885
2892
2884
3049
2879
2885
2891
3047
3051
2883
2884
2888
3051
2896
2878
2886
2884
2879
2896
2883
3060
3065
2879
2889
2885
2883
2886
2883
2885
3144
2891
2885
2886
2885
2886
2884
2886
2883
3060
2886
2884
2892
2884
2888
2879
2888
2890
3049
2890
2882
2889
2884
3067
2885
2879
3060
3064
2884
2891
3073
2886
2882
3072
2892
2878
3135
2885
2885
2890
3112
2884
2885
2890
2890
2887
3068
2883
2899
2884
2886
2885
2886
3050
2892
2888
2894
2884
2893
3058
2884
2884
3097
3057
2884
2889
2894
2880
2886
2886
2888
2887
2880
2889
2884
2882
2884
2882
2891
2900
2885
2886
2883
2893
2883
2889
2883
3071
2891
2892
2884
2883
2891
2883
2885
2887
2880
2890
2885
2884
2885
2879
2888
2879
2886
2887
3063
2890
2886
2892
2886
2879
2892
3185
2888
2886
2889
2890
2884
2893
2888
2885
2885
2880
3070
2884
2883
2890
2885
3032
2883
2885
2892
2879
2886
2878
2885
2885
2883
2885
2898
2888
3089
2885
2889
2884
2886
2879
2886
2890
3109
2891
3100
2891
2887
2883
3179
2886
2895
2884
2878
2884
2891
2889
2895
2886
2890
2887
2892
2885
2884
2885
3089
2895
2884
2884
2884
2879
3084
3097
2893
2883
3082
2888
2884
2892
2886
2884
2891
3198
2883
2884
2887
2887
2895
2883
2884
2892
2890
3044
2883
2885
2896
2899
2885
2879
2887
2885
2884
2885
3047
3098
2889
2889
2893
2891
2885
2892
3081
2885
2881
2886
2894
2890
2891
2886
2888
2881
2891
2894
2890
2884
2883
2885
2881
2890
2886
2893
2883
2877
2886
2891
2889
3053
3052
2883
2891
2890
2891
3076
2882
2884
2885
2887
2876
2883
2890
2889
2882
3087
2883
2890
3107
2883
3099
2885
2890
2883
3137
2895
2886
2884
2883
2883
2884
2885
2889
2892
2886
2886
2884
3047
2897
2880
2885
2883
3051
2894
2889
2886
2884
2890
2891
2897
2886
2885
2885
2879
3116
3102
2884
2892
2884
2886
2884
2899
2893
3142
2885
2892
3101
2893
2885
2885
2884
2889
2894
2880
2885
2885
2889
2893
2881
2883
2897
3033
2885
2884
2890
2888
3049
3072
2880
2885
2881
3067
2895
2887
2885
2884
2884
2884
2887
2891
2884
2893
2878
2885
3156
2897
2886
3128
2894
2886
3069
2892
2879
2884
2885
3050
2894
2881
2887
2886
2894
3057
2886
3056
2885
2881
2892
2884
2887
2885
3064
2884
2880
2889
2880
2884
3159
2885
2885
2885
2885
2893
3110
2890
2884
2891
2884
2887
2884
2879
2893
2892
2895
2887
2883
2885
2890
3048
3057
2891
3049
2880
2884
2885
2884
2887
2880
3093
2888
2886
2887
2884
2895
3055
2886
2885
3101
2894
2880
2887
2885
2884
2893
2880
2884
2886
2892
2891
2889
2894
2879
2887
2887
2884
2884
2892
2884
2880
2884
2892
2889
2885
2882
2890
2880
2888
2890
2892
2891
2883
2885
2884
3060
2886
2888
2888
2893
2890
3129
2885
2892
2894
2886
2885
3108
2893
2887
2884
2883
2886
2891
2891
2886
2880
3057
2900
2888
3056
2891
2887
2891
3049
3082
2879
2892
2890
2884
2886
2879
2892
2889
2887
2885
3059
2892
2880
2895
2889
2886
2891
2890
2886
2887
3105
2885
3067
2886
2886
2885
2897
2899
2884
2879
3069
2892
2894
2884
3060
2885
2881
2898
2884
2887
2888
2913
2886
2885
2880
2890
2890
2899
2891
2884
2885
2879
2886
2893
3088
2884
2888
2895
2884
2886
2886
2886
3118
2901
2895
2888
2885
3054
3038
2892
2885
2890
2893
2885
3042
2892
2885
2885
2883
3054
2896
2888
2884
2882
3058
2891
2888
2888
2879
2887
2900
2892
3131
2892
2891
2887
2884
2888
2880
2885
2885
2884
3087
2772
2886
2885
3075
2891
2880
2886
3049
2882
3044
2884
2885
3081
2881
2891
2884
2888
3092
2884
2900
2884
2885
2885
3077
2892
2879
2895
2886
2884
2885
2883
2885
3098
2884
2884
2879
2888
3055
2882
2893
2885
2888
3042
2882
2893
2880
2886
2892
2889
2937
3114
2896
3093
2884
2882
2877
3090
2887
2881
2884
2877
3103
2883
3106
2883
3124
2888
2884
2882
3120
2876
2887
3055
3104
3049
2885
2889
2883
2886
2885
2887
2885
2893
2890
2900
2878
2885
2936
2892
3094
2884
2886
2879
3108
2896
2884
2892
2879
2890
2885
2886
2884
2885
2891
2880
2892
2885
2888
3099
2640
2884
2887
2881
2894
2886
3042
2894
2880
3035
2884
2882
2897
2887
2884
2886
2888
2885
2879
2889
2884
2886
2892
2880
2885
2893
2890
2888
2880
2887
2887
2891
2887
2886
2884
2880
3108
2885
2886
2886
2882
2891
3034
2887
2890
2879
2887
2893
2890
2886
2881
2886
2983
2888
2886
2886
2886
2880
2884
2893
2891
2886
2879
2886
3026
2893
2882
2892
2886
2885
2888
2892
2886
3161
2879
2887
2890
2881
3058
2895
2892
2886
2884
3040
3057
2890
2886
2891
2884
2884
2884
3106
2889
2888
3099
2896
2893
2880
2895
2884
2885
2889
2893
2884
3148
2884
2891
2880
2889
2879
2884
2893
2896
2885
2883
2884
2885
2891
2886
2885
2890
2890
2891
2887
2880
2897
2885
2891
2884
2884
2883
2885
2882
2887
2889
2894
2884
2883
2892
2889
2888
2880
2885
3132
2891
3135
2892
2889
2892
2889
2893
3147
2887
2889
2888
2891
2892
2884
2884
2889
3066
2891
2888
2889
2885
2884
3061
3065
2891
2889
2889
2888
2886
2879
2891
2886
2884
2885
2890
2888
2880
2886
2893
2888
3139
2889
2885
2891
3136
2891
2883
2886
2880
2907
3041
2891
2890
2880
2885
2885
2884
3053
2892
2891
2883
3065
3060
2879
2892
2887
2886
3090
2884
2884
2882
2884
2885
2891
2885
2885
2885
2884
2884
3002
2893
2891
2890
2886
2884
2885
