2903
2896
2889
2889
2893
2888
2893
2888
2888
2890
2888
2887
2893
2889
2888
2888
2887
2888
2894
2894
2888
2893
2889
2895
2889
2888
2893
2887
2893
2888
2893
2891
2902
2889
2889
2888
2893
2888
2887
2896
2896
2888
2887
2888
2894
2891
2889
2892
2888
2889
2888
2891
2894
2887
2892
2893
2891
2889
2887
2886
2895
2891
2889
2889
2895
2894
2889
2889
2888
2891
2897
2888
2888
2892
2887
2903
2888
2888
2895
2882
2893
2883
2889
2883
2898
2884
2889
2888
2889
2883
2900
2896
2892
2887
2889
2887
2896
2887
2889
2894
2891
2886
2891
2888
2890
2895
2897
2889
2889
2893
2891
2895
2887
2888
2888
2888
2889
2898
2896
2891
2889
2888
2897
2896
2891
2892
2891
2889
2898
2894
2898
2889
2890
2888
2887
2887
2898
2889
2901
2892
2888
2888
2886
2888
2886
2896
2888
2889
2887
2887
2887
2893
2890
2888
2886
2892
2887
2887
2901
2892
2907
2894
2883
2892
2899
2892
2885
2891
2883
2893
2894
2888
2894
2889
2882
2892
2882
2888
2883
2889
2890
2893
2886
2888
2888
2889
2900
2897
2886
2892
2887
2893
2887
2889
2887
2893
2887
2893
2887
2889
2889
2888
2892
2896
2890
2894
2888
2888
2901
2888
2887
2888
2889
2889
2903
2894
2892
2887
2888
2887
2887
2890
2893
2886
2888
2897
2891
2887
2889
2887
2888
2896
2901
2888
2888
2885
2888
2899
2889
2884
2893
2888
2890
2887
2888
2887
2896
2900
2899
2889
2887
2888
2898
2887
2889
2888
2888
2896
2894
2893
2887
2890
2892
2888
2889
2893
2891
2889
2887
2888
2890
2893
2895
2890
2888
2898
2890
2895
2899
2887
2888
2893
2888
2890
2901
2888
2889
2900
2892
2904
2893
2890
2887
2888
2888
2888
2887
2888
2887
2890
2893
2887
2886
2887
2890
2890
2882
2889
2881
2888
2880
2894
2881
2888
2882
2888
2881
2893
2883
2890
2882
2889
2889
2892
2883
2895
2882
2888
2886
2887
2882
2889
2884
2888
2882
2895
2885
2888
2892
2903
2888
2890
2894
2889
2895
2892
2887
2890
2903
2889
2893
2902
2887
2889
2892
2888
2887
2887
2889
2893
2913
2893
2894
2888
2888
2890
2890
2891
2895
2893
2888
2886
2888
2888
2891
2894
2905
2893
2888
2882
2890
2883
2889
2882
2896
2898
2893
2883
2906
2882
2891
2883
2888
2883
2894
2883
2888
2883
2894
2889
2890
2887
2887
2892
2893
2887
2894
2895
2895
2891
2887
2897
2889
2894
2906
2888
2893
2889
2895
2899
2899
2887
2891
2888
2900
2894
2889
2894
2892
2895
2886
2889
2888
2887
2887
2894
2899
2888
2887
2887
2889
2887
2898
2896
2890
2896
2895
2890
2891
2888
2898
2890
2889
2895
2893
2888
2894
2888
2888
2887
2908
2897
2894
2888
2891
2891
2886
2890
2887
2894
2893
2889
2895
2889
2887
2896
2912
2888
2884
2888
2892
2892
2882
2895
2882
2891
2882
2892
2883
2891
2882
2893
2882
2898
2884
2889
2883
2897
2896
2894
2882
2889
2883
2889
2893
2894
2892
2887
2886
2887
2887
2890
2894
2894
2888
2889
2887
2894
2895
2900
2891
2898
2888
2892
2888
2890
2894
2893
2888
2891
2888
2888
2904
2895
2889
2888
2888
2887
2898
2888
2888
2897
2889
2891
2887
2889
2900
2895
2888
2885
2897
2892
2896
2897
2890
2890
2891
2887
2896
2897
2887
2893
2888
2887
2895
2887
2888
2901
2888
2887
2902
2891
2889
2890
2888
2888
2887
2887
2891
2887
2887
2887
2889
2882
2889
2883
2894
2884
2900
2883
2894
2882
2889
2883
2893
2882
2893
2882
2888
2882
2895
2883
2891
2883
2890
2896
2888
2887
2894
2887
2889
2895
2890
2887
2893
2887
2889
2894
2892
2887
2899
2888
2900
2893
2895
2887
2890
2894
2893
2889
2891
2888
2888
2895
2889
2888
2891
2896
2893
2892
2887
2888
2887
2891
2888
2893
2893
2887
2886
2888
2900
2887
2887
2889
2888
2899
2889
2888
2887
2888
2887
2898
2893
2887
2884
2889
2882
2900
2882
2888
2882
2891
2895
2901
2900
2888
2882
2895
2883
2897
2883
2890
2883
2890
2887
2888
2882
2888
2883
2898
2882
2895
2882
2887
2897
2891
2886
2890
2888
2888
2893
2888
2898
2894
2888
2887
2889
2889
2894
2889
2887
2888
2893
2893
2893
2891
2888
2899
2889
2898
2895
2892
2887
2888
2888
2888
2898
2888
2888
2892
2887
2888
2888
2894
2887
2888
2888
2890
2889
2889
2900
2889
2889
2904
2894
2893
2888
2888
2893
2889
2890
2888
2889
2899
2886
2886
2892
2888
2894
2893
2894
2883
2889
2886
2892
2884
2896
2882
2902
2883
2906
2883
2889
2885
2890
2882
2894
2883
2889
2883
2888
2897
2890
2883
2892
2893
2899
2905
2891
2888
2891
2890
2889
2900
2893
2889
2888
2905
2889
2887
2898
2895
2887
2898
2894
2888
2887
2889
2889
2898
2892
2888
2888
2897
2912
2888
2888
2890
2889
2890
2885
2897
2893
2888
2888
2892
2887
2886
2892
2892
2883
2888
2883
2887
2888
2891
2883
2892
2905
2894
2895
2889
2884
2897
2884
2891
2886
2890
2886
2898
2884
2890
2887
2887
2906
2891
2888
2899
2888
2889
2895
2892
2899
2892
2899
2899
2889
2887
2888
2888
2887
2893
2890
2889
2890
2890
2888
2891
2889
2890
2890
2893
2896
2894
2888
2891
2888
2889
2891
2890
2895
2895
2894
2888
2898
2896
2888
2897
2888
2887
2900
2901
2894
2887
2897
2905
2889
2887
2889
2887
2894
2888
2888
2888
2896
2886
2899
2884
2889
2883
2889
2883
2897
2883
2891
2884
2888
2883
2895
2883
2889
2883
2895
2883
2894
2884
2888
2884
2888
2883
2895
2885
2891
2893
2888
2891
2893
2893
2895
2899
2892
2894
2894
2887
2896
2887
2889
2896
2891
2888
2890
2889
2892
2894
2895
2888
2888
2894
2906
2888
2889
2889
2890
2899
2917
2887
2889
2889
2890
2897
2892
2895
2889
2888
2891
2889
2890
2895
2888
2893
2900
2888
2893
2888
2888
2892
2902
2889
2890
2896
