798
767
766
777
766
767
766
767
777
766
766
774
767
768
766
765
780
766
770
776
766
766
766
765
772
766
765
778
765
766
766
766
778
766
765
771
766
766
768
766
778
766
767
776
766
767
766
767
766
766
766
772
766
765
766
766
776
768
765
779
769
767
767
765
765
766
766
777
766
764
773
766
766
766
765
772
768
765
776
769
765
767
768
771
766
766
774
769
766
766
766
772
765
767
779
766
768
766
767
777
767
767
765
767
778
766
766
779
766
769
766
765
768
769
765
777
770
769
769
765
767
766
765
771
765
766
778
768
767
766
767
777
768
766
772
767
766
769
768
778
769
766
773
766
766
768
766
770
766
765
776
765
767
766
765
771
767
765
772
765
765
767
766
776
767
767
777
768
766
766
766
766
769
768
776
770
767
769
767
766
766
765
770
766
766
778
769
767
768
765
771
766
768
771
767
768
766
766
777
768
767
777
766
767
767
765
772
766
770
778
767
768
772
771
778
765
768
773
768
767
771
766
778
766
766
776
766
767
767
767
772
766
768
780
767
768
768
766
780
766
768
776
766
766
766
765
768
766
766
771
767
766
765
766
770
766
771
779
766
768
774
766
767
767
766
773
768
767
777
767
771
768
766
774
766
769
771
767
767
765
769
779
766
766
771
766
766
768
768
779
766
767
776
768
767
768
769
773
769
766
780
766
766
767
766
777
767
766
772
766
770
770
768
777
766
766
777
766
765
769
766
775
768
768
778
766
766
767
768
777
766
768
772
765
769
766
768
768
765
766
779
771
766
766
766
769
768
767
771
767
766
774
767
766
769
766
777
767
765
770
766
766
766
769
778
768
766
777
766
768
767
766
773
767
766
779
767
768
768
766
779
767
766
770
766
767
767
766
780
767
766
770
766
766
769
765
771
767
765
777
766
766
768
766
778
765
764
778
766
766
770
768
772
771
769
778
767
766
767
766
776
766
766
770
766
766
768
766
767
769
765
773
768
768
767
766
766
767
766
777
767
766
767
767
767
769
765
779
767
766
776
766
768
766
767
772
767
766
776
767
768
769
769
772
767
766
773
767
768
767
769
777
767
766
772
767
766
770
768
780
767
767
780
766
767
769
766
772
767
766
778
770
766
767
767
772
769
766
784
766
768
768
768
778
766
767
773
766
767
767
766
777
765
766
777
766
769
769
768
773
769
768
768
768
777
768
765
771
768
766
768
766
773
769
765
779
768
765
767
767
771
767
767
772
767
767
771
765
766
768
767
778
769
766
770
767
766
766
767
778
766
769
773
770
766
766
765
771
770
765
780
767
766
766
766
771
768
765
771
771
766
770
766
776
766
765
776
767
766
766
766
770
766
769
772
768
766
766
768
778
767
766
777
765
768
768
766
769
766
767
777
765
767
766
768
765
767
768
771
765
765
767
766
766
766
767
776
765
766
772
765
766
770
767
778
766
767
776
765
767
771
766
772
771
765
777
765
768
766
766
779
768
767
773
770
765
766
767
772
767
765
778
769
769
766
768
779
766
765
778
769
769
766
766
769
766
767
777
767
767
766
766
771
766
768
779
767
766
765
766
774
767
767
771
765
767
765
766
768
766
766
770
765
766
769
767
768
767
767
777
768
766
776
766
770
767
767
777
766
766
776
766
767
768
765
772
767
770
778
766
765
768
767
772
766
769
772
766
766
767
768
781
766
766
775
765
766
767
766
773
766
765
778
766
767
767
770
777
766
766
770
774
767
766
769
776
769
767
777
766
766
769
767
766
768
767
771
766
766
767
767
766
766
766
777
768
769
770
768
768
766
766
780
767
765
777
766
766
766
766
773
764
767
777
770
765
768
765
781
767
767
773
768
766
767
770
770
768
765
776
766
766
766
765
777
767
766
771
767
768
766
767
816
767
768
766
767
769
770
778
765
768
771
768
767
767
768
784
769
766
777
767
767
766
766
771
769
766
784
767
766
767
766
774
767
767
772
767
769
769
768
778
767
768
776
767
766
765
766
771
769
765
777
766
765
766
766
778
766
766
773
767
766
768
768
779
767
766
770
766
768
765
766
779
766
767
771
769
766
770
768
782
771
766
772
768
769
767
766
769
766
767
777
769
768
767
765
766
765
767
771
767
769
777
765
766
766
769
772
767
766
764
768
780
768
767
770
765
768
770
767
772
766
766
777
769
766
766
768
776
765
768
770
767
767
766
768
779
767
766
776
765
768
767
767
766
766
767
777
765
766
777
774
765
767
767
770
765
767
777
766
766
767
769
776
767
766
771
765
770
