2907
3071
2880
3070
2893
2889
3087
2881
2888
2891
2891
2886
2885
2885
3093
2893
2885
2886
3118
2887
2894
2889
2886
2894
2886
2893
2892
2885
2886
3081
3044
2892
3047
2885
3052
2887
2886
2889
2885
2905
2880
2885
2885
3085
2892
2881
2895
2887
2895
2891
2890
3105
2891
3084
2887
3096
3098
2884
2889
2886
3095
2886
2891
2891
2886
2887
2886
2888
2886
2885
2885
2890
2896
2887
2885
2886
2885
2888
2885
3053
3045
2881
2887
3084
3061
2891
2891
3073
2880
2891
2894
3071
2887
2881
3101
3108
2892
2886
2890
3109
3155
2887
3167
2882
2893
2903
3183
2886
2894
2896
2894
3114
2892
2887
2893
2882
2894
2888
2885
2886
2891
2886
2893
2886
2886
3053
2886
3044
2892
2892
2886
2905
2894
2886
2882
2886
2892
2889
3107
2889
2897
2885
2886
3111
2885
2893
2880
2886
2887
2886
2891
2891
2889
3077
3120
2893
2887
2886
2881
2896
2891
3033
2886
3052
2887
2892
2888
3054
2886
2888
2895
3087
3044
2888
3042
2894
2891
2885
2893
2886
2886
2881
2886
2897
2890
3109
2881
3122
2885
2888
2886
3122
2886
2901
3193
2884
2885
2887
3084
2884
2887
2887
2884
2891
2881
2889
2887
2889
2890
2886
2894
2881
2891
2886
3048
2885
2886
2891
2885
2887
2884
2892
3054
2884
3044
2894
2890
2888
2884
3099
3056
3066
2892
2890
2881
2886
2887
2887
2893
2892
2886
2890
2886
2891
2885
2891
2881
2886
2885
3100
2896
2882
2893
2891
2887
2885
2885
2900
2886
3052
2887
3050
2891
2881
2893
3051
2886
2891
2888
2886
2890
3047
2881
2898
2888
3064
3081
2881
3118
2886
3075
3111
3082
2890
2885
2884
3092
2885
2894
2888
3128
2885
2892
2885
2886
2885
2886
2889
2891
3131
2885
2886
2892
2881
3045
3051
3052
2886
2891
3040
3047
2886
2888
2897
2886
2880
3053
2892
3062
2886
2887
2887
2889
2886
2886
2893
2885
3082
2887
3078
2895
2881
2886
2886
2886
2892
2892
2886
2886
2887
2882
2892
2889
2887
2886
2885
2898
2882
2887
2885
2887
2892
3134
2892
2887
2886
2881
2892
3053
2885
3055
3051
2886
2886
2891
2892
3060
2884
2888
2881
2890
2896
2886
2887
2881
2886
2899
2894
2889
3090
2890
2892
2885
2887
2881
2901
3039
2885
2887
2885
2891
2885
2888
2885
2884
2891
3062
3051
3057
2886
2885
2889
3061
2884
3050
2894
2891
3071
2885
3072
2887
2890
2887
2886
2887
2894
2891
2890
2889
2886
3070
2893
3126
2887
3065
2888
2893
2882
2884
2881
3082
2893
2887
2886
2886
2887
2886
2891
2881
3058
3039
2886
3051
2893
3041
2883
2885
2881
2890
2885
2892
2885
2885
3063
2881
2886
2886
2887
2891
2890
2886
3054
2887
2880
2892
3084
2885
2886
3075
2891
3106
2886
3119
2889
3110
2890
2886
2886
2894
2886
2897
2886
2881
2886
3061
2887
2886
2886
2896
2886
2888
2888
2895
2886
2889
2890
2886
3051
2892
2884
2887
2886
2885
2891
2895
3052
2883
2887
2882
3074
2885
2896
2886
2882
2891
2885
2898
2891
2890
2886
3096
3120
2886
2893
2886
2889
2886
2881
2891
2886
2886
2887
3110
2889
2880
2886
2887
2885
2891
2892
2887
2882
3050
2891
3046
2886
2892
2887
2881
2886
2881
2899
2894
2891
2887
2885
2887
2882
3059
2886
3071
2886
2881
2889
3102
3117
2889
2881
2894
2886
2887
2891
2888
3129
2887
2889
2894
2885
2888
3107
2891
2889
2902
3051
2886
2886
2886
2885
3050
2890
2886
2887
2892
2889
3047
2892
2895
2892
2881
2886
3091
2885
2894
2889
3124
2888
3107
2892
2886
3109
3117
2886
3109
2884
2888
2892
2891
2882
2889
3108
3180
3092
2896
2891
2891
2888
3042
2882
2891
3049
3040
2891
2889
2886
2885
2887
2881
2896
3093
2885
2885
2891
2884
2888
2887
2888
2881
2884
2887
3107
3121
2882
2892
2891
2887
3119
3121
2892
2886
2885
2881
2886
2890
2892
2887
2888
2887
2881
3023
3066
3124
2892
3093
2886
2889
2886
3044
2890
3049
3053
2887
2899
3048
2886
2887
2885
2891
2887
2893
2885
2889
2881
3087
3072
3080
2892
3069
2900
2886
2886
2885
2892
2891
2886
2887
3132
3087
2891
2892
2887
2882
2887
2882
2895
3040
3144
2887
2892
2894
2886
3058
2888
2884
2891
3064
2888
2892
2886
2886
2888
3055
2886
2884
2892
2883
2889
3115
3070
2892
2881
2890
2891
2889
3112
2894
2887
2887
2887
2891
2885
2889
3116
2889
2896
2891
2886
2886
2887
2887
2887
2881
2887
2888
2892
2888
2887
2886
2882
2887
2888
2887
2886
2883
2890
2888
3062
2887
3043
2893
2887
3108
2885
2889
2898
2881
2886
2890
3119
2889
3136
2914
2897
2881
2887
2886
3137
2891
3151
2887
2888
2891
2891
2899
2886
2881
2892
3064
2893
3063
2887
2887
2892
2891
2887
2889
2885
2881
2895
2886
3074
2886
2895
3108
2895
2889
2892
2892
3176
2888
2885
2882
3149
2892
2888
2887
2886
2886
3119
2893
2885
2885
2886
2888
2894
3131
2886
2888
2890
2887
2895
2887
2880
3057
2887
2885
2888
2886
2896
2900
2886
3069
3056
2890
2887
2886
2881
2891
3110
3061
2889
2892
2894
2887
2885
2887
2886
2892
2887
3099
2890
2881
2890
2886
2885
2885
2886
2895
2882
2887
2882
3052
2889
3048
2886
2887
3045
2891
3053
2889
3048
2888
2882
3054
2884
2885
2885
2882
3082
3057
2895
2890
2887
2893
3122
2886
3113
2887
2886
2888
2887
3145
2885
2889
2885
2888
2893
3112
2893
2886
2886
3135
2886
2888
2891
3056
3057
2893
2888
2891
2887
2887
2896
2882
2887
2881
2889
2886
2884
3073
2880
2893
2886
2884
2886
2882
2888
2886
3072
2886
2885
2886
2882
2890
2884
3114
2889
2886
2891
2888
2887
2883
2891
2880
2886
2885
2886
2890
2881
2891
2886
2886
2887
2891
2887
2882
2887
2881
2893
2885
3047
2894
2881
2886
2886
2891
3069
2890
2886
2881
2886
