1578
1548
1549
1742
1546
1547
1549
1542
1751
1541
1545
1556
1541
1550
1541
1543
1544
1542
1715
1540
1543
1736
1541
1553
1542
1543
1734
1539
1553
1544
1546
1740
1542
1547
1541
1547
1546
1543
1549
1544
1707
1541
1541
1742
1547
1548
1541
1541
1554
1541
1553
1555
1546
1715
1545
1710
1540
1542
1741
1544
1714
1544
1543
1545
1541
1554
1540
1541
1546
1539
1548
1542
1544
1548
1539
1712
1540
1543
1553
1542
1547
1544
1541
1548
1541
1541
1551
1546
1547
1542
1543
1545
1544
1547
1541
1541
1548
1544
1543
1552
1542
1546
1538
1543
1551
1546
1548
1541
1540
1545
1543
1546
1541
1546
1547
1542
1736
1541
1544
1551
1541
1583
1542
1540
1548
1543
1544
1547
1540
1548
1548
1541
1551
1541
1731
1542
1552
1549
1542
1747
1544
1552
1547
1541
1736
1541
1542
1772
1540
1546
1542
1719
1548
1541
1553
1542
1541
1782
1541
1745
1548
1540
1546
1542
1755
1541
1541
1551
1542
1550
1545
1544
1546
1541
1550
1545
1543
1545
1542
1546
1543
1541
1555
1540
1547
1555
1542
1552
1544
1736
1549
1541
1552
1540
1540
1549
1548
1544
1542
1541
1557
1540
1545
1546
1543
1800
1541
1797
1540
1541
1548
1540
1759
1550
1541
1798
1541
1551
1548
1542
1547
1541
1545
1743
1545
1545
1541
1550
1552
1541
1556
1542
1541
1551
1540
1557
1544
1541
1733
1541
1545
1542
1542
1553
1539
1546
1541
1541
1733
1543
1548
1545
1543
1727
1545
1552
1545
1541
1723
1542
1553
1543
1552
1550
1541
1847
1541
1545
1545
1542
1550
1543
1543
1550
1542
1546
1551
1543
1547
1541
1563
1709
1540
1545
1541
1546
1716
1541
1732
1540
1546
1544
1544
1547
1539
1830
1539
1542
1549
1542
1545
1541
1540
1553
1541
1552
1545
1544
1552
1544
1556
1541
1554
1549
1540
1851
1544
1785
1542
1543
1549
1541
1545
1541
1545
1547
1542
1553
1541
1542
1556
1543
1552
1542
1540
1764
1540
1546
1543
1773
1545
1541
1785
1541
1757
1540
1542
1547
1542
1545
1542
1547
1550
1541
1554
1542
1540
1545
1544
1548
1542
1542
1782
1539
1752
1543
1542
1554
1540
1552
1541
1543
1548
1542
1547
1542
1541
1550
1540
1546
1542
1549
1547
1542
1549
1541
1540
1548
1541
1545
1546
1543
1553
1543
1551
1546
1540
1547
1544
1542
1757
1542
1545
1541
1540
1553
1540
1553
1541
1546
1547
1545
1551
1544
1541
1711
1547
1548
1552
1540
1827
1540
1781
1543
1541
1771
1543
1775
1542
1545
1555
1540
1551
1543
1550
1548
1544
1554
1543
1556
1858
1541
1545
1544
1547
1545
1542
1749
1542
1545
1544
1547
1551
1542
1551
1542
1541
1547
1543
1548
1544
1541
1549
1542
1546
1543
1542
1556
1545
1552
1545
1541
1780
1546
1547
1540
1546
1553
1539
1553
1546
1540
1778
1542
1544
1553
1543
1552
1540
1542
1835
1541
1774
1542
1541
1766
1541
1547
1544
1548
1541
1542
1550
1541
1548
1540
1541
1551
1546
1550
1545
1541
1551
1543
1757
1548
1540
1547
1543
1545
1544
1544
1544
1541
1542
1556
1540
1551
1541
1555
1860
1542
1546
1545
1543
1545
1541
1762
1541
1540
1554
1542
1547
1800
1543
1545
1541
1542
1773
1540
1547
1540
1546
1787
1544
1552
1541
1548
1544
1548
1547
1541
1544
1804
1541
1767
1540
1546
1542
1542
1557
1540
1559
1790
1542
1786
1540
1549
1542
1540
1545
1544
1553
1541
1540
1546
1542
1762
1542
1546
1547
1542
1546
1542
1544
1552
1545
1554
1746
1541
1546
1541
1542
1800
1544
1778
1542
1548
1550
1540
1553
1541
1541
1546
1540
1783
1541
1542
1791
1540
1548
1544
1543
1550
1540
1554
1544
1549
1542
1553
1740
1544
1759
1541
1543
1550
1542
1546
1781
1544
1546
1543
1758
1541
1545
1552
1543
1550
1546
1542
1546
1540
1782
1540
1542
1549
1540
1547
1543
1540
1550
1542
1552
1542
1550
1548
1542
1548
1546
1546
1545
1542
1551
1542
1540
1747
1543
1551
1544
1541
1560
1543
1546
1543
1543
1548
1545
1759
1539
1541
1550
1541
1768
1542
1547
1558
1543
1555
1547
1544
1788
1541
1774
1542
1547
1542
1541
1552
1541
1555
1542
1541
1546
1541
1752
1543
1553
1546
1544
1550
1542
1543
1546
1542
1548
1543
1542
1555
1544
1548
1541
1542
1549
1541
1751
1541
1544
1753
1542
1549
1542
1707
1541
1546
1549
1541
1554
1541
1551
1546
1542
1710
1542
1551
1540
1542
1546
1542
1549
1540
1541
1548
1544
1551
1545
1539
1710
1541
1547
1541
1541
1548
1539
1715
1550
1540
1554
1546
1710
1540
1542
1548
1543
1547
1543
1541
1551
1545
1546
1546
1540
1545
1542
1544
1551
1541
1552
1543
1547
1545
1541
1716
1541
1545
1546
1542
1711
1544
1545
1767
1543
1550
1542
1551
1541
1542
1718
1544
1546
1541
1543
1545
1543
1549
1551
1541
1548
1542
1542
1760
1541
1546
1541
1707
1544
1543
1545
1542
1712
1540
1541
1547
1541
1550
1545
1540
1546
1541
1705
1542
1542
1712
1542
1711
1541
1541
1552
1542
1704
1542
1543
1546
1542
1548
1539
1546
1704
1542
1703
1541
1706
1549
1540
1549
1540
1555
1548
1576
1579
1545
1702
1550
1546
1549
1542
1547
1549
1543
1552
1541
1548
1721
1542
1704
1548
1547
1546
1542
1546
1541
1539
1549
1541
1551
1545
1542
1709
1540
1547
1542
1543
1703
1542
1547
1540
1545
1551
1541
1545
1541
1546
1551
1540
1709
1540
1705
1545
1543
1554
1541
1546
1550
1541
1553
1542
1544
1546
1548
1547
1540
1540
1711
1541
1711
1542
1541
1546
1543
1549
1727
1547
1547
1541
1697
1542
1544
1553
1540
1552
1541
1542
1546
1546
1705
1540
1543
1547
1545
1710
1542
1540
1551
1540
1545
1541
1540
1552
1541
1545
1543
1540
1547
1541
1546
1544
1709
1551
1540
1550
1540
1551
1544
1540
1704
1540
1547
1546
1542
1548
1538
