3094
2871
2878
2879
3099
2881
2873
2870
3103
2875
2873
2878
2874
2877
3063
3152
3048
2866
3072
2877
2873
2873
2870
2873
2873
3023
2870
2872
2868
3032
2874
2874
3036
2873
2873
2873
2884
2875
2880
3057
3024
2875
2868
2875
2874
3066
2874
2874
3096
2871
2873
2875
3108
2883
2870
2871
3100
2879
2871
3090
2875
3093
3150
2889
2873
3104
3178
2875
2873
2877
2869
2875
2873
3077
2875
2868
2874
3030
3033
2879
2870
2873
2872
2873
2879
2878
3070
2878
2871
2880
3073
2866
2872
2876
3066
2878
3080
3091
2870
3092
2875
3110
3114
2868
2872
2872
3097
2873
2877
3171
3096
3106
3094
3170
2886
2873
2874
3184
2873
2872
3094
2878
2877
2870
2873
2877
2870
3027
2873
2872
2876
3026
2868
2869
2873
2871
2878
2874
2881
2870
2874
2875
2879
2873
3031
2879
2878
2872
2870
2874
3072
3078
2874
2867
3081
2870
3095
2873
3070
2878
2876
2877
3074
2878
3090
3107
2869
2873
2890
2878
3095
3094
2877
3097
3101
2868
2872
2873
3190
2875
2873
2880
3099
2882
2873
2875
2876
2874
2868
2885
3040
2874
2875
2863
2877
2871
2875
3031
2874
3047
2874
3024
2871
2875
3042
2870
2874
2871
3050
2872
3053
2875
2875
3066
3040
2880
2881
3068
2875
2874
3085
2875
2872
2870
2875
2873
3091
3111
2873
2873
2869
3100
2877
2870
2879
3126
2877
2881
2876
2872
2876
2872
2881
2875
2877
2879
2869
2868
2872
2878
2876
2878
3029
2880
3028
2875
2880
2874
2874
2877
3025
2872
3023
2879
2879
3054
2868
2881
3047
3036
3058
2873
2875
2877
2875
2875
3068
2877
2870
3105
3120
2877
2878
2879
2873
2870
2874
3126
3138
2878
2870
2878
3026
3139
2874
3138
3032
3046
3037
3033
3033
2872
2874
2877
3056
2884
2872
2875
3043
3059
2868
3065
2878
3080
2879
2874
2873
2869
2870
2874
3090
2869
2879
2877
2877
3132
2871
2872
2870
2873
2874
2878
3136
3144
2870
2878
2881
2879
2877
2875
3138
2872
2874
2878
2869
2882
2882
2878
2872
3041
3032
2880
2885
2877
3027
2876
2871
2868
2876
2870
3040
2873
2878
2875
3039
2871
3034
2875
2872
2879
2869
3040
3050
3064
2876
2866
2877
2866
2872
2871
3058
2872
2874
2879
3050
2876
3101
3098
2873
2879
2876
3088
3107
2877
3109
2875
2873
3113
2875
2873
2871
2875
2874
3127
2875
2879
2876
2867
2871
2873
3049
2880
2871
2875
2877
2877
2881
3041
3049
2878
2881
2873
2878
2878
2881
2876
2881
2877
2868
3065
2872
2885
2871
2875
2867
3055
2879
2882
3066
3063
2875
2876
3062
2874
3069
2877
2868
2873
2877
3106
3114
3111
3166
2877
3146
3059
2875
2875
2888
3039
2872
2874
2882
3061
2879
2878
2880
2877
2878
3073
2874
3060
2869
2873
3053
2874
3053
3060
2876
2874
2877
2871
2876
2874
2876
2875
2874
2878
2875
2877
2873
2878
2880
2870
2875
3069
2881
2874
2875
3090
3107
3154
3101
2876
2874
2878
3030
2882
3095
2877
2875
2881
2871
2866
3066
3178
3060
2879
2871
2872
2878
3011
3066
3040
2869
2882
2877
3035
3051
2874
2881
2871
2873
2873
2875
2877
3033
3063
2878
3064
2865
2876
2868
2878
2877
2880
2881
3053
2877
2877
2880
3094
3078
2880
2868
3097
2873
2878
2880
2873
2876
3110
3168
2871
2876
2874
2874
2872
2882
3062
2874
3104
2868
3042
2875
3056
2877
2874
2879
2874
2879
2867
2876
3033
2876
3036
2879
2879
2879
3040
2880
2870
2874
2878
3074
2873
3075
2874
3066
2876
2870
3085
2871
2873
2882
2872
3099
2869
2873
3174
3115
2876
2880
2881
2874
2870
2868
2873
2872
2879
3131
2870
2879
2877
3105
2878
3111
2874
3028
2879
2882
3025
3038
2871
3042
2876
2869
2871
2872
2875
3032
2878
3081
2888
2883
2874
2877
2872
3053
2877
2871
2880
2878
2871
2883
3095
2881
3108
2875
3108
2872
3113
3097
2879
3122
2878
2872
2875
2866
2872
2876
3128
2878
2874
2882
2871
3025
2871
2879
2873
2876
2877
3029
2870
2874
2873
2872
2878
2874
3028
2876
2879
3049
2869
2880
2875
2876
3086
2868
3065
2874
2875
3088
3088
3120
2874
2885
2871
2871
2875
3108
3098
2868
2870
3139
2874
2872
2869
3038
3039
2873
2885
3102
3034
2870
2874
2870
2876
2870
3036
2877
2874
2875
3051
2878
2875
3043
2870
2881
2869
2871
2880
2880
3049
2875
2870
2873
2877
2874
2878
2871
2881
2872
2879
2874
2873
2870
2867
2882
2876
2872
2881
2877
3089
3063
2882
2877
3088
3121
2879
3136
2873
2878
2874
2873
3107
2872
2870
3119
2871
3140
2875
2877
3131
3128
2875
2874
2876
3047
3122
2880
2879
2878
2874
2874
2881
3037
2877
2869
2873
2876
3038
2876
2882
2874
3039
2876
3068
2876
2876
3045
2873
2876
2871
2875
3071
2878
2871
2878
2875
3084
2870
2887
3138
2874
2872
3123
3138
3129
2875
2884
2869
2877
2870
2877
2872
2876
2874
3152
2869
2867
2874
2880
2887
2874
2877
2875
3033
2871
3042
2877
2868
2874
2874
2879
2881
2876
2880
3039
3037
2883
2875
2875
2873
2871
3042
3061
2889
3049
3044
3062
2872
2880
3074
2867
3109
2881
2873
2872
2877
3104
3108
2874
3085
2873
3124
3094
2880
2869
2879
2873
2876
2876
3138
2877
2869
2876
3030
3027
3037
2879
2877
2877
2874
2873
2879
2874
2870
2878
2880
3057
2874
3050
2872
3050
2873
2882
3059
3043
2879
2871
2876
3058
2872
3060
3052
2875
2883
3059
2874
2877
3110
2875
2878
3066
3126
2871
3102
2875
3095
2877
2876
3168
3097
2876
2870
3128
2873
2878
2872
2871
2876
2874
2878
2870
3066
3041
3043
2878
2877
2870
2871
2874
3058
3034
2876
3036
3026
3059
2876
2871
2870
2878
2883
2872
2875
2875
2873
2872
3075
2871
3059
2872
3086
2875
3076
3126
2884
3112
2868
3107
3164
2879
2873
3101
2875
2878
2877
3073
2881
