2916
2900
2908
2903
2898
2893
2898
3069
3060
2899
3062
3071
2898
2902
2897
2899
2902
2903
2903
2898
3081
2892
3084
2903
2902
2898
2902
3115
3136
3093
2902
2897
2905
2891
2897
2892
2902
2903
3108
2899
2892
2904
2895
2909
2897
3188
3092
2892
2898
2900
2898
2902
2894
2908
2897
3053
2897
2893
2905
2896
2898
3060
2903
2897
2898
2898
2901
2897
3056
3077
2907
2903
2898
2898
3101
2898
2907
2892
2898
2896
2899
2897
2897
2904
2903
3119
2896
2897
2900
2903
2898
2898
3123
2892
2903
2899
2898
2906
3051
3076
3060
2893
2908
3054
3059
2898
3060
3049
3064
3044
2899
2901
2897
2898
2902
2904
2907
3107
2899
2906
2898
2898
2896
2901
3115
2901
2898
2892
2897
2904
2905
3124
2898
2897
2892
3197
2898
2896
2903
2899
2899
2892
2897
3091
2898
2897
2902
2897
2897
2897
2900
2898
2898
2904
2904
3091
3065
2905
3124
3101
2902
2903
2897
2897
2897
3133
2903
2909
2897
2899
3095
2892
3121
3100
2898
2897
2896
2901
2898
2895
2901
2893
2913
2897
2898
2897
2896
2896
3090
2899
2899
2892
2896
2896
2903
2903
3091
2897
2892
2897
2902
2905
2899
2900
2896
2893
2908
2898
3136
3133
2897
2904
3156
3137
2897
2902
2904
2898
2896
2902
3153
2903
2892
2898
2896
3068
2901
2895
2897
2894
2898
2897
2900
3064
2897
2897
2897
2897
3081
2897
2902
2899
2901
2897
3077
2893
2899
2897
2897
2901
2899
2905
2902
2903
2892
2897
2897
2905
2899
3120
3117
2895
2903
2897
2898
2901
2898
2896
2903
3141
3062
2898
2903
2893
2898
3057
2899
2902
2904
3066
2891
2904
2900
2905
3069
2892
2909
3119
2899
3073
3068
2903
3106
2898
2899
2892
2908
2903
2900
3151
2898
3125
2891
3150
2898
3148
2900
2895
2903
2898
3162
3055
2897
2902
2897
2900
2910
2892
2897
2892
2897
2897
2912
2899
2898
2906
2891
2898
2893
2908
2897
3065
3073
2898
2901
2891
3080
2897
2898
3121
2897
2902
2901
2897
2915
3125
2902
3120
2897
2892
3124
2901
2907
2904
2897
2899
2903
2902
2898
3124
3066
2911
2904
2897
2898
2900
2898
2903
2900
2896
2892
2898
2892
2898
3056
2899
2903
2892
2898
2898
2907
2903
2903
2898
3100
2897
2902
2899
2897
2897
2898
2893
2898
2903
2905
2897
2897
2896
3117
2906
2891
2898
2897
2897
2903
2904
2897
2893
2905
2897
3132
2896
2892
2902
2899
2899
2897
2897
2899
2897
2897
2906
2892
2897
2897
2898
2902
2898
3071
2892
2897
2897
2904
2898
2896
2897
2892
2897
2903
2905
2901
2893
2898
2908
2899
3176
2898
2897
2897
2903
2897
2896
3062
2891
2897
2900
2902
2896
3061
2898
2900
2910
2897
3060
2897
2898
2912
2892
3094
2899
2897
3089
2892
3073
3081
2898
2902
2899
2900
2893
2899
3109
2896
2903
2900
3137
2895
2905
2900
2898
2898
2902
2905
2896
2896
3081
2899
2898
2895
2904
2892
3082
3049
2896
2904
2897
2902
2899
2898
2898
2892
2903
2902
2897
2899
2897
3075
2897
2900
2897
3076
2898
2901
2902
2897
3116
3113
2892
2905
2898
3137
2900
2891
2901
2892
3146
2898
2898
2898
2911
2896
2893
3076
2899
2898
2897
2897
2898
2892
2898
2897
2896
2899
2901
2898
2899
2899
2899
2899
2897
2899
3073
2892
2898
2906
2903
3114
2896
2900
2902
2901
2899
2897
2903
3176
2897
2897
2904
2902
2900
3177
2899
2905
3072
3065
2893
2897
3062
2907
2898
2891
2905
3085
2897
3089
2892
2900
3120
2906
2898
2895
2898
2903
2899
2902
2897
2901
2898
2898
2897
2901
2898
2897
2897
2898
2905
2892
3199
2896
3118
2901
2896
2901
2897
2898
2904
2896
3060
2892
3057
2898
2900
3062
2896
3063
2896
2899
2898
3054
2896
2902
2898
2897
3092
2905
2892
2898
2898
2897
2908
2892
2897
2897
2899
2902
2903
3199
2894
2897
2897
2897
2892
2902
2898
3194
2900
2892
2897
2897
3094
3065
2897
2904
2892
2897
2897
3054
2904
2902
2897
3085
2898
2899
3067
2902
2895
3095
3080
2898
3099
2897
3096
3116
3078
2902
3122
2900
2896
2894
3081
2906
2902
2897
2892
2895
2902
3157
2897
2892
3060
2892
2903
2902
2897
3061
2899
2897
2891
2902
2897
2897
2901
2908
3070
2897
2897
2902
2902
2903
2901
2899
2896
2903
2897
2903
3117
2898
2902
2895
2898
2892
2904
2892
2900
2897
2898
2905
3141
2902
2894
2903
2903
3151
3157
2906
3143
3062
3153
2897
2899
2899
2903
2904
3057
3061
3067
2898
2899
2902
2898
2898
2898
2899
2893
2899
2904
3074
3107
2904
3078
2892
2902
3131
2905
2899
2898
2904
3147
2906
2902
2892
3149
2896
2897
2907
2894
2898
2905
2898
2902
2898
2898
2905
3063
2898
2897
2891
2904
2898
2898
2904
2902
2900
2895
2897
3070
2903
2898
2895
2900
2897
2902
2898
2899
2897
2912
3080
2897
2897
2904
2899
3096
2898
2898
2893
2898
2897
3125
2897
2892
2903
2896
3159
2898
2899
2898
2899
3148
3031
2898
2902
2902
2900
2891
2898
2892
3052
2902
2904
2899
2892
2899
2904
2908
3076
2899
2903
2895
3070
2897
2900
2906
2893
3077
3107
2897
2904
2899
2898
2904
2901
3116
2897
2901
3157
2900
3101
2900
2903
3114
3134
3058
2899
2897
2904
2896
3059
2900
2897
2894
3059
3067
3056
2900
2892
2898
2904
2904
2896
3069
2898
2892
2901
2896
2903
2904
2902
2899
2898
2897
2902
3127
2897
3132
2902
2908
2907
2897
3131
2901
2898
2898
2902
2901
2897
3085
2905
2906
3064
2896
2898
2899
2892
2898
2904
2901
2897
2899
3098
2899
2897
2900
2898
2897
2900
2904
2904
2898
2892
3079
2907
2906
2899
2891
2897
3109
2901
2901
3083
2897
2903
3128
2899
2898
2904
2902
3187
2898
3129
2897
2892
2898
2896
2898
2904
2903
2897
2905
3069
2894
2905
2898
2899
3080
3065
2904
2894
2896
2897
2897
