2907
2904
2893
3052
2887
2890
2900
2896
2890
2887
2889
2896
2893
2889
2889
2888
3050
2893
2883
2887
2884
3058
2896
2899
2889
3059
3074
3062
2887
2887
3087
2886
2888
2896
2888
2889
2882
2889
2891
2897
2890
2886
2887
2887
2895
2883
2888
2882
2897
2888
2888
2887
2883
2889
2889
2887
2888
2889
2896
2888
2888
2887
3054
2895
2883
2894
2887
2891
3048
2883
2891
2892
2893
2893
2894
2890
3057
2887
2888
2895
2890
2883
2890
2894
2894
3109
2888
3111
2894
2893
2890
3114
2896
2887
3150
2889
2887
3063
2888
3051
2890
3050
2896
3076
2888
2899
2888
2889
2883
3086
2888
2888
2887
2883
3078
2893
2891
3085
2883
2889
3099
2887
2893
2888
2895
2883
2892
2882
3126
2895
2893
2897
2886
3092
2893
3165
2888
2889
2887
2886
2897
2885
2895
2887
3094
2893
2884
2887
3088
2888
2888
2884
2887
2888
3073
2893
2893
2895
2884
2887
2895
2894
2888
2888
2892
2884
2891
2895
2891
2888
2887
3109
2884
2888
2890
2887
2895
2894
2893
2905
2892
2887
3168
2892
2894
3056
2887
3079
3050
2890
2892
2888
2885
2889
2892
2890
2889
2885
3053
2894
2889
2889
2888
2894
2887
2889
2887
3098
3113
2888
2888
2884
2889
2883
2888
2893
2895
2891
2888
3115
2883
3189
3068
2890
2889
2887
2897
2894
2888
2884
2887
2896
2891
2888
3075
2890
2890
2893
2887
3048
2889
2885
2891
2898
2887
3071
2886
3079
3096
2888
2891
3075
2888
3109
2888
2893
2883
2896
2888
2891
2894
2896
3168
2888
2889
2894
2887
2892
2887
2887
2887
2888
2884
2890
2883
2894
2887
2889
2889
2896
2897
2894
2892
2890
2888
3052
3046
2889
3083
2892
2888
2884
2890
2888
2887
2899
2892
2887
3119
3103
2890
2889
2893
2888
2889
2892
2888
2893
2883
2887
2895
2892
2891
3211
2888
3056
2887
2897
2892
2890
2888
2888
2893
2888
3053
2884
3043
2888
2885
2888
2885
3076
3105
2883
2889
3118
2888
3116
2882
2889
2888
2888
2888
2884
2895
2887
3196
3139
2895
2896
3057
2883
3052
2894
2892
2893
2888
2890
2883
2890
2888
2888
2889
2884
2894
3057
2892
2887
2887
2893
2887
2887
2886
2888
2893
2895
2889
2890
3109
2891
2897
2892
2889
3117
2887
3085
2894
2891
2888
2888
2889
2897
2891
2887
2889
2895
2887
2890
2894
2896
2897
2883
3046
2888
2888
2894
2891
2889
2889
2887
2886
2893
2887
2889
2899
2898
2899
2895
2888
3107
2888
2891
3128
3106
2891
2888
2886
2883
3097
2887
2894
2889
2888
2893
2882
3161
2890
2897
2888
2891
2895
2896
3041
2889
2884
3042
2888
2887
2896
3076
2889
2886
2892
2895
2882
3100
2888
2889
2888
2893
2889
2883
2888
2894
2896
2887
3122
2888
2883
2893
3156
2888
2890
2887
2900
2886
2887
2888
3066
2897
2896
2888
2888
2888
2903
2899
3048
2882
2889
2893
2888
2889
2883
2895
2888
2888
2888
2886
2888
2883
2888
2887
3063
2893
2888
3111
2883
2887
2887
2889
2891
2888
2893
2887
2894
2900
2888
2888
2887
2893
2883
3123
2897
2888
2900
2897
3057
2885
2897
2888
3050
2890
2888
2892
2884
2889
2890
2891
2893
2888
2895
2886
2900
3066
2896
2891
2884
2889
2883
2894
2883
2888
2888
2889
2896
2888
2891
3116
2888
2896
2887
2888
2887
2893
2883
2890
2891
2887
2893
2893
2890
2891
2895
3117
3072
2898
2887
2888
2906
2888
2885
2894
2886
2889
3042
2886
2901
2888
2888
2891
2891
2887
2895
3068
2888
2886
2888
2889
2894
2889
3076
2887
2889
2890
3121
3098
2891
2888
2893
2891
3120
2891
2889
2894
2884
2890
2896
2887
2894
2895
2897
3047
2890
2891
2892
2896
3063
2888
3082
2884
2889
2896
2896
2889
2893
2892
3070
2890
2895
2889
2888
3064
2889
2885
2900
2884
2887
2883
3080
2893
2889
2891
2890
2896
2889
2895
2885
2889
3082
2889
2903
2892
3165
2889
3115
2894
2890
2889
2886
2888
2884
2892
3048
2888
2895
2894
2897
2885
3048
2888
2890
2888
2892
2890
2884
2892
2894
2893
2891
3054
2888
2895
2891
2900
2888
2889
2883
2896
2884
2896
2889
2895
3123
2884
2893
2884
2891
2889
2888
2893
2895
2888
2891
2890
2883
2903
2899
2894
2888
2883
2893
2890
2888
2893
2885
2888
2887
2889
2895
2889
2888
2890
2886
2897
2884
2889
2887
2893
3107
2884
2890
2897
2888
2888
2887
2888
2885
3109
2894
3105
2888
2883
2889
3091
2888
2895
2888
2891
3063
2887
2896
2896
2889
2888
2889
2896
2888
3048
2889
2890
2894
2893
3091
2884
2889
2895
2902
2888
2883
2890
2883
2890
2894
2894
2897
2887
3122
2883
2888
2889
2893
2889
2889
3106
2885
2894
2896
2892
2889
2884
3081
2894
3118
2889
2888
3058
2894
2892
2888
2896
3041
2897
2890
2891
2888
3077
2895
2895
2888
2884
2889
2889
2898
2893
2883
3097
2896
2895
2890
2890
2887
3107
3119
2886
2888
3137
2889
2887
2686
2888
2889
2894
2894
2885
2889
2885
2892
2894
2894
2887
3037
2894
2883
2897
2888
2887
2888
2886
2894
2884
2889
2895
2888
2890
2885
2889
2887
2895
2888
2887
2889
3059
2895
2884
2888
2888
2888
2894
2897
3149
2888
2889
2884
2895
2889
3116
2891
2890
2888
2884
2895
2888
3142
3066
2888
2896
2895
2889
2887
2888
2886
2888
3042
2888
2889
2889
2895
2892
2890
3055
2893
2894
2893
2894
2884
3058
2889
2900
3091
2883
3077
2896
2887
3105
2887
3116
2883
2888
3142
2889
2888
2888
2892
2889
3141
3153
2894
3164
2889
2899
3055
2887
2897
3044
2888
2888
2888
2900
2890
3046
3055
2889
2890
2884
3056
2893
3055
2888
2895
3075
2886
3074
2894
2890
2889
2894
2890
2884
3104
2883
2902
3155
2888
3105
2884
2893
2889
2896
2891
2884
2893
2896
3137
2892
3048
2890
3055
2882
2890
2885
2890
2886
2894
3060
2887
2887
2885
2894
2890
2889
