2904
2907
2893
2893
2888
2886
3093
2894
2892
2889
2885
3133
2885
2894
2747
3123
3054
3063
2889
2884
3061
2885
2885
2893
2883
2890
2891
2886
2894
2884
3060
2886
3084
2880
2892
2890
2885
3074
3077
2892
3097
2885
2888
2880
2894
2884
3082
3111
2884
2890
3153
2887
3093
2885
2894
2885
2888
3049
2887
2893
2885
2885
3113
2890
2894
2895
3050
2887
2891
2884
2896
2885
2886
2885
2887
2892
2887
2891
2889
3081
2891
3069
2885
2890
3074
2890
2889
2887
2890
2886
2893
2835
3123
3108
2887
2894
3143
2886
2886
2889
2886
2898
3019
2887
3064
2895
2891
2887
2886
3052
2897
2884
2892
3080
2885
2895
2887
2888
2886
3026
2897
2886
2889
2894
2886
3115
3145
2895
2890
2892
2886
3076
2884
2887
2897
3089
2883
3075
2894
3052
2886
2879
2894
3085
2892
3046
2893
2888
2884
2894
2894
2897
2890
2881
2885
2896
2904
2888
2885
3097
2879
2889
2892
2892
2887
3100
2885
2897
2894
2881
3038
2892
2887
2892
2891
2891
2899
2891
2886
3200
3112
3049
2892
2890
2883
3060
2892
2899
3049
2880
3044
3081
2897
2889
3048
2890
2895
2891
2890
2883
2888
2901
2894
2896
3009
2897
2727
2891
3127
2888
3199
2883
2888
2891
2893
2891
3181
2893
2882
3114
2897
2897
2888
2888
3058
2895
2889
2891
3053
2894
3094
2886
3101
2893
3091
2887
2892
2897
2899
2900
2891
3106
2892
2888
2894
2888
2888
3103
2887
3200
2899
3116
2889
2893
3120
3045
2888
2895
2882
3051
2886
2894
2888
2892
2893
3049
3056
2881
2890
2888
2894
3086
2888
2893
2883
3094
3056
2892
2892
2888
2887
3102
2884
2888
2892
3132
2887
2897
2888
2901
2887
2898
3084
2894
2896
2887
3051
2891
2896
3129
2888
2886
3053
2892
3054
2898
2890
2899
3088
2888
2888
2905
2887
2893
2891
2887
2888
2897
2894
2886
3066
2889
2891
2900
2894
2891
2881
3070
2898
3097
2888
2887
3108
3145
3107
2888
2894
3084
2889
3125
2890
2883
3146
2888
3161
3054
2881
3035
2892
2888
2889
2883
2890
2891
3038
2887
2888
3044
2892
2895
3093
2890
3084
2880
2898
2887
3097
3104
2880
2887
2888
3101
2890
2887
3108
2895
2888
2890
2887
3156
2882
2895
2892
2892
3057
2887
2889
2883
2887
3046
2896
2892
2888
2886
2893
2900
2887
2888
2888
2892
2893
3114
2888
2889
2883
3058
2888
2895
2889
3078
3112
2883
3123
2888
3121
3125
2885
2894
2886
2893
3148
2882
2892
2886
2889
3057
2892
2901
3053
2880
2893
3060
2890
2887
2881
3055
2892
2898
2890
2886
3069
2902
2895
2887
2888
2889
2887
2888
2887
2890
2894
2885
2895
3146
2881
3076
2894
3153
3044
3054
2888
2886
2880
2888
2891
2892
2903
2895
2890
2881
2887
2887
2898
2891
2881
3062
3074
2900
2889
3057
2890
2879
2895
2890
2888
3113
3104
3156
3141
2888
2892
3106
2893
2886
2887
2887
3076
2892
2880
2894
2895
2887
2893
2887
2888
2888
2888
2895
2832
2889
3065
2886
2889
2787
2888
3073
3072
2891
3063
2887
3120
3072
2891
3110
3110
3099
2889
2895
2881
3141
3066
2889
2894
2883
2886
2887
2892
2896
2892
2890
2887
2889
2883
2895
2891
3038
3055
3072
2895
2888
2890
2900
2888
2889
3070
2898
2891
2887
2893
2950
2892
3113
2889
2897
2882
3119
2886
2892
2899
2686
3164
3062
3069
2891
2890
3063
2881
2887
2894
2895
3051
2885
2891
3069
2898
2887
3061
3093
2894
3038
2887
2887
2891
2893
3063
2890
2882
3072
2896
2887
3117
3118
2887
2903
2891
2905
2890
3084
2945
2892
2886
2894
3050
3043
2891
2890
2887
2891
2897
2893
2891
3048
2894
2881
3054
2887
2897
3065
3053
2890
2894
2887
3094
2897
2895
2893
2891
2886
2887
2895
2886
2895
2891
2886
2889
2886
2884
2903
2889
2887
2898
2883
2885
2886
2886
2897
2893
2886
2888
2886
2887
2886
2898
2891
2892
2885
2888
2892
2893
2889
2886
2890
2897
2888
2892
2892
2891
2888
2886
2881
2893
2891
2888
2879
2890
2879
2895
2891
2887
2887
2899
2890
2889
2895
2889
2902
2896
2886
2893
2899
2900
2887
2887
2894
2900
2890
3051
2880
2890
2889
2900
2887
2892
2899
2886
2892
2886
3042
2895
2882
2893
2885
3101
2896
2881
2888
2887
2887
2897
2889
2888
2889
3115
2895
2896
3128
3105
3131
2895
2633
2887
3058
2889
2890
2884
2889
2886
3052
2894
3043
3046
2880
2894
2888
2890
3083
2886
2891
2882
2888
3106
2886
2885
2895
3078
3110
3194
2887
2885
2890
2886
2887
3130
2888
2889
2885
2882
3117
2898
2891
2883
3113
3050
2882
2894
2891
2884
3048
2890
2891
2884
2887
2899
2886
2883
2882
2889
2884
2884
2885
3062
3078
2890
2893
2888
2886
2889
2986
2887
2890
3105
2890
2889
2885
2898
2880
3129
2881
2883
2888
2881
2886
2892
2890
2890
3045
2887
2886
2895
2888
2887
3058
2889
2892
2886
3071
2888
2891
2893
3069
2891
3108
2889
2892
2881
3130
3100
2881
2895
2885
3129
2886
2887
2893
2897
3130
3057
2885
3050
2892
2886
2889
2882
2893
3056
2893
2888
2887
2895
2880
2891
2885
2887
2889
2887
2888
2885
3101
2895
3095
3122
2882
2890
2892
2887
3127
2887
2895
2886
2897
2891
2888
2894
2886
2893
2889
2890
2889
2892
2902
2887
3057
2887
2898
2889
2889
2881
3054
3069
2890
2892
2886
2887
2892
2891
2890
3080
3098
2881
2895
2886
2887
3118
2884
2890
2886
2891
3067
2894
2900
3117
2895
2891
2897
2894
2892
2894
2884
2887
3045
3057
3052
2785
2887
2885
3049
3070
2893
2893
2884
2895
2897
2888
2888
2880
3066
2885
2887
2891
2892
2890
3074
2899
2882
2896
3112
3090
2894
2884
2906
2891
3136
3078
2883
2894
2892
2885
3072
2895
2894
2886
2889
2886
2887
2894
3053
2891
2885
2889
2899
2887
2891
3081
2886
2891
2890
2894
2890
2893
2894
