1497
1477
1488
1488
1486
1494
1474
1658
1478
1480
1481
1482
1480
1475
1476
1487
1474
1659
1476
1477
1482
1474
1478
1479
1474
1480
1477
1481
1477
1473
1483
1480
1477
1693
1477
1666
1474
1477
1481
1475
1479
1474
1474
1484
1477
1659
1477
1487
1481
1476
1665
1476
1478
1480
1636
1480
1477
1483
1477
1479
1474
1474
1486
1475
1484
1474
1484
1664
1476
1479
1477
1480
1478
1477
1484
1474
1480
1477
1473
1480
1475
1648
1479
1474
1479
1477
1478
1483
1474
1487
1475
1484
1476
1474
1636
1478
1480
1479
1474
1480
1476
1478
1475
1477
1484
1482
1484
1478
1474
1632
1475
1482
1516
1499
1484
1476
1481
1475
1477
1478
1475
1481
1479
1477
1485
1475
1476
1479
1475
1485
1476
1481
1479
1475
1482
1479
1479
1483
1473
1486
1474
1485
1476
1475
1647
1477
1666
1475
1476
1482
1480
1479
1483
1475
1485
1481
1487
1476
1478
1480
1475
1481
1477
1475
1479
1474
1670
1642
1477
1483
1476
1477
1480
1475
1641
1477
1479
1481
1480
1484
1476
1479
1488
1475
1488
1475
1477
1486
1478
1485
1476
1477
1482
1477
1486
1477
1476
1481
1474
1483
1477
1473
1480
1475
1648
1708
1477
1484
1477
1485
1477
1475
1485
1476
1485
1474
1684
1644
1480
1479
1474
1480
1477
1476
1481
1477
1480
1489
1480
1485
1482
1699
1477
1477
1479
1476
1479
1477
1480
1479
1475
1694
1478
1474
1479
1479
1482
1475
1481
1646
1478
1479
1477
1481
1475
1475
1483
1474
1479
1474
1476
1647
1475
1482
1479
1480
1475
1477
1486
1479
1526
1474
1480
1482
1476
1482
1477
1478
1484
1474
1479
1476
1474
1488
1476
1485
1475
1474
1481
1478
1483
1476
1473
1493
1477
1481
1476
1488
1474
1476
1484
1479
1477
1476
1474
1480
1474
1479
1477
1474
1487
1481
1485
1476
1474
1486
1475
1484
1477
1473
1479
1474
1720
1476
1675
1476
1476
1693
1479
1478
1476
1481
1478
1475
1677
1479
1475
1683
1481
1480
1484
1478
1487
1478
1483
1476
1484
1475
1485
1483
1476
1637
1475
1637
1475
1475
1481
1478
1484
1478
1474
1481
1475
1479
1476
1474
1479
1479
1478
1479
1476
1477
1474
1489
1476
1477
1479
1476
1639
1475
1478
1481
1475
1474
1480
1476
1652
1478
1481
1487
1476
1484
1474
1484
1475
1474
1622
1475
1479
1477
1475
1480
1474
1480
1481
1474
1483
1475
1487
1483
1476
1639
1478
1484
1485
1475
1481
1474
1475
1487
1476
1486
1476
1483
1680
1474
1478
1480
1629
1474
1476
1479
1474
1480
1476
1473
1486
1478
1489
1481
1477
1633
1475
1641
1473
1474
1479
1477
1475
1485
1475
1480
1474
1476
1481
1474
1484
1477
1474
1675
1481
1481
1474
1478
1482
1475
1484
1480
1475
1648
1475
1472
1479
1475
1634
1475
1480
1474
1477
1482
1475
1477
1487
1475
1486
1474
1474
1486
1475
1478
1475
1629
1482
1477
1479
1478
1482
1477
1473
1648
1475
1485
1474
1479
1480
1474
1645
1480
1475
1479
1481
1482
1475
1480
1483
1477
1484
1475
1476
1482
1475
1489
1477
1473
1479
1478
1479
1474
1474
1479
1480
1478
1473
1477
1480
1479
1479
1476
1474
1482
1475
1478
1680
1475
1489
1477
1487
1676
1475
1478
1474
1646
1481
1477
1636
1475
1478
1481
1476
1481
1475
1475
1685
1480
1483
1475
1475
1482
1477
1479
1493
1478
1488
1476
1487
1477
1478
1484
1476
1487
1480
1480
1675
1475
1479
1474
1475
1481
1475
1472
1485
1484
1482
1475
1477
1487
1475
1484
1475
1479
1479
1475
1480
1475
1477
1481
1477
1478
1476
1474
1485
1478
1481
1475
1475
1721
1475
1682
1477
1474
1479
1475
1482
1474
1478
1484
1475
1483
1475
1480
1481
1474
1480
1474
1479
1477
1475
1659
1475
1478
1482
1474
1484
1475
1474
1480
1476
1480
1475
1476
1694
1478
1480
1479
1474
1480
1475
1487
1730
1477
1483
1476
1695
1478
1474
1488
1474
1484
1475
1474
1479
1474
1481
1477
1480
1485
1475
1477
1728
1474
1479
1476
1480
1483
1479
1484
1478
1475
1480
1476
1479
1475
1476
1482
1477
1482
1492
1478
1484
1475
1480
1479
1474
1482
1477
1725
1473
1474
1697
1474
1480
1476
1473
1484
1477
1486
1478
1478
1481
1476
1678
1474
1478
1476
1478
1485
1474
1474
1735
1474
1481
1474
1483
1478
1484
1482
1474
1652
1476
1475
1487
1475
1701
1477
1474
1713
1474
1480
1475
1475
1479
1475
1481
1477
1477
1707
1476
1664
1476
1481
1479
1474
1485
1479
1485
1478
1475
1683
1476
1648
1480
1476
1479
1478
1479
1476
1476
1479
1474
1487
1477
1475
1479
1476
1479
1475
1476
1479
1477
1644
1475
1477
1483
1478
1487
1475
1478
1477
1474
1479
1475
1477
1664
1476
1481
1476
1479
1483
1475
1485
1477
1478
1660
1478
1478
1476
1475
1481
1474
1483
1478
1479
1479
1474
1483
1475
1477
1480
1474
1480
1475
1474
1478
1475
1655
1477
1487
1480
1476
1659
1477
1480
1485
1474
1487
1479
1485
1475
1474
1480
1476
1473
1479
1475
1647
1475
1473
1483
1474
1485
1477
1637
1479
1474
1480
1476
1644
1476
1477
1643
1477
1649
1476
1479
1475
1475
1480
1474
1488
1475
1479
1481
1474
1479
1481
1477
1480
1477
1475
1484
1476
1485
1475
1643
1478
1478
1479
1475
1481
1474
1475
1482
1475
1478
1476
1482
1489
1478
1478
1478
1474
1640
1478
1479
1475
1475
1483
1475
1651
1476
1476
1485
1474
1489
1645
1474
1478
1476
1643
1476
1479
1481
1475
1481
1476
1491
1475
1476
1485
1477
1483
1482
1478
1478
1477
1477
1483
1476
1480
1474
1474
1482
1479
1489
1476
1478
1478
1475
1480
1479
1479
1478
1476
1480
1476
1478
1480
1474
1481
1481
1473
1484
1480
1477
1639
1474
1484
1479
1475
1657
1475
1481
1477
1475
1480
1476
1480
1475
1476
1661
1474
1490
1477
1477
1482
1474
1479
1474
1474
1650
