2967
2941
3116
2935
2939
2939
2940
2939
3135
2933
2940
2930
3121
2931
2940
2936
3117
2937
3113
3131
2932
2931
2928
3127
2934
2936
2936
2936
2935
2933
3145
2938
2938
2939
2934
3173
2937
2942
2931
2937
2939
3195
2934
2938
3097
2939
2938
3100
2938
2938
3117
2939
2931
2939
2930
2934
3140
3086
3110
3097
3112
3099
2937
2929
3110
2935
2945
2938
2940
2936
2936
2937
3112
2940
3125
2942
2938
3118
2943
2932
2936
2936
3135
2942
3131
2945
2932
3178
2928
2932
2937
3180
3163
3165
3199
2930
2942
2936
2936
2937
3224
3127
2933
3135
2937
3104
2938
2940
3097
2937
2942
2937
3148
2934
2935
2943
2938
2931
2940
2940
2939
2941
3096
2934
2932
2936
3110
2946
3116
3098
3123
2942
3113
2937
2941
2936
3133
2937
2947
2943
2938
2940
2943
3154
2936
3162
3163
3156
2939
2937
3195
3152
3152
2938
2944
2937
2936
3219
3185
2940
2932
2945
2939
2941
3139
2944
3119
2947
2944
2933
2936
3104
3152
2942
2943
2937
3132
3106
3118
2940
2938
3097
2935
3113
3110
2933
2942
2941
2941
2936
2951
2940
2938
2938
2944
3139
2940
3143
2942
3170
3174
2937
3150
2940
2946
2937
2936
2940
2937
2941
2935
2941
2934
2938
2936
2932
2942
3147
2940
2936
2937
2934
2942
2936
2938
2951
3127
2937
2947
3168
2935
2940
2940
3198
2938
2939
2942
3177
3096
2958
2941
2939
2939
2932
2945
2938
2953
2937
2934
2935
2929
2936
2938
2943
3136
2935
2935
2951
2943
2933
2940
2939
3099
3134
3137
2938
2935
2937
3111
2938
3125
2936
3174
2939
3168
2934
2940
3176
3152
2939
2938
2934
3172
3162
2940
3169
2941
3166
3184
2937
2936
2933
2940
2939
3206
3103
2939
2936
2946
2937
2936
3101
3090
3096
2944
3102
3087
2939
2941
2942
2941
2936
2936
2933
2929
2945
2937
2935
2938
2941
3160
3116
3143
2938
2937
2937
2944
2936
3147
3185
2935
3161
3190
2940
2938
2932
2936
2930
2939
3205
2938
2938
2936
3192
2929
3205
3097
2943
2938
2937
3113
3167
2942
2939
2940
2937
2935
3064
2937
2933
2940
2930
3094
2935
2948
2948
2941
3104
2942
2935
2936
2936
3104
3158
2937
2931
2933
3161
2936
3130
2932
2932
2944
2937
2936
3113
2938
2939
2933
3125
3164
3206
2940
2940
2953
2948
2930
2938
3177
2946
2947
2931
2939
2938
2935
2934
3200
2945
2938
2935
3184
2935
3205
2940
2937
3108
2934
2932
2939
3111
3089
2936
3102
2936
2931
2938
3124
3108
2937
2938
2940
2938
2940
2931
3128
2933
2945
2935
2943
2937
2935
2938
2940
2939
2934
3159
2940
3174
3158
2941
3147
2940
2941
3169
2945
2943
2941
2933
2938
2942
3164
2942
2939
3201
2938
3211
2933
2942
3095
2941
2939
2948
2935
2933
3116
2936
3112
2941
3200
3095
2940
2937
3103
2936
2943
3090
2938
2941
2937
2935
2939
3119
3106
2935
2941
2929
2939
3137
2941
3125
2939
2938
2940
2932
3123
3147
2944
2939
2940
2932
2933
2937
2936
2936
2935
2939
3192
2942
2952
3184
2953
2935
3205
3109
2934
3097
3178
2934
2939
3103
2938
2946
2942
3127
3097
3101
2938
2935
2940
2940
3090
2937
2933
2940
3101
2936
2944
3116
2939
2948
2938
2937
2935
2930
2938
3123
2942
3126
3113
3122
2933
2934
2931
3124
3189
2935
2938
2936
2937
2943
3169
2940
2935
2942
2935
2939
2928
2940
2940
2942
3102
3232
2937
2938
2944
2934
2933
3098
2939
2940
3090
3102
3111
2934
2945
2935
2948
3114
2938
2942
2940
3101
2935
2949
2939
2933
2942
2936
2950
2936
3146
3116
2939
2937
2940
2939
2942
2940
2955
3162
2939
2943
2935
2933
2937
3177
2938
2932
2942
2934
3224
3122
2943
2937
2938
2939
2938
2939
2930
2937
2934
2937
2935
3125
2939
2938
3097
2933
2943
2932
2941
2937
2944
2937
3097
2935
2936
2939
3090
2938
2935
3095
2938
2940
2934
2934
2937
3175
2934
2940
3132
2938
3170
2933
2942
3149
3157
2933
2935
2939
3165
2941
2931
3238
3125
2939
2939
3229
3149
3090
2938
2944
2943
2932
2936
2941
2940
2936
2932
2938
3105
2937
2945
2938
3102
2934
2936
2937
2936
3151
2937
2935
2941
2949
2944
2932
2941
3170
3153
2940
2940
2929
2947
2936
2937
3163
2934
2936
2932
2939
2934
2943
2937
3138
3259
2938
3246
2941
2943
3176
2944
2937
3124
2938
2935
3154
2940
3194
3104
2930
2940
2947
2938
2940
2939
2935
2938
2937
2928
3092
2945
2942
3108
2938
2940
2932
3101
2941
2949
3136
2939
2934
3107
2938
2942
3133
3130
3130
2935
3130
2939
2937
2936
2933
3169
3136
3166
2945
2941
2938
3205
3170
3199
2936
2937
3089
3195
2937
3199
3129
3094
2937
2943
3092
2941
2944
2939
2936
2944
2940
2938
2941
3094
2941
2935
2941
2937
2935
2940
2943
2947
2948
2940
3111
2936
2933
3148
2938
3160
2938
2933
2940
2934
3162
3181
2937
2945
3193
2938
2936
2938
2938
2938
3195
2941
3205
2940
2938
3084
2932
2942
3101
2935
2941
2946
2936
2942
2939
2931
2936
2934
2942
3112
2937
3097
2933
2935
2942
2941
3127
2933
3133
2946
2941
3149
2934
2938
2937
2941
2933
2943
2934
2941
3163
3166
2936
3156
2945
3195
3189
2944
2949
3185
2932
2936
2937
3114
2937
2942
2938
3186
2937
2942
2944
2931
2941
2938
3109
3102
2940
3098
2937
2939
2940
2934
3109
3104
3113
2950
2939
3104
2940
2936
2935
2940
2938
3138
3162
2940
2941
2944
2937
2940
3162
2934
2940
2939
3172
3212
2940
2934
2936
2936
3151
3152
2932
2939
2939
2941
3194
3166
2941
2945
3207
3088
2951
2939
2936
2941
3188
3092
2931
3112
3104
3094
2935
2930
2942
2936
2933
3102
2935
2937
2941
2940
2934
2944
3113
2935
3116
2939
2939
2937
2936
2949
2942
2939
2931
2936
2940
2939
3172
3148
3175
2942
2938
2939
2946
3163
3191
