2933
2894
2884
2882
2889
2882
2890
2895
2893
2882
2884
2897
2882
2884
2888
2886
2882
2890
2882
2890
2881
2886
2887
2884
2885
2879
2885
2886
2894
2888
2888
2888
2887
2886
2899
2889
2888
2885
2885
2889
2892
2892
2890
2889
2888
2887
2884
2892
2886
2881
2885
2891
2887
2887
2881
2883
2885
2883
2888
2881
2882
2885
2882
2888
2889
2886
2887
2889
2881
2890
2886
2889
2891
2889
2887
2886
2881
2881
2881
2882
2887
2882
2891
2884
2888
2882
2886
2883
2880
2883
2898
2887
2885
2893
2882
2882
2888
2889
2883
2886
2881
2885
2883
2890
2891
2891
2887
2889
2892
2889
2886
2891
2889
2882
2880
2882
2881
2883
2887
2885
2910
2898
2882
2889
2895
2894
2880
2888
2886
2885
2889
2897
2882
2888
2887
2887
2884
2894
2886
2882
2882
2894
2888
2881
2887
2887
2888
2887
2882
2887
2883
2883
2883
2887
2886
2884
2882
2887
2886
2888
2889
2883
2880
2891
2882
2882
2880
2881
2881
2882
2881
2892
2881
2887
2891
2888
2891
2895
2881
2887
2883
2888
2884
2886
2881
2882
2881
2893
2883
2890
2889
2886
2887
2892
2883
2889
2890
2883
2889
2884
2891
2889
2882
2887
2887
2883
2895
2885
2881
2882
2883
2884
2893
2888
2890
2892
2885
2884
2902
2894
2881
2884
2889
2884
2886
2889
2883
2883
2884
2896
2883
2882
2882
2890
2890
2896
2886
2888
2885
2885
2889
2886
2882
2883
2887
2893
2888
2881
2887
2904
2886
2886
2883
2887
2888
2896
2887
2882
2882
2884
2886
2898
2890
2888
2889
2887
2882
2882
2889
2887
2891
2881
2883
2881
2884
2889
2893
2889
2890
2883
2887
2886
2888
2886
2887
2885
2892
2881
2893
2894
2887
2885
2890
2882
2881
2884
2889
2888
2883
2891
2881
2882
2886
2897
2887
2886
2881
2896
2881
2880
2882
2887
2880
2881
2887
2881
2886
2886
2884
2888
2892
2881
2890
2885
2887
2890
2887
2887
2887
2888
2886
2892
2881
2887
2890
2898
2883
2886
2893
2884
2889
2882
2889
2886
2939
2951
2946
2887
2894
2886
2899
2894
2886
2892
2889
2889
2886
2900
2898
2892
2895
2919
2882
2881
2889
2889
2889
2886
2893
2935
2932
2897
2878
2892
2878
2883
2879
2909
2884
2894
2877
2886
2877
2887
2877
2888
2879
2885
2886
2881
2881
2884
2887
2881
2879
2881
2880
2886
2883
2881
2886
2890
2944
2946
2905
2901
2891
2895
2903
2893
2885
2901
2904
2883
2886
2918
2933
2959
2935
2930
2893
2937
2937
2943
2898
2893
2885
2883
2887
2895
2892
3034
2898
2893
2958
3003
3024
2960
2897
2885
2923
2980
2972
2976
2952
2975
2943
2915
2919
2922
2934
2901
2906
2932
2978
2905
2931
2899
2896
2896
2883
2893
2887
2898
2884
2885
2889
2876
2889
2877
2882
2877
2886
2880
2902
2878
2883
2881
2894
2876
2889
2880
2883
2877
2893
2876
2887
2876
2885
2879
2884
2879
2891
2883
2886
2877
2883
2878
2889
2876
2883
2880
2887
2879
2893
2877
2895
2878
2883
2877
2893
2877
2883
2877
2888
2877
2883
2880
2889
2884
2894
2880
2883
2883
2885
2892
2898
2890
2884
2885
2890
2893
2890
2890
2893
2884
2895
2884
2883
2892
2894
2893
2883
2885
2892
2883
2890
2885
2886
2895
2886
2890
2894
2888
2882
2895
2893
2893
2885
2884
2886
2898
2889
2889
2890
2907
2902
2903
2885
2885
2887
2890
2892
2884
2890
2896
2886
2890
2903
2896
2887
2889
2885
2896
2887
2895
2887
2894
2879
2891
2879
2895
2877
2897
2880
2886
2878
2897
2885
2891
2882
2884
2881
2893
2880
2898
2878
2885
2882
2891
2879
2884
2879
2890
2880
2892
2885
2891
2885
2885
2888
2900
2882
2901
2887
2884
2891
2891
2896
2895
2884
2889
2890
2898
2896
2889
2885
2889
2888
2886
2892
2899
2892
2884
2888
2887
2898
2892
2883
2895
2885
2887
2891
2887
2890
2886
2885
2886
2898
2895
2886
2891
2886
2884
2896
2890
2892
2884
2892
2885
2891
2891
2889
2900
2888
2894
2890
2889
2896
2888
2888
2894
2894
2898
2886
2892
2885
2885
2890
2891
2896
2889
2889
2886
2886
2887
2890
2890
2886
2892
2884
2885
2894
2892
2897
2895
2886
2882
2894
2891
2891
2879
2890
2880
2891
2881
2885
2883
2885
2882
2901
2879
2895
2880
2890
2878
2886
2878
2891
2878
2898
2886
2885
2895
2892
2891
2889
2884
2890
2890
2891
2891
2886
2883
2889
2890
2895
2883
2900
2972
2916
2980
2904
2903
2887
2888
2894
2890
2882
2891
2883
2884
2895
2886
2889
2893
2900
2900
2893
2890
2884
2898
2889
2883
2881
2884
2892
2889
2894
2888
2883
2882
2889
2899
2882
2890
2885
2887
2897
2884
2890
2882
2889
2888
2897
2887
2884
2882
2894
2890
2882
2890
2884
2882
2908
2886
2888
2887
2898
2885
2882
2891
2891
2890
2893
2882
2882
2883
2890
2887
2886
2890
2889
2882
2894
2889
2896
2881
2886
2885
2889
2875
2889
2876
2885
2876
2891
2877
2886
2882
2887
2881
2891
2877
2890
2882
2882
2877
2889
2880
2885
2876
2887
2877
2890
2880
2884
2881
2886
2891
2883
2889
2888
2898
2876
2881
2879
2894
2877
2890
2884
2882
2882
2891
2877
2896
2881
2887
2878
2892
2879
2892
2878
2889
2878
2893
2880
2891
2877
2886
2887
2893
2878
2898
2882
2894
2881
2889
2879
2887
2887
2883
2879
2887
2889
2901
2881
2892
2888
2889
2887
2888
2891
2888
2882
2885
2891
2893
2889
2882
2883
2884
2888
2898
2888
2891
2883
2882
2889
2891
2882
2883
2889
2888
2892
2883
2883
2886
2895
2892
2887
2892
2884
2891
2891
2889
2895
2890
2884
2893
2888
2887
2896
2887
2893
2889
2889
2883
2893
2892
2892
2891
2886
2895
2895
2893
2885
2888
2896
2890
2893
2885
2885
2891
2891
2893
2895
2902
2884
2890
2890
2885
2893
2895
2898
2885
2884
2884
2897
2891
2891
2886
2888
2886
2896
2893
2889
2894
2893
2891
