3094
2920
2887
3043
2891
2885
2892
2892
2890
2886
2887
2894
2890
2886
2886
2887
2884
2888
2882
2891
2883
2886
2889
2891
2892
3059
2888
2881
2886
2886
2885
2896
2895
2893
3120
2884
2891
2897
2885
2884
2891
2885
2893
2883
3190
2881
3196
2885
2886
3076
2900
3086
2886
2891
2895
2892
2886
2885
2891
2884
2900
2882
3045
2885
2882
2890
2880
3053
2893
3014
2891
2885
2890
2885
2886
2885
2890
2885
2895
2880
2892
2886
3080
2890
2880
3113
2891
2885
2889
2882
2889
3117
2898
2886
2884
2887
2881
2888
3081
2888
2884
2892
3101
2883
2886
3057
2886
2894
2880
3049
2885
2887
2892
2890
2886
3051
3056
2892
2888
2886
2887
2888
3110
3081
2886
2885
2900
2880
2887
2881
2886
3110
2886
2891
2884
2885
2883
2886
2884
2893
3111
2894
3183
2882
2887
2898
2893
2889
2887
2886
2886
2892
2881
3126
3044
2891
2895
2881
3051
3053
2890
2893
2892
3054
2891
2888
2892
2895
2889
2888
3053
3037
2890
2882
2888
2884
2891
2886
2886
2891
2902
2886
2887
2893
2886
2889
2888
2886
2886
2894
2885
2892
2890
3086
2886
2887
3155
2884
2887
2890
2895
2885
2897
2886
2886
2896
2889
2887
2886
2890
2880
2892
2889
2892
2893
3053
2887
2883
3053
2903
2892
2894
2897
2885
2893
2887
2882
2892
2880
2889
2886
3056
2885
2886
2896
2884
2890
2885
2893
2892
2889
2887
2884
2886
2894
3117
2886
2892
2891
2889
3098
2886
2897
2900
2921
2886
2882
2903
2881
2900
2888
2887
2891
3133
2889
2891
2892
3050
2886
2886
2885
2885
2891
3046
2881
2885
2893
2892
2888
2884
2887
2881
2898
2882
2889
2887
3055
2887
2887
2895
2880
2887
3113
2893
2893
2886
2894
2882
2894
2891
2886
2886
2883
3110
2886
2898
2887
3166
3153
2885
3151
2892
2891
2894
2884
2886
2881
2890
2887
3043
3054
2880
2891
2880
3059
2904
2886
3045
2887
2886
2887
2891
2881
2887
2893
2887
2891
2887
2886
2889
2885
2887
2885
2892
3055
2886
2895
3099
2889
2900
2884
2886
2887
2885
2894
2892
2885
3149
2889
2887
2887
2884
3109
2884
2881
2894
3045
2886
3056
3080
2886
2896
2887
2886
2889
2882
2886
2882
2887
3056
3071
2895
2893
2886
2881
3058
2892
2888
2891
2881
2887
2881
2894
3077
2891
2887
2882
2890
2887
2889
2886
3068
2886
2886
2894
3128
2886
2885
2883
2893
2882
2885
2884
3102
2893
2895
2887
2883
2895
2893
3164
2886
3136
2884
2886
2890
2891
2895
2887
2891
2901
2885
2888
2883
2888
2892
2887
3069
2885
2886
2878
2890
3072
2884
2891
2899
2898
2889
2893
3085
2887
2893
2882
2887
2889
3076
2886
2892
2888
3086
3102
2892
2892
2892
3095
3079
2882
2891
2886
2887
2891
3111
2889
2882
2888
2884
3055
2888
2886
2887
2886
2887
2892
2889
2881
2893
2891
2894
2888
2886
2895
2893
2887
2886
3086
2893
2892
3062
2888
3063
2886
2892
2890
2886
3101
3068
2891
2885
2889
2892
2888
2891
2886
2886
2900
2888
2886
2894
2893
2891
2893
2886
2904
2893
3152
2888
2888
3092
2889
2886
3176
2887
2886
2886
2894
2888
2894
2890
3049
2890
3040
2881
2891
2882
2888
2888
3057
2891
2891
2890
2890
2889
2894
2892
2888
2887
2888
2885
2887
2893
2884
3115
2891
3088
2882
2890
2884
2889
3121
2886
2897
2883
2887
3108
3115
2891
2885
3110
2891
2885
2888
3182
2887
2879
2898
2881
2894
3064
2887
2893
2885
2893
2881
2888
2892
2889
2887
2887
2888
3056
2887
2882
2886
2881
2887
2881
2895
3092
2886
2886
3174
2891
2881
2887
3094
2885
2891
2889
3074
2881
2886
2893
2893
2883
2885
3097
2892
2898
2886
2886
2892
2882
3199
2886
2887
2891
2890
2887
3191
2887
2900
2894
3038
2887
2887
2885
2886
2881
2887
2888
2895
2886
2886
2897
2883
2887
2888
2888
2887
2881
2887
2884
2893
2887
2886
2889
2885
2886
2889
3072
2895
2895
3135
2888
2887
2891
2886
2888
2884
2886
2891
2891
2887
2894
2897
2889
2886
3129
3144
2892
2894
3057
2891
2888
2881
2890
2886
3041
3058
2885
2891
2884
2893
2887
2886
2892
2892
3050
2883
2887
2898
2892
3103
2890
2888
2889
2888
2887
2884
2892
2885
2886
3108
3100
2896
2892
2888
2882
3108
2891
2887
2895
2896
2888
2893
2890
2889
2895
2884
3143
3056
3141
2893
2887
2887
2882
2889
3046
3053
2886
2884
2894
2881
3049
3048
2887
2894
2886
2890
2883
2889
2892
2886
2887
2882
2891
2882
3079
3106
2887
2901
2881
3108
2885
2889
2895
2889
2888
2883
2886
2893
2882
2887
3135
3128
2885
2901
3044
2885
2886
2886
3048
2881
2891
2886
2888
2894
2892
3056
2885
2885
2887
3054
2888
3043
2889
2893
3064
2886
2887
2890
2892
3069
2888
2886
2888
2899
2886
2893
2887
2890
3104
2892
3108
2888
2886
2889
2890
2897
3154
2894
2886
2881
2894
2882
2887
2888
2885
2894
3141
2896
2881
2886
2891
2894
2911
2883
2890
2886
3053
2896
2897
2887
3045
2886
2888
2891
2886
2886
2890
3050
2887
2894
2888
2885
2891
2881
2887
2886
2887
3092
2885
2891
2893
2885
3114
3074
2892
2888
2889
2886
2886
2893
2881
3145
2898
2886
2887
3074
2893
2889
3071
2893
3067
2893
2885
2893
2892
2886
2882
2892
2886
2888
2890
2888
2885
2881
3064
3061
2886
2888
2887
2891
2887
2893
2892
2888
2893
3060
2889
2883
2887
3110
2890
3128
2889
3110
2883
2886
3192
2887
3094
2882
2891
2884
2887
2886
3125
2897
2885
2891
3040
2885
2894
2885
2886
2886
3043
2887
2894
2887
2886
2886
2898
2886
2886
2890
2890
2889
3069
2882
3059
2885
2894
3089
2891
2889
2895
2891
2886
2885
2891
2882
2889
3135
2888
2888
2887
2892
2888
2889
2882
3081
2895
3153
2891
2900
2887
2898
2887
2886
2886
3052
2894
2885
2886
3046
2892
2886
2896
