3111
2894
2895
2890
2890
2885
2890
2886
2887
3112
2881
2885
2891
2894
2887
2897
2892
2882
2903
2887
3106
2892
3164
2888
2882
2887
2902
2891
2888
2887
2885
3078
2896
2882
3057
2885
2891
2891
2885
2886
2895
2887
3075
2885
2892
2881
3077
2886
2887
2886
2886
2886
2880
2893
2882
3112
2892
3130
2891
2896
2890
3192
3125
2886
2881
2887
2890
2886
2890
2887
2887
3053
2889
3040
2881
2887
2892
2886
2885
2885
2889
3054
2892
2891
3043
2887
2890
2887
2886
2892
2879
2889
3092
2885
2889
2888
2888
2887
3105
2886
2887
2889
2879
2891
3186
2888
3083
2887
2885
2884
2888
2890
2892
2887
2885
2892
2903
2901
2889
2884
2886
2883
2902
3043
2886
2884
2885
3049
2883
2885
2893
2891
3054
2880
2890
2879
2890
2886
2886
2889
2879
2892
2882
2886
3110
2886
2887
2888
2891
3089
2886
2885
3114
2890
2881
3105
2891
2889
2888
2897
2886
2879
2892
2890
3129
3066
2879
2885
2887
2893
2884
2886
2885
3050
2886
2880
2891
3062
2888
3036
3048
2891
2889
3061
2895
2887
2886
2878
2892
2886
2886
2889
2885
2892
2883
2891
2886
2886
2900
2882
2887
2879
2895
2884
2885
2885
3086
2889
2880
2885
2885
3136
2890
2882
2885
3051
3057
2893
2886
3050
3051
2889
2892
2880
2895
2883
3045
2886
2884
2895
2882
2890
2890
3071
2887
2886
2897
2884
2886
2891
3118
2892
2890
2890
2882
2891
2879
3135
2888
3137
2885
2879
2887
2889
2885
2891
2880
2893
2892
3053
2897
2885
2891
2882
2886
2886
2901
2885
2879
2890
2884
3062
2886
2879
2888
2891
2891
2895
3068
2890
2887
2886
3101
2890
2883
2884
2891
2896
3112
3138
2885
2890
2884
3145
2886
2882
2893
2885
3051
3048
2880
2889
3062
2886
2891
2896
3065
2881
2890
2892
2887
2886
2887
3056
2880
2887
2889
2893
2888
2886
2890
2891
2896
3162
3115
2886
2887
2894
2885
2886
2885
3111
2891
2886
3137
3061
2894
2884
2885
2890
2880
2890
2886
2891
2889
2885
2889
2885
2889
2884
3038
3073
2886
2902
2886
2886
2887
2895
2885
2891
2886
2882
2896
2879
2886
2885
2885
2889
3060
3092
2886
2887
2993
2895
2884
2893
2886
2896
3125
2891
3136
2885
3046
2891
2887
2887
2887
2883
2892
2884
3064
3057
2891
2885
2885
2885
2881
2886
2886
2892
2887
2892
2884
2898
2891
2882
3058
2886
2890
3071
2881
3073
2886
2887
2895
2880
2885
2886
2893
2892
2881
2885
2888
2885
3186
2881
2888
2881
2888
2892
2888
2890
2887
2889
2880
2895
2885
2901
3043
2879
2886
2879
2894
2884
2885
3078
2885
2890
2881
2890
2886
2884
2891
2882
2887
2884
3062
2898
2884
3089
2883
2887
2885
2896
2886
2888
2897
2880
3123
2895
2886
2898
2886
2889
2881
2886
2882
2895
2886
2885
2884
2892
2885
3054
2891
2881
2886
3054
2889
2896
2880
2889
2883
2885
2891
2898
2886
2886
2885
2892
2891
2889
2893
3066
2886
2891
2885
2886
3077
3073
2891
2889
2889
2891
3116
2880
3096
2891
2903
2885
3116
2892
2884
2884
2887
3122
3108
2885
2893
2886
3103
3078
2893
2890
2887
2886
2884
3077
2886
2891
2892
2884
2884
2895
2892
2891
3047
2888
2881
2887
2890
2899
2885
2888
2889
2892
2886
2885
2887
2885
2879
3112
2882
2889
2900
2891
2886
2879
2887
2880
2888
3207
2880
3117
2892
2890
2887
2889
2887
3043
3120
2886
2885
2890
2895
2891
3049
2892
3042
2899
2885
2883
2885
2887
3043
2895
3090
2885
2885
2888
2886
2886
2899
2887
2890
2879
2889
2886
3064
3107
2878
2885
2887
3103
2894
2893
2890
2886
3081
2889
2893
2885
2887
2889
2887
2893
2890
3141
2879
2893
3042
2888
2886
2883
3048
2879
2887
2884
2887
2885
2890
2886
2886
2885
2893
2891
3058
2884
2886
2894
3063
2890
2897
2889
2890
2888
2890
2886
2889
2884
2885
2885
2886
2891
2887
2892
2884
2890
3146
2889
2893
2887
2885
2888
3152
2894
2884
3043
2886
2885
2890
3045
2886
2879
2885
2890
2894
3052
2884
3055
2891
2897
2892
2890
2891
2891
2886
3060
3061
2892
3096
2885
3064
2886
2887
2896
2894
2886
2889
3115
2885
2891
3113
2884
3097
2891
2881
2891
2879
2890
2892
2892
3036
2885
2887
2891
2892
2885
3055
2885
2879
2900
2891
2888
2891
2891
2883
3045
3056
2879
2895
2892
2884
2895
2885
2889
2885
3068
2881
2885
2880
2891
2880
2886
2890
2885
2892
2882
2893
3102
2889
2891
2889
3160
2879
2886
2894
2885
2885
2886
3154
2884
2893
2891
3124
2880
3145
2890
2893
2894
2880
2884
2895
2892
2906
2889
2886
2883
3044
2885
2887
2891
2892
2885
2887
3046
2895
2887
2891
2885
3073
2881
2886
2892
2887
2894
2888
2889
2887
3087
2891
2890
2888
2880
2886
2880
3110
2885
3160
2889
2882
2893
2885
2892
3050
2880
2886
2899
2893
2889
2879
3036
3062
2895
2885
2885
2886
2880
2887
2891
2892
2890
2886
3060
2880
2887
2879
2892
3070
3061
2887
2886
2885
2879
2887
3110
2888
2886
3069
2890
2885
2894
2887
2891
2885
2886
2881
2893
2885
2888
2885
3123
2888
2888
2891
2880
2887
2887
2887
3052
2879
2885
3042
3058
2885
2880
2895
2885
3040
2891
2895
3069
2889
2893
2887
3065
2887
2885
2886
2890
3065
2894
2886
2886
2885
2884
3118
2888
2896
2879
2887
2885
3108
2896
2891
2886
3135
2886
2881
2892
2897
2892
2894
2880
2886
2891
2889
2886
2886
2887
3069
2894
2891
2885
2885
2888
2892
2898
2885
2899
3087
2879
2888
2884
2887
2886
2881
2891
2880
2885
2886
2886
2885
2895
3102
2887
2889
3071
2892
2883
2887
2885
2886
3130
2893
2887
2879
3104
2983
2891
2889
2886
2887
2887
2888
3066
2886
3075
2888
2892
2888
2887
2888
2882
3068
2885
2886
3053
3057
2891
2886
3054
2880
2887
2890
2891
3079
2892
2894
2893
