2995
2985
3146
3142
2968
2971
2972
2964
3171
2961
2964
2971
2964
2965
2959
2963
2969
2966
2963
2959
2966
2963
2972
2962
2971
3144
2958
2966
3137
2961
2971
2957
2966
2962
2963
2968
2969
2962
3122
2966
2957
2966
2964
2961
2963
2961
3135
2962
2971
2969
2961
2963
2961
2962
2963
2971
2968
2958
2965
2972
2979
2963
3187
2968
2963
2968
2964
2962
2962
2957
2968
2960
2963
2963
3137
2971
2970
2966
2957
3126
2961
2970
2963
2958
2970
2966
2962
2964
3127
2966
2976
2966
2964
3162
2968
2969
2979
2962
3172
2968
2960
2962
2960
2965
2963
2972
2962
2960
2963
2970
2966
2962
2962
2963
2971
2972
3098
2964
2968
2971
2962
2958
2967
3125
2968
2965
3125
3128
2972
2969
2964
2962
3171
3122
2967
3167
2978
2964
2962
3172
3158
2965
2967
3152
2965
2966
2968
2963
2966
3183
3178
2962
2973
2968
2957
2961
2957
2968
2960
3278
2962
3129
2962
2957
2974
2962
3214
3130
2958
2968
2956
3122
2961
2962
2966
2965
2961
2965
3129
2967
2963
2962
2967
3155
2967
2962
2957
2970
2962
3135
3142
2964
2972
2956
2968
2971
2964
2970
2961
2964
2956
2968
2963
2962
2963
2966
2961
2961
3190
2970
2963
3222
2962
3222
2969
2976
3126
2957
3129
2963
2962
2968
2959
2962
2963
2963
2962
2969
2973
2960
3139
2972
2970
2961
2962
3143
2969
3174
2961
3163
3173
2962
2970
3207
3195
2969
2957
2971
3210
2959
2973
2959
2964
2956
2963
3128
2966
2966
2967
3129
2957
3125
3128
2962
3121
2965
2974
3129
3112
2961
2970
3144
2960
2962
3145
2963
2965
2968
3141
2955
2965
2962
2962
2972
3179
3186
2958
2964
2956
2968
2963
2962
3164
2965
3219
2962
2960
3212
2963
2968
2963
2962
2963
2967
2974
2962
2968
2962
2966
2956
2964
3117
2976
2965
3134
2969
2967
2966
2963
2956
2970
3147
2962
2962
2956
3143
2967
2968
3183
2961
3179
2967
3170
2971
2965
2969
2962
2963
2962
2963
2968
2968
3213
2963
2963
2961
2961
2963
2957
2963
2970
2962
2966
3126
2963
3124
2967
2961
3133
2961
2960
2963
2956
3145
2961
3129
2969
2961
2961
3139
3147
2962
3139
2965
2963
2969
3146
2963
2956
2963
2967
2962
3189
2965
2962
2957
2961
2961
2971
2961
2962
2962
2966
2968
3129
2961
2968
2965
2960
2958
2972
2964
2963
3115
2962
3126
2957
2972
2963
3122
2963
2957
2968
2961
2965
2968
3140
2967
2978
3158
2961
2965
3162
2961
3147
2962
2968
2961
2967
2957
3142
2966
2971
3196
3154
2963
2961
3208
3225
2972
3142
2960
2969
2962
3231
2962
2956
2970
2964
2962
3130
2963
2969
2978
2967
2958
2962
2965
2964
2969
2968
3133
2967
3132
2963
2961
2971
2962
3147
2964
2956
2965
2957
3159
2968
2966
2962
2956
2964
2972
2969
3250
2956
2962
2968
2967
2969
2964
2961
2960
2967
2956
2960
3132
2962
2968
3139
2962
2956
2962
2968
3125
2963
2967
3113
2957
2963
2969
2967
2962
2959
2961
2968
3140
3179
2959
2963
2969
2967
2962
2964
3178
2974
2965
3237
2970
2965
2956
2962
2968
3261
2969
2973
3163
2961
2962
3134
2967
2966
2959
2963
2966
2967
2963
3124
3119
3122
2967
2957
3122
2963
2964
2968
2970
2963
3117
2972
2958
3142
2962
2962
2967
3153
2963
2961
2964
3141
2961
2968
2969
2965
2957
2973
2963
2963
2968
2961
2963
2963
3173
2957
2972
3145
2965
2963
3157
2963
2963
2962
2969
2969
2962
2969
2960
2960
3133
2969
2962
2962
2962
2966
2962
2969
3160
2963
2962
2963
2965
2963
3163
3162
2960
2968
2968
3201
2972
2970
2968
2961
2968
2963
2963
3177
2968
2964
2962
3194
3162
2961
2969
2965
2965
3120
2961
3131
2966
2970
2965
2959
2963
2972
3128
2969
2972
2964
3129
3155
2963
2970
2963
3163
2961
2958
2969
3214
2963
3191
2968
2971
2962
2961
2969
2970
2963
2957
2964
2971
2961
2962
2966
2965
2961
2969
2962
2962
2963
2961
2971
2957
3129
2958
3129
2968
2971
2964
2963
2963
2957
2965
2961
3128
2966
3131
2969
2962
2964
3146
3126
2962
2976
3162
2962
2968
2966
2962
2965
2956
3178
2961
2972
3196
2959
2968
2968
2967
2961
2961
3199
2958
2967
2962
2961
3135
2999
2972
2962
2999
2990
3129
2965
2968
2967
2968
2973
2962
2957
2971
3181
2959
2962
2962
2971
2957
2964
3182
2962
2971
2959
3201
3180
3171
2972
2957
2969
2963
3179
3202
2971
2962
2962
3214
2972
2965
3123
2957
2964
2963
2961
2963
2961
2967
2964
2964
3120
2962
2970
2960
2964
2964
3128
2970
2967
3151
2957
2963
2968
2974
2967
2956
2965
2962
3195
3187
2963
2961
3234
3211
3216
2967
3208
3127
2962
3132
2962
2969
2960
2968
2962
3128
2962
2966
3119
2960
3138
2968
2962
2964
2971
3127
2965
2963
2964
2964
2968
3125
2969
2960
2963
2957
2966
2965
2966
2972
2967
2964
2958
3180
2962
2966
2962
2983
3224
3181
2968
2966
3187
2962
2963
2970
2962
2962
2967
2971
3137
2966
3000
2961
2998
3109
2966
2963
2963
3121
2960
2965
2969
2974
3134
2964
2963
2968
3139
3165
2997
2982
2965
2964
2971
2965
2963
2968
2966
3135
2965
2960
2967
2962
2961
2964
3152
2965
2968
2982
2958
2961
2967
3181
2969
2964
2969
2964
2964
2966
3040
2975
2963
3124
2963
3122
3126
3133
2962
2964
2964
2963
3126
2958
2974
2963
2963
2961
3112
2968
2962
2966
2961
3163
2956
2966
2963
2969
3137
2956
2974
3175
2965
2963
2956
2963
2963
3157
2972
2957
2967
2960
2965
2957
2968
2962
3210
3136
2963
2962
2961
3241
2962
3153
2972
2968
2961
2964
3146
2970
2972
2964
2959
2978
2975
2969
2963
2963
2962
2963
2964
3129
3145
2964
2970
2964
2963
2962
2963
2961
2961
3149
2995
3139
2973
2957
2964
3192
2970
2964
3172
2969
2964
2965
2960
2970
2963
