3199
2892
2887
2889
2886
3046
3076
2881
2885
2886
2891
2887
2880
3060
2890
2887
2887
2901
3087
3072
3087
2884
2884
2886
2885
2891
3099
3107
2881
2886
2889
2884
2885
3130
2887
2885
2894
2888
2886
3054
2881
2887
2885
3050
2885
2884
2896
2884
2885
3076
2880
2892
2885
2886
2885
2886
2886
2887
2886
2891
2887
2884
2894
2891
2890
2889
2880
2885
2900
2885
2901
2886
2900
2882
2890
2889
2898
2884
2885
3167
2891
2894
2890
2886
2880
2886
2897
3110
2884
2885
2888
2882
2886
2885
3078
2886
2885
2895
2881
2889
3053
2890
3048
2880
2886
2885
2886
2900
2887
2886
2879
2887
2892
3073
2885
2885
3097
2899
2888
3122
2885
2894
2884
2886
2893
2884
2886
2882
3119
3112
2885
2885
2880
3089
2885
2887
2891
2881
2886
2892
3041
2889
2887
3057
2880
2891
3089
2886
3097
2880
2883
2889
2885
2886
2895
2893
2887
2889
2881
3092
3119
2893
2889
2883
2894
2885
3114
2891
2880
2886
3071
2885
2893
2888
2884
2887
2884
2891
2888
2886
2885
2891
2891
2891
2899
3044
2886
2886
2891
2880
2884
2887
2885
3084
2886
2893
2884
3085
2880
3077
2896
3096
2885
2885
2885
2880
2891
2883
2886
3111
2885
2897
2885
2886
2880
2884
2880
2891
3199
2884
2885
2876
2892
2886
2884
2892
2890
3098
2879
2885
2891
2891
2882
2886
2885
2885
2889
3052
2883
3050
2891
2896
2885
2884
2885
3053
2895
2884
3063
3070
2880
2894
2884
2888
2883
2895
2886
2982
2888
2894
2885
3195
2885
3078
3138
2887
2884
2885
3136
2882
3109
2884
2887
2885
2885
2890
2895
2893
3137
3052
2893
2891
2884
2888
2886
2890
2900
2884
2885
2893
3036
3044
2894
3191
2887
2888
3060
2880
2885
2895
2889
2883
2884
2887
2880
2891
2885
2885
2886
2886
2889
2884
2885
2887
2883
3133
2886
3127
2880
3132
2884
2885
2893
2886
3045
3042
2886
2890
2890
3046
2880
2886
2890
2887
2885
2886
2886
3050
2893
2890
2886
2886
3061
3068
2888
2890
2884
2887
2885
2885
2890
2880
2884
2882
2889
2892
2893
3125
2885
3097
2885
2884
2890
2884
2885
2888
2887
2880
2893
2885
2889
2885
2886
2890
2879
2887
2881
2885
2885
2891
2884
3042
2889
2886
2893
2880
2892
2886
2885
2895
2890
2886
2880
3049
2884
2884
2883
2884
3069
3041
2893
3079
2885
2886
2882
3101
2885
2892
2884
2884
2883
2884
2886
2889
2884
2885
2880
3128
2885
2885
2887
2880
2887
2886
3062
2885
2879
2887
3062
2884
2886
2879
2892
2887
2886
2888
2884
2887
2881
3071
3063
2885
2890
2883
2885
3061
2884
2889
2885
2885
2885
3107
2880
2888
2884
2887
2887
2883
3151
2887
2885
3052
2897
2893
2888
2887
2884
3053
2884
2880
2885
2881
2888
2890
2889
3050
2887
2885
2886
2888
2887
2898
2887
2887
2886
2884
2889
2897
3072
2884
2892
2885
2883
2886
2879
3070
2892
2896
2885
3066
2884
2880
2892
2879
2891
2885
2886
2886
2880
2889
2889
3177
2884
2879
2891
2885
3055
2884
2885
2895
2880
2884
2885
2882
3038
2884
2885
2880
2948
2881
2885
2887
2884
2885
2885
2884
2880
2894
2887
3063
2892
2880
3101
2885
3095
3108
2884
2896
2885
2889
2884
2884
2890
2884
3156
2879
3112
3089
2891
3072
2883
2888
2884
2894
2892
2891
3058
2879
2889
3046
3039
2887
2887
2897
2893
2892
2893
3054
2891
2888
2886
2889
3062
2882
2893
2886
2890
2899
2896
2887
2880
2889
2884
2885
2888
2885
2884
2889
2893
2880
2887
2876
2885
2890
3105
2892
2889
3182
2880
2884
2890
2888
2887
2884
2887
2890
2893
2885
3077
2889
2880
2890
2882
2887
2891
2894
2886
2882
2885
2890
2890
2885
3032
3090
2885
2891
3114
2880
3087
2885
2887
2885
2888
2884
3182
2891
2886
3102
2886
2885
2891
2890
2880
3103
2892
2887
2886
2880
2890
2889
2886
2898
2893
2887
2882
2888
2892
2892
3077
3034
2885
2886
2885
2891
2893
2887
2885
3100
2891
3104
2891
2891
2885
2886
2893
3056
2880
3101
2883
2886
2888
2885
2892
2887
2886
2885
2886
2885
2889
3043
2889
3047
3109
2890
2884
2886
2894
2894
2893
2888
2885
2891
2886
2893
2896
2885
2885
2885
2885
2889
3084
2884
3065
2886
2889
2883
2886
2886
3061
2885
2886
2892
2885
2886
2892
2890
3129
3123
2885
2886
3126
2886
2880
2891
2884
3110
2884
2886
2892
2891
3050
3043
3047
2893
2880
2892
2880
2892
2891
2893
2885
2884
2885
2885
2893
2893
2886
2885
3051
2891
2881
3071
2881
3071
2890
3073
2884
2881
2898
2886
3102
2888
2885
2889
2879
3141
2884
2885
2884
2889
2885
2881
3159
2892
2895
3045
2885
2884
2883
2890
2879
2883
3040
3051
2884
2880
2890
3063
2885
3050
2880
2885
2897
2887
2884
2887
3063
2885
2892
2881
2883
2884
2888
2891
2892
2890
2886
3119
2891
2891
2885
3109
2890
2889
2894
2885
2884
3132
2884
2892
2887
2885
2886
3145
2890
2884
2885
2878
2885
3050
2889
2884
3040
2891
3051
2894
2881
2885
2889
2888
2885
2886
2884
2880
2892
3078
2893
2884
3049
2889
2880
2891
2885
3065
2895
2883
2885
2885
3100
2889
2888
3114
2882
2886
2884
2885
2891
2885
2888
2884
2891
2891
2892
2899
2884
2889
2880
2889
2885
2885
2891
2898
2887
2883
3056
2891
2895
3061
2879
3052
3057
2891
3058
2884
2889
2879
2886
2885
2885
2886
2886
2891
2886
3118
2880
2885
2894
2887
3103
2884
2886
2886
3113
3134
2885
2894
2881
2884
2885
2891
2888
2893
2885
2885
2893
2884
2890
2884
2887
2889
2889
2892
2885
2888
2880
2888
2885
2885
2890
3046
3080
2880
2891
2879
2886
3061
2888
2891
2892
3073
2889
2884
2890
2889
3069
2884
2886
2884
2885
2887
3070
2890
2882
2891
2887
2885
3151
2880
3138
3062
2886
2892
2890
3063
2879
2884
2892
3060
2884
2881
