3080
2903
3066
2893
2901
2900
2898
2899
2893
2888
2896
2897
2898
2897
2905
2893
2892
2892
2891
2899
2888
3115
2903
2892
3110
3065
2892
2887
2900
2894
2900
2893
2896
3141
2887
2893
2892
2896
2892
2895
2893
2889
2892
2887
2892
2887
2901
2899
2893
2899
3052
2892
2891
2893
3058
2904
2893
2887
3058
2892
2892
3068
2887
2896
2891
3075
2897
2894
2899
3068
2896
2888
2893
3139
2897
3117
2890
2893
2898
2895
3169
2893
2891
2892
3158
2892
2892
2897
2897
2901
3058
3058
2893
2892
3059
2887
2891
2892
3060
2897
2892
2895
2891
3086
2897
2886
2896
3095
2898
2894
2898
2895
3074
2897
3121
3085
2899
2888
3131
2893
2892
2899
2893
2893
2887
3113
2898
2903
2895
2892
3077
2899
2892
2895
2887
2893
2898
2901
2893
2887
2891
2892
3049
2906
2892
2893
2893
2892
2905
2901
2892
2888
2892
2892
2896
3099
2888
2894
2897
2897
2894
2892
3036
2892
2898
2887
2891
2894
2892
2900
3112
2894
3055
2893
2899
2888
2894
3059
2898
2897
2892
3056
2887
2898
2903
2893
2897
3061
2905
2888
3081
2889
2894
2900
2896
3115
2889
2900
3113
3099
2897
2888
2899
2893
2893
2893
2892
2896
2893
2894
2891
2893
2889
2899
2898
2893
3110
2899
2897
2896
2890
2904
2900
3051
3062
2892
2893
2889
2895
2892
2901
2891
2887
3096
2888
3095
2894
2896
2908
2887
2893
2892
2895
2896
2893
3111
2889
2893
2893
2895
2897
2888
2895
2893
2891
3114
2892
2897
3059
2892
2898
2894
2901
2888
3053
2900
2900
2898
2887
2892
2892
2903
2897
2892
3100
2890
3084
2892
2893
2893
3085
2896
2888
2893
2887
2892
2899
2897
2892
2887
2893
2910
2897
2892
3132
2899
2887
3119
2892
2893
2899
2892
2893
2892
3153
2898
3118
2893
2893
3059
2898
2896
2895
3048
2892
2898
2908
2891
2892
3063
2899
2892
2892
3073
2897
2887
2892
2893
2895
2895
3099
2893
2892
2894
2887
2893
2898
3116
2893
2893
2894
2888
2893
2893
3098
2900
2888
3125
3063
2897
3052
2897
3055
2887
2894
2899
2899
2897
2898
3056
2892
2900
2899
2898
2894
2893
3059
2888
2905
2892
3057
2894
3061
2900
2888
2895
2892
2891
2901
2907
2893
2889
2892
2893
2892
2901
2891
2895
3124
2890
2896
2891
2894
2891
2892
2895
3140
2905
2887
3055
2894
2893
2900
2887
2893
2894
2895
2892
2898
2894
2890
2893
2900
2898
2904
2889
3070
2900
2897
2892
2893
2896
2893
2893
2892
2893
2893
2898
2893
3135
2893
2892
2897
2901
2887
2893
2889
2892
2892
2893
2898
2897
3060
2887
2892
2904
2894
3044
2888
2892
2893
3049
2895
2903
2892
2894
2894
2900
2898
2893
2889
2897
2899
2900
2893
2894
3113
2900
3110
2898
2899
2891
2901
2895
2887
2905
3145
2896
2894
3161
2890
2895
2898
2893
2888
2893
2898
3050
3054
3052
2893
2887
2899
2892
3048
2893
2892
2894
2886
2892
2893
2898
3067
2892
2914
3059
2895
3123
2903
2899
2892
3113
2891
2898
3136
2892
2892
2903
2892
2892
2896
3151
2907
2896
2894
3156
2892
2892
2895
2893
2897
2893
2897
2895
2887
2895
3074
2897
2891
3075
2892
3073
2890
2895
2898
2896
2892
2892
2894
2897
2891
3130
2895
2893
2890
2893
2898
2899
3154
2892
2893
2898
2898
3061
2898
2891
2888
2893
2898
2892
2899
2897
2893
2887
3061
2901
2904
2892
2888
2895
2887
2908
2902
2891
3078
2888
2894
3075
2893
2898
2893
3087
2888
2891
2899
3081
2891
2889
3118
3111
2898
2898
2897
2891
2892
3118
2910
2899
2900
2893
2893
2895
2895
2898
2894
3050
2894
2892
2893
2890
2890
3071
2893
2901
2888
2893
2893
2892
2899
2897
2892
2891
2892
2892
2892
2897
2892
2893
2887
2892
2888
2895
3157
2893
2893
2894
2900
2894
2898
2892
2892
2898
2890
2895
3051
2889
2896
2898
2899
3053
2894
3051
2899
3051
2896
2888
2893
3104
2893
2901
2896
2895
2895
2894
2900
2897
2892
3120
3132
2893
2893
2892
2898
2904
2898
2892
2887
2892
2895
2894
3071
2888
2892
2899
2898
2892
3057
2891
2893
2893
2901
2887
2895
3064
2895
2898
2918
2898
3049
2894
2904
2896
2893
2888
2893
2897
2892
2894
2895
2894
2894
2898
2887
2892
2893
3123
2900
2896
2894
3114
2894
2900
2898
2892
2894
2899
2891
2892
2896
2893
2889
2892
2888
2897
2892
2892
3047
2889
3055
3045
2891
2898
2886
2899
2894
2894
3082
2909
2898
3130
2891
2892
3081
2897
2894
2904
2892
2889
2891
2893
2892
2897
2902
3109
2900
3181
2899
2897
2898
2898
2899
2893
2898
2892
2888
3049
3044
2893
2892
2887
2899
2889
3061
2894
2897
2898
2887
3064
3076
3055
2895
3057
2894
2751
2897
2892
2893
3134
2887
3112
2908
2898
2892
3126
2897
2897
2897
2892
2893
3160
2901
3108
3055
2892
2893
2895
2898
3051
2896
2894
2893
2895
3101
2893
2892
2894
3061
2887
2897
2894
3047
2899
2896
2894
2894
3106
2895
2900
2893
2888
2895
2897
2898
3148
3110
2892
2888
2892
3151
2891
2898
2892
2893
2892
2900
2893
2890
2896
2894
3067
2901
2886
3059
2891
3063
2897
2892
2892
2895
3061
2895
2900
2893
3055
2895
2888
3092
2893
2894
3128
2891
2893
2893
3125
2897
2906
2892
2892
2894
2894
2896
3155
2887
2892
2898
2896
3051
3152
2893
2893
2898
2892
2897
2893
2893
2899
2899
2894
3060
2894
2900
2897
2893
2886
2892
2897
2893
2892
2889
3073
2900
2892
3119
2899
3112
2897
2888
2898
3152
2898
2896
2888
2892
2887
2900
3065
2894
3055
2894
3047
2898
2893
2897
2892
2893
2893
3058
2894
2901
2888
2893
2893
2892
2902
2892
2893
2889
2892
2887
2899
2894
2894
2902
3063
2894
2897
2900
2892
2893
2904
2888
2918
3125
3101
2899
2895
2891
3074
2894
3140
2900
2894
2894
2893
2929
3144
2893
2889
2898
2900
