1484
1483
1472
1474
1475
1475
1475
1477
1471
1476
1473
1471
1482
1478
1481
1479
1473
1476
1473
1473
1479
1474
1473
1482
1472
1483
1475
1471
1477
1480
1471
1517
1479
1475
1471
1474
1477
1472
1476
1484
1471
1475
1470
1471
1475
1473
1478
1476
1471
1478
1475
1471
1482
1471
1473
1480
1471
1476
1471
1479
1474
1470
1475
1478
1474
1481
1476
1477
1479
1472
1492
1478
1479
1487
1482
1476
1488
1478
1490
1485
1477
1483
1478
1478
1486
1477
1482
1479
1478
1482
1482
1485
1484
1477
1490
1478
1478
1488
1479
1483
1485
1478
1485
1480
1489
1487
1483
1483
1485
1479
1488
1481
1479
1506
1481
1482
1477
1478
1483
1477
1483
1484
1477
1486
1478
1480
1481
1479
1482
1485
1477
1482
1481
1477
1486
1481
1491
1489
1477
1487
1479
1476
1483
1478
1485
1485
1478
1482
1478
1477
1483
1481
1484
1483
1477
1480
1478
1479
1486
1478
1476
1483
1480
1485
1481
1477
1489
1478
1476
1485
1480
1482
1478
1477
1483
1484
1478
1489
1478
1487
1482
1480
1482
1480
1476
1480
1478
1485
1481
1479
1481
1480
1479
1483
1477
1484
1481
1477
1484
1477
1479
1481
1479
1482
1478
1478
1486
1478
1478
1490
1479
1488
1477
1482
1481
1479
1480
1483
1479
1486
1479
1477
1488
1479
1476
1486
1478
1483
1478
1478
1493
1479
1476
1483
1477
1489
1477
1477
1485
1478
1477
1484
1478
1484
1484
1477
1482
1482
1479
1533
1481
1488
1478
1478
1481
1478
1487
1483
1480
1482
1477
1482
1481
1479
1482
1481
1480
1481
1477
1486
1484
1479
1485
1480
1478
1483
1481
1482
1483
1478
1487
1477
1480
1484
1482
1485
1482
1477
1484
1477
1480
1481
1480
1487
1489
1478
1489
1477
1481
1482
1477
1483
1479
1480
1482
1483
1477
1485
1478
1484
1480
1479
1484
1479
1477
1488
1479
1484
1479
1479
1484
1480
1477
1481
1478
1481
1478
1478
1488
1482
1478
1482
1483
1480
1478
1480
1484
1479
1477
1483
1477
1494
1478
1481
1486
1483
1482
1482
1478
1483
1478
1477
1486
1482
1477
1482
1480
1488
1478
1477
1484
1479
1481
1483
1483
1485
1477
1481
1489
1481
1480
1484
1477
1483
1480
1480
1481
1483
1477
1491
1480
1489
1479
1479
1482
1480
1478
1487
1479
1489
1480
1479
1482
1477
1477
1483
1479
1483
1479
1478
1488
1478
1476
1483
1481
1481
1479
1479
1484
1477
1477
1486
1479
1487
1481
1477
1487
1480
1477
1484
1481
1480
1488
1479
1492
1479
1477
1494
1483
1489
1477
1480
1481
1478
1477
1485
1480
1488
1478
1477
1491
1480
1477
1481
1479
1484
1478
1478
1481
1481
1478
1485
1479
1481
1478
1479
1482
1483
1476
1485
1478
1481
1478
1477
1483
1487
1479
1485
1478
1486
1479
1478
1481
1478
1478
1486
1479
1481
1478
1482
1483
1480
1478
1481
1478
1482
1478
1480
1482
1478
1479
1483
1482
1487
1478
1478
1483
1478
1478
1482
1483
1483
1480
1477
1487
1479
1491
1483
1481
1485
1480
1478
1484
1480
1485
1489
1477
1482
1481
1478
1481
1479
1481
1483
1483
1482
1478
1480
1484
1481
1484
1485
1488
1488
1482
1484
1482
1483
1490
1489
1479
1482
1483
1476
1483
1479
1483
1482
1477
1482
1478
1477
1480
1478
1487
1481
1477
1483
1478
1477
1481
1478
1482
1481
1478
1486
1478
1477
1485
1479
1482
1490
1480
1490
1487
1477
1485
1478
1481
1483
1482
1483
1480
1477
1481
1479
1482
1489
1478
1490
1477
1478
1484
1478
1483
1481
1482
1486
1478
1479
1485
1477
1483
1473
1470
1475
1469
1470
1482
1469
1469
1475
1471
1477
1471
1469
1480
1476
1468
1481
1469
1472
1475
1469
1476
1469
1476
1472
1471
1471
1478
1471
1480
1474
1476
1476
1472
1472
1477
1469
1472
1472
1473
1474
1469
1474
1474
1475
1470
1486
1470
1474
1472
1470
1475
1474
1472
1476
1472
1472
1473
1469
1473
1473
1470
1477
1468
1476
1476
1472
1472
1474
1470
1471
1473
1468
1481
1472
1477
1475
1469
1475
1469
1472
1475
1473
1474
1478
1468
1481
1471
1472
1476
1472
1470
1475
1469
1478
1473
1470
1473
1474
1473
1474
1472
1467
1478
1475
1481
1469
1470
1475
1470
1471
1474
1474
1474
1478
1469
1482
1472
1471
1474
1473
1472
1487
1473
1480
1470
1474
1480
1471
1473
1479
1470
1473
1474
1469
1475
1470
1469
1483
1469
1471
1480
1473
1474
1480
1469
1482
1470
1469
1474
1470
1472
1474
1469
1478
1469
1469
1476
1470
1468
1480
1468
1474
1472
1471
1475
1473
1470
1476
1471
1474
1480
1471
1472
1476
1472
1478
1470
1469
1474
1470
1478
1476
1471
1477
1469
1468
1475
1469
1469
1473
1469
1477
1473
1473
1474
1470
1469
1474
1470
1474
1476
1470
1480
1469
1468
1475
1470
1470
1477
1470
1474
1472
1471
1481
1473
1470
1474
1470
1474
1473
1471
1475
1470
1473
1478
1469
1481
1475
1470
1476
1469
1471
1482
1470
1468
1474
1471
1474
1471
1473
1478
1470
1468
1475
1470
1473
1478
1472
1474
1471
1470
1479
1469
1469
1475
1471
1476
1474
1472
1472
1475
1469
1482
1471
1472
1476
1469
1477
1474
1472
1474
1469
1471
1478
1475
1473
1477
1469
1475
1470
1470
1475
1473
1469
1473
1471
1473
1470
1471
1474
1469
1471
1478
1469
1477
1475
1471
1475
1469
1474
1478
1470
1470
1476
1472
1473
1471
1471
1473
1472
1469
1478
1473
1481
1484
1477
1476
1470
1470
1474
1468
1469
1473
1474
1475
1477
1469
1482
1475
1469
1473
1469
1476
1478
1469
1473
1469
1472
1477
1469
1477
1474
1474
1474
1473
1473
1477
1469
1470
1481
1470
1477
1478
1469
1478
1470
1471
1474
1473
1471
1477
1471
1473
1484
1469
1479
1469
1470
1475
1473
1473
1475
1470
1481
1472
1471
1476
1470
1469
1475
1470
1475
1481
1470
1477
1472
1469
1477
1471
1474
1478
1469
1476
1470
1469
1478
