2912
2883
3053
3061
3048
2884
3041
2883
2883
2882
2878
2887
3060
2883
2882
2881
2882
2877
3068
2883
2884
3097
3061
2881
2877
2883
2882
3071
2884
2883
3124
3081
2885
2881
2882
3154
2885
2883
2893
3181
2883
3172
2879
2882
2879
3188
2884
2884
2884
2885
2885
2884
3071
3134
3080
2879
2890
2884
3076
3047
2883
3054
2885
2884
2884
2885
3041
2886
2884
3039
3047
2885
2887
3034
2884
2878
3040
2884
2885
2884
2887
2883
2878
3064
2884
2881
2884
2883
2886
2884
3106
2879
3100
2884
3098
3103
2888
2887
2883
2884
3115
2884
2883
2886
2883
2884
3183
2878
2883
3064
3186
2891
2884
2883
2878
2884
2887
3094
2884
2885
2888
2884
2885
2880
3048
2884
2884
2884
2886
2887
3083
2892
2887
2885
3079
2883
2884
2879
2884
2879
2885
3106
2884
3115
3091
2888
2883
2926
2895
2897
2889
2897
2887
3099
3102
2886
2911
2889
2894
2907
2887
3070
3106
2885
2879
2884
2879
2884
2884
2886
2885
2889
3101
2880
2890
2889
2887
2887
2879
3042
2885
2886
2885
3042
2889
3079
2884
2886
3044
2886
2880
2884
2886
2886
2885
2884
2885
2886
2884
2890
3092
3130
2885
2885
2889
2887
2903
2888
2886
2885
2885
2886
2890
2881
2886
2884
3141
2885
2886
3126
2890
2886
2887
3154
2880
3108
2892
2889
2886
3101
2886
2886
2886
3040
2886
2886
2886
2886
2888
2887
2887
2900
3062
3047
2886
2885
2884
2884
2887
3084
2886
2890
2882
3109
2883
2886
2886
2887
2886
2882
3103
2885
3104
3125
3094
2889
2883
3113
2885
2888
2889
2885
3129
2880
2886
2890
2884
2887
3130
3050
3049
2885
2888
2886
2886
2886
2887
2885
3044
3051
2886
2886
2880
3061
2885
3043
2888
2888
2885
2880
2890
2882
3073
2886
2885
2885
3070
3118
2888
2886
2884
2891
2881
2891
2886
3095
2885
2880
3139
2885
2884
2885
3135
2887
2886
2889
3111
2895
2887
3136
3045
2887
2887
3219
2885
2886
2887
2885
2882
2885
3057
2885
2885
2887
2886
3037
3054
2882
3053
2892
2884
3073
2879
2884
3104
2886
2886
3055
3111
2881
2889
2885
3127
2890
2886
2886
2891
2890
2887
2886
2882
3134
3120
3110
2887
2897
3151
2885
2886
2890
2885
2884
2888
2884
2887
2885
2885
2881
2893
2885
2885
3048
2890
2885
3040
2887
3040
2884
2885
2889
2885
3055
2885
2886
3054
2885
2889
2892
2884
2886
2890
2886
2885
3120
2885
2891
2887
3102
2888
2887
3121
2880
2885
2885
3113
2885
2885
2886
2884
2890
2880
2886
2879
3128
2886
2886
2886
2885
2888
3037
2895
3049
2888
3045
2881
2884
2885
2884
3056
3046
2886
2882
3055
2885
2886
2891
2880
2885
2885
2888
2885
3066
3101
2886
2883
2885
2886
2886
3118
2885
2880
2889
2887
2886
3127
2886
2886
2886
2885
2881
2887
2880
3149
2885
2886
2885
3174
2886
2880
2885
2881
2886
2885
2886
2888
2886
2888
2887
2885
2884
2885
2885
2885
2887
2887
2888
2883
2888
2880
3063
3066
2885
2885
2881
3076
2886
2885
2885
2888
2885
3073
2891
2880
3076
3130
3071
2886
3102
2886
2880
2885
2886
3133
2888
3112
2884
2886
2885
3074
2886
3059
2880
2892
2884
2898
2885
3057
3044
2880
2887
2883
3037
2880
2886
2886
2884
2888
2886
2885
3068
2885
2884
2889
2884
2885
2884
2891
3058
2884
2886
2886
2886
3085
2886
2889
2885
2885
2884
2889
3061
2889
2877
3099
2884
2885
2885
2884
2888
2888
3100
3109
2887
3175
2880
2888
2896
2885
2879
2884
3082
2886
2885
2885
2886
3162
2889
3042
3097
2885
3095
2884
3087
2887
2879
2888
2882
2885
2885
2885
3049
2885
2895
2890
2884
3089
3046
3086
2885
2892
3054
2884
2887
2885
3122
3090
2897
2880
2889
2885
2892
2889
2886
2885
2888
2885
2884
2884
2886
2887
2885
2885
2884
2884
2884
2885
2886
2887
2883
2886
2892
2884
3128
3102
2894
3109
2879
2887
2884
2885
3119
2897
2894
2880
2886
2881
2885
2885
2886
2884
2884
2885
3183
3114
3044
2887
2885
2888
2886
2884
2888
3045
3044
3049
2884
2886
2887
3051
2886
3037
2886
2880
3083
3087
2885
2885
2879
3095
2887
3107
2886
2886
2885
2886
2886
2890
2884
2887
2896
3116
2880
2888
2886
2884
2886
2887
2893
2880
2883
3048
2884
2889
2885
2885
2880
2890
2884
2914
2885
3043
2886
2883
2884
2879
3056
3058
3032
2890
2884
2885
2885
2885
2886
2880
2886
3176
2885
2887
2887
2886
2884
2888
2886
2886
2880
3126
2885
3110
2896
2884
3129
2884
2889
2884
2890
2887
2885
3144
2882
2884
2883
2884
2895
2886
2890
2879
2886
2884
3050
3047
2886
3052
2879
3040
2886
2893
3062
2887
2896
3060
2887
2889
2880
2885
2885
3068
3092
2884
2887
3067
3110
2884
2885
2887
2886
3142
3117
2884
2889
2886
2887
2888
2884
2880
2887
2884
3143
3043
2883
2885
2885
2886
2886
3066
2885
2885
2884
2879
3049
2884
2885
2885
2880
3056
2885
2885
2884
3050
3075
2888
2885
2886
2884
2886
3082
2885
2885
3097
2885
2886
2884
2883
2884
2879
3148
2889
2885
2887
3102
3133
2878
2885
2885
3128
3045
3054
2886
3025
2885
2885
2896
2885
2881
2884
2885
2886
3055
3041
2884
2885
3063
3067
3056
2886
2884
2884
3115
2886
3089
3087
3101
2895
2884
2885
3119
2884
2884
2886
2882
3125
3143
2888
2885
2879
2885
2884
3122
3053
2885
2884
2885
2884
3050
2886
2884
2887
2885
2879
2885
2885
2886
2885
2883
2890
2880
3065
2885
2886
2884
2885
2885
3096
2891
2888
2888
2889
2885
3098
2888
2889
3118
2884
2890
2884
2884
2887
2892
3123
2886
3122
3121
2895
3044
2893
2886
2887
3093
2895
2888
2884
2889
2881
2887
3148
2884
3046
2886
2889
2884
2889
2888
2884
2884
3050
2888
3042
2885
2892
2884
2879
3058
2885
2885
2934
2886
2885
2879
2894
2888
2886
2887
