2884
2864
2877
2875
2876
2870
2872
2875
2873
2870
2874
2879
2872
2867
2873
2882
2869
2878
2873
2884
2872
2870
2873
2871
2874
2881
2877
2879
2868
2870
2874
2882
2874
2874
2876
2873
2869
2874
2872
2873
2880
2879
2865
2875
2871
2874
2874
2872
2872
2873
2878
2877
2870
2871
2876
2874
2879
2874
2878
2877
2875
2875
2875
2870
2871
2876
2876
2874
2884
2872
2867
2899
2874
2875
2874
2876
2870
2876
2867
2875
2879
2868
2868
2872
2932
2880
2874
2877
2881
2878
2873
2867
2875
2872
2877
2888
2879
2869
2881
2864
2878
2864
2871
2872
2876
2871
2872
2870
2876
2874
2872
2869
2878
2871
2874
2882
2870
2868
2871
2871
2872
2873
2875
2880
2874
2882
2877
2879
2873
2871
2874
2883
2873
2874
2880
2871
2865
2881
2869
2875
2870
2874
2869
2880
2881
2878
2879
2870
3118
2872
2874
2884
2872
2871
2869
2877
2871
2896
2873
2869
2865
2878
2864
2870
2867
2874
2868
2874
2866
2885
2875
2871
2873
2874
2877
2878
2873
2877
2874
2875
2880
2871
2873
2871
2874
2875
2874
2876
2872
2874
2871
2873
2880
2874
2876
2875
2875
2877
2878
2868
2871
2865
2875
2874
2880
2869
2874
2865
2871
2874
2876
2876
2876
2876
2874
2877
2877
2874
2872
2868
2880
2875
2878
2875
2873
2869
2869
2869
2876
2877
2876
2876
2877
2880
2870
2877
2869
2873
2870
2871
2865
2871
2866
2869
2868
2875
2874
2871
2882
2874
2886
2882
2872
2875
2874
2888
2877
2875
2868
2877
2877
2872
2870
2876
2874
2874
2873
2879
2881
2872
2875
2870
2874
2874
2875
2870
2873
2866
2875
2866
2873
2864
2875
2867
2876
2877
2875
2867
2874
2878
2874
2872
2872
2867
2873
2873
2869
2876
2874
2871
2871
2871
2869
2873
2881
2871
2876
2871
2872
2884
2879
2875
2871
2877
2878
2873
2865
2875
2863
2870
2864
2880
2866
2877
2867
2870
2875
2869
2874
2877
2874
2879
2877
2876
2875
2876
2868
2870
2874
2873
2874
2883
2888
2879
2872
2878
2876
2874
2870
2873
2871
2875
2874
2875
2871
2876
2872
2867
2878
2865
2876
2876
2878
2871
2873
2872
2878
2869
2871
2870
2873
2870
2874
2875
2875
2873
2878
2886
2874
2877
2874
2879
2872
2870
2870
2875
2872
2876
2878
2871
2877
2876
2868
2870
2867
2870
2871
2873
2867
2872
2872
2876
2862
2873
2868
2876
2875
2873
2877
2874
2898
2876
2871
2869
2874
2873
2872
2876
2877
2877
2868
2870
2877
2869
2871
2882
2883
2875
2869
2879
2881
2875
2881
2870
2870
2875
2875
2880
2874
2870
2879
2871
2873
2868
2876
2872
2870
2865
2876
2868
2876
2869
2877
2871
2873
2870
2877
2873
2875
2874
2871
2868
2874
2875
2870
2871
2874
2869
2871
2876
2875
2871
2875
2869
2874
2884
2870
2874
2875
2879
2877
2884
2876
2880
2876
2879
2866
2873
2868
2878
2871
2876
2865
2874
2866
2875
2866
2873
2876
2888
2873
2872
2871
2879
2870
2876
2877
2876
2870
2876
2874
2873
2875
2868
2875
2882
2873
2872
2871
2872
2879
2883
2875
2883
2882
2882
2872
2875
2875
2877
2876
2878
2875
2876
2873
2873
2871
2865
2873
2873
2869
2865
2880
2871
2872
2869
2872
2872
2873
2871
2874
2875
2877
2883
2874
2880
2868
2881
2877
2868
2875
2883
2872
2872
2876
2874
2877
2877
2875
2873
2872
2875
2871
2874
2875
2873
2875
2878
2876
2872
2872
2874
2869
2875
2874
2873
2874
2880
2863
2875
2871
2880
2871
2872
2871
2874
2874
2874
2881
2873
2875
2875
2869
2880
2875
2874
2874
2878
2878
2879
2873
2886
2872
2882
2871
2879
2880
2886
2876
2874
2870
2874
2871
2876
2870
2879
2886
2872
2879
2876
2879
2867
2873
2875
2882
2878
2875
2878
2875
2874
2880
2876
2874
2874
2875
2871
2872
2869
2876
2872
2876
2875
2880
2865
2878
2863
2869
2869
2881
2871
2873
2878
2872
2872
2874
2872
2869
2870
2878
2865
2875
2876
2874
2889
2887
2879
2871
2880
2874
2881
2871
2867
2879
2870
2873
2868
2874
2873
2869
2873
2878
2873
2879
2872
2875
2878
2871
2874
2872
2877
2875
2873
2874
2868
2873
2877
2869
2881
2869
2876
2873
2876
2870
2876
2874
2874
2866
2876
2872
2875
2871
2872
2870
2875
2877
2878
2882
2875
2873
2876
2873
2869
2868
2876
2875
2875
2877
2874
2877
2871
2879
2885
2874
2875
2876
2880
2872
2867
2882
2865
2877
2868
2874
2871
2878
2868
2873
2867
2873
2880
2877
2869
2883
2869
2881
2867
2878
2870
2877
2865
2873
2872
2875
2869
2878
2869
2874
2869
2875
2873
2875
2872
2871
2879
2871
2878
2873
2870
2878
2883
2877
2871
2877
2884
2874
2876
2874
2871
2875
2872
2878
2881
2878
2874
2878
2872
2870
2877
2882
2876
2879
2879
2875
2882
2875
2870
2868
2874
2870
2876
2870
2865
2872
2886
2874
2874
2873
2874
2874
2888
2868
2872
2867
2875
2870
2872
2874
2872
2869
2874
2877
2879
2873
2877
2873
2892
2872
2879
2873
2874
2882
2870
2874
2879
2869
2872
2878
2876
2875
2874
2882
2874
2871
2874
2873
2870
2874
2874
2872
2878
2870
2872
2873
2879
2870
2874
2876
2880
2875
2873
2867
2877
2871
2877
2873
2878
2871
2869
2869
2875
2877
2872
2873
2866
2877
2868
2877
2867
2881
2869
2881
2870
2876
2872
2873
2874
2872
2884
2874
2873
2887
2872
2877
2872
2879
2868
2875
2881
2873
2884
2875
2872
2871
2870
2874
2872
2875
2874
2880
2876
2884
2876
2879
2878
2868
2868
2872
2870
2883
2877
2875
2873
2864
2878
2865
2870
2872
2874
2870
2875
2867
2877
2868
2878
2874
2877
2869
2874
2880
2874
2881
2882
2869
2876
2877
2884
2871
2878
2871
2875
2870
2871
2869
2882
2871
2879
2870
2873
2870
2873
2870
2869
2874
2871
2875
2874
2873
2872
2876
2871
2873
2866
2878
2868
2874
2866
2873
2870
2874
2868
