3210
2894
2887
3059
2888
2884
2886
2887
2881
3068
2883
2885
2891
2883
3058
2879
3048
3060
3042
2884
3044
2886
2885
2885
2886
3063
2887
2888
2886
2886
2888
3064
2888
3085
2885
2886
3074
2886
2886
2886
2881
2886
2888
2885
2889
3103
2889
2887
2887
3108
2890
2885
2889
2880
2887
2887
3122
2887
2886
2886
2886
2888
2880
2886
2886
2887
3085
2886
2886
2881
2886
2881
2887
2887
2885
2887
2888
2886
2888
2887
2881
3041
2886
2885
2886
2885
3046
2881
2889
2881
3047
2887
2888
2886
2887
3068
2880
2886
2882
3061
2882
2886
2888
2886
2885
3072
2887
3125
2886
3113
2895
2887
2882
2888
2885
3108
2887
2885
2886
3105
3166
2882
2892
2896
3106
2895
3177
2888
3188
2886
3049
2887
2888
2888
2892
3092
3045
2888
2889
2893
3044
2887
2886
2887
2881
3058
2887
2915
2905
2908
2895
2908
3097
2887
2890
2886
3096
2945
2894
2893
3080
3114
2882
2887
2889
2891
2887
3071
2886
2883
2892
2882
2887
3113
2887
3194
3122
3204
2886
2886
2889
3114
3105
2882
2967
3054
2888
2888
2886
2886
2888
3047
3055
3046
2889
2882
3049
3092
2889
3082
3054
2888
2889
3092
2887
2887
2889
2895
2888
3083
2892
2883
2888
2889
3088
3133
2890
2888
2883
2888
2884
2891
2885
3128
2887
2886
2895
3097
2891
2884
3207
3180
2888
2888
2887
2890
2884
2888
2888
2888
3056
2890
2888
2886
2890
2884
2889
3054
3053
2889
2884
2888
2887
2888
2888
3043
2889
2887
2888
2883
3064
3094
2889
2890
2883
2897
2883
2888
3110
3074
2887
2890
3096
2891
2888
3139
3090
2889
2890
2892
2889
3086
2888
3111
2889
2884
2891
2888
2886
2890
2883
2900
2888
2889
3047
2887
3040
2891
2888
2888
2888
2888
2890
2888
2887
3065
2889
2892
2884
3073
2884
2888
2887
2888
2890
2888
2887
2888
2895
2892
3064
3119
2883
2889
2883
2892
2883
2887
2887
2894
2889
2884
2889
3146
2888
2889
2884
3152
2888
2890
2889
2888
2887
2887
2887
2891
2887
2889
2890
2892
2887
2892
3061
2889
2888
2887
3053
2890
2888
2893
3068
3061
2892
2889
2887
2890
3065
3066
2883
2889
3110
2889
2889
3073
3099
2885
3103
3118
2885
2890
2888
3151
3151
2887
2889
3104
2898
2886
2887
2883
2890
2887
2889
2888
2884
2888
2884
2890
3048
3039
2889
2885
2889
2886
2889
2883
3049
2889
2898
2889
2899
2889
2890
2887
2882
3063
3075
2888
2911
2884
2889
2887
3066
2888
2887
2889
2890
2890
3074
3098
2888
2888
2888
2887
2890
2898
2889
2884
3128
3114
2887
2890
3137
2891
2892
3140
2886
2892
2890
3166
2887
2893
3064
3052
2895
2887
2885
2889
3075
2889
2891
3048
2890
2889
2887
2888
2896
2888
2884
2888
2888
2903
2888
2888
2887
2890
3080
2882
2888
3105
2891
2897
2889
2887
2888
2887
2884
2888
2891
2886
2887
2894
2888
3107
2888
2888
2887
3136
2886
2886
3166
3068
2889
2886
2884
2890
2883
3081
3046
2889
3049
3057
2893
3067
2889
2887
2883
2890
3047
2887
2884
3081
2896
2889
2886
3070
3064
2883
3076
2886
2889
3086
2884
2888
2882
2888
2887
2889
2891
3094
3155
2888
2892
2888
3106
2889
3143
2888
2886
2887
2888
2891
2889
2890
3062
3109
2900
2884
2890
3056
2887
2887
3060
2890
3066
3052
2883
2888
2896
3040
2886
2888
2887
3040
2891
2888
2887
2890
2888
2885
3054
2892
2889
3062
2894
2893
2883
2889
2887
2889
2888
2890
3111
2884
2887
2882
3114
2890
3110
2893
2887
2889
2887
3125
2883
2888
2888
2888
2887
3109
2887
2886
2888
2886
3168
2886
3173
2889
3185
2891
2882
2887
2881
3079
3059
2885
2889
2883
2888
2882
2888
2896
2886
2889
2890
3047
2888
3046
2889
2887
2889
2896
2888
2889
2894
2886
2894
2887
2887
2887
2887
2887
2887
2887
2887
2896
2890
2887
2889
2886
2888
2889
2887
2885
2888
2889
3096
3127
2887
2890
2896
3114
2887
2891
2887
2887
2902
3100
2895
2887
3130
3100
2887
2889
3104
2886
2889
2887
2887
2888
3098
2888
2887
2886
2888
3052
2889
2886
2889
3048
2885
2887
2887
3053
3058
3055
2892
2889
2889
2888
2883
3087
2888
2896
3094
3047
2890
2887
2892
2892
3107
3106
3103
2888
2887
2887
3206
3118
2888
3111
2890
2883
2889
2887
2887
2887
2886
3105
2889
2895
2882
2890
2891
2890
3049
3128
2888
3059
3055
3053
2882
2888
2888
3049
3056
2889
2889
2888
3055
2884
2889
2884
2888
2888
2889
3105
3056
2887
2882
3108
3105
2889
2887
3103
2887
2882
2890
2897
2886
2895
2886
3097
3108
2887
2887
2888
3154
2889
2897
2888
2890
3056
3117
2887
3104
2891
2885
2901
2889
2890
2887
3054
2887
2888
2888
3065
3047
2888
2888
2888
3104
2888
3101
2891
2894
2883
3070
2887
2886
2889
2888
3109
2892
2888
3151
2887
2888
2882
2888
2887
2888
2888
2889
2888
3150
2887
3043
2893
3055
2888
2893
2886
2887
3050
3050
2888
2881
2889
2887
2887
3061
2881
2886
2882
3038
2889
3059
3078
2883
2887
2882
2887
2889
3079
2889
2886
3130
2881
2887
2891
3109
2887
2887
2891
2886
2887
3124
3149
3128
2881
3155
2895
2889
3076
2888
2887
3136
3138
3054
2890
3054
2883
2889
3054
2888
2888
2888
3063
2884
2893
2881
3064
3090
2888
2888
2883
2886
3117
2894
2888
3062
3084
3166
2887
2889
2887
2888
3135
3166
2888
2888
2886
2882
3124
2882
3127
2888
2889
2888
2897
3056
2881
2887
3056
2886
3052
2881
3059
3059
2888
3057
2884
2887
2882
2887
2889
2888
3070
2882
2889
2891
2887
2887
2888
2889
2887
2888
2885
3125
2882
2890
3126
2894
2887
2888
2889
2887
2888
2883
2887
2890
2890
2882
2887
2887
2888
2888
2888
2887
3108
3129
3063
2888
2886
3124
2893
2887
2889
2890
3071
3049
2890
2890
2888
2890
2887
2887
2888
3053
2890
