2914
2898
2893
2889
2889
2887
2883
3042
2884
2888
3075
2889
2889
3084
2886
2883
3064
2886
3066
3114
2885
3113
2882
2889
2879
2885
2886
3097
2886
3056
2886
3114
2887
2881
2886
3151
2889
3159
3105
2888
2886
2887
3063
2885
3081
3098
3054
2882
2889
2888
2885
2885
2894
2888
2882
2892
2891
2885
2888
2894
2888
3041
3037
2885
3042
2887
3048
2886
2884
3074
2885
3077
2887
2885
2885
3107
3115
2893
2883
3123
3190
2885
2886
3109
2890
2888
3109
3098
3183
2880
2887
2888
2889
3105
2881
3083
2887
2887
3051
2891
2887
2889
3042
2883
2887
2890
3013
2891
2891
2891
2883
2886
3088
2888
3095
2884
2885
2880
2887
2895
2886
2888
2889
3123
2896
3099
2886
2888
3086
2893
2882
2887
3120
2886
2887
2888
3122
2880
2887
2883
2887
3193
2887
3197
2882
2889
2887
2887
2886
3194
3129
2881
2887
3047
2889
2890
2888
3047
2885
2888
2883
2887
2883
2893
2887
2886
3050
2895
2888
3051
2889
2887
2888
2887
3056
2889
2888
2888
3054
2885
2884
2888
2893
2890
2883
3052
2888
2887
3096
3059
2889
2880
2885
2887
2885
3120
2889
2887
2887
2890
2889
2887
3020
3129
2888
2888
3123
3141
2886
2887
2887
2887
2890
2885
2883
2888
2891
2888
2887
3142
2886
2896
3049
3052
2891
2887
3057
2889
3061
2891
2885
3048
2887
2888
2887
2892
2893
2883
2888
2885
3063
2886
2886
3107
3053
3097
2883
2891
2886
2887
2885
2885
2890
2886
2887
2881
2889
3134
2895
2889
2882
2889
2881
2884
2880
3106
2888
3136
2892
2888
3153
2886
2887
3055
3145
2888
2885
2884
3050
3055
2885
2880
2891
2884
3041
3058
3049
2885
2880
2887
3066
2910
2890
2883
2885
3122
2885
3121
3065
2885
3097
2886
3154
3120
3107
2887
2887
3144
3155
3136
3050
2889
2889
2886
3040
2884
2889
2895
2888
2887
3049
3042
2892
2885
2880
2885
2886
2894
2885
3043
2887
2886
2886
2885
3051
2888
2891
2902
2887
2886
2883
2885
2883
3065
2890
3060
2892
2887
3111
2887
2887
2889
3099
2886
2890
3106
2887
2886
2888
2886
2892
2887
2886
3112
2883
2887
2878
3162
3127
2886
2885
2885
3151
2880
2885
2879
3144
2886
2893
2884
2885
2886
2883
3053
2885
3047
2884
2886
2886
2879
2885
2884
2886
2891
2886
2884
3066
2888
3074
2887
3075
2885
2884
2884
2887
2883
2886
3089
3074
2888
2882
3070
2888
3099
2886
3060
2888
2879
2888
2892
2889
3135
2887
3146
2880
2885
2884
2886
2884
2885
3052
2886
2886
2888
3053
2887
3065
2877
3060
2889
2887
3040
3064
2889
2880
2885
3058
3049
3063
3033
3061
2883
2888
2888
3070
2889
2881
2885
2888
3063
2890
2885
2886
2878
3083
2885
2894
2886
3069
3101
2887
3119
2886
2890
2899
2889
2887
2879
2884
3067
3140
2890
2884
2883
2881
3071
2881
2885
2884
3065
2887
2886
2890
2887
2885
2879
2884
2885
2884
2886
2885
3049
2890
2887
2882
2884
2893
2887
2884
2888
2887
2895
2885
2886
2885
2882
2886
2886
2886
2885
3062
2886
3058
3101
3132
2885
2887
2884
2887
2881
3133
2884
2886
3188
2886
2891
2887
3171
2886
2889
2887
3112
2887
2887
2884
2885
2889
3055
2887
2885
2896
2890
2881
3056
3036
2887
2886
2886
3031
2884
2886
2882
2886
2886
2887
2883
2884
2883
2884
2886
2882
3088
2886
2884
2884
3080
2884
2879
2914
2879
2887
3126
3095
2887
2886
3127
2879
3112
2887
3130
3178
3102
2887
3078
2885
3098
2880
2890
2886
2886
2886
2885
3048
3092
2885
3100
3043
3048
2884
2883
2882
3049
3080
3050
2886
2887
3083
2880
2889
2883
2884
2888
3091
2884
2879
2884
2887
3101
2885
2885
2890
2878
2894
3120
2886
2883
2878
2886
3074
2890
2884
3118
3115
2886
3124
2878
3125
2887
3132
3040
2879
3053
3040
2884
3044
2895
2886
2882
2887
3091
2885
3060
2903
2885
2881
3051
2884
2884
2884
2887
3084
2879
2887
3119
2883
2883
2886
2888
2884
2886
2886
2887
2885
2885
2890
2895
2883
3121
2885
3095
2885
2884
3114
3155
2897
3141
2888
2885
3048
2884
2889
2885
2883
2878
2892
3049
3050
3040
3054
2889
2882
3049
2885
2887
3069
2892
2890
2886
2887
2883
2880
2886
2882
2885
2882
2888
3104
2890
3103
3096
2884
2884
2888
3093
2885
2882
3109
3125
3113
2887
2885
3116
3110
2886
3146
2886
2887
2883
2883
2890
2885
3140
3153
2883
2885
2889
3145
3038
2885
3048
2885
2885
2880
2886
2885
2886
3039
3034
2888
2879
2886
2881
2884
2880
2888
2891
3057
2887
2885
2886
2883
3051
2880
2886
2883
3048
2892
2888
2887
2880
2888
3106
3075
2886
2881
2889
2886
2886
3145
3110
3142
2886
2885
2879
2890
2886
2888
3144
2890
3135
3049
2888
2884
2884
2889
3136
2886
3050
2886
2888
2889
3044
2878
2887
2888
2885
2885
3054
3056
2881
2885
3073
2885
2887
2887
2886
2882
3065
2881
3074
3116
2887
2885
2887
2885
2890
2883
2881
3108
2890
2891
3111
2892
2888
2881
2888
2880
2884
2885
2887
2882
2891
2886
2887
2885
2888
2885
2886
2886
2883
3128
3052
3127
2887
2883
3062
3043
2884
2887
2877
2884
2879
2893
3044
3039
2884
2880
2887
3071
3063
2884
2880
2885
2880
3070
3117
2887
2883
3072
3074
2881
3072
3109
3099
2891
2887
2884
3097
3130
2885
3117
2886
2888
2884
3119
2884
2882
2885
2887
2889
2884
3121
2889
2882
2886
2878
2888
2888
2894
2886
2884
2889
2886
2888
2883
2883
2882
2886
2884
2883
2884
2889
2888
2879
2895
3071
3061
2885
3065
2887
2885
3073
2886
2885
3076
3062
3089
2883
2888
3114
2890
3121
2889
2883
2881
2883
2880
3122
3180
2889
2885
2888
3184
2881
2889
2886
2885
2885
3163
3079
2881
2885
2888
2886
2888
3103
2888
2881
3053
2886
2889
2889
2888
2889
2880
3053
3063
2892
2887
2881
