2994
2998
2966
2956
2962
2961
2961
2955
3266
2963
3182
2967
2963
2961
2960
2963
2961
2964
3129
2966
2975
2964
3119
2961
2969
2971
2956
2970
2960
2961
3158
2965
2965
3127
2964
2955
2966
2960
2966
3191
3157
2964
2960
3173
2971
2964
2960
2955
2961
3180
2965
2969
2969
2964
2954
2967
3136
2967
2961
2961
2965
2967
2974
2962
2968
2962
2965
2962
2964
2962
2963
2959
2962
2960
2962
2966
2954
2961
2964
2961
2967
3165
3196
2955
3146
2961
2971
2970
2968
3184
3166
2964
2961
2962
3260
2965
3173
2957
2962
3166
2968
2967
2983
2963
2956
3186
2969
3171
3126
2967
3127
2962
2961
3118
2955
2965
2955
3129
3156
2962
2971
2954
2970
2958
2964
2967
2965
2961
2956
2962
2960
2961
2962
2961
2968
2965
2963
2967
2961
2968
2962
2962
2956
2963
3199
2965
3214
2962
2965
2957
3229
2970
2967
3122
3210
2966
2963
3117
2962
2961
2970
3128
2962
2955
2961
2969
2960
2961
2956
2967
2960
2964
3151
2963
3170
2967
2962
2962
2969
2968
2961
2964
3145
3178
2961
2963
3200
2964
3209
2962
2962
2966
2964
2962
2955
2962
2955
3208
3120
2963
2968
3219
2962
2955
3128
2957
2974
3125
2963
3127
2959
2963
3120
2961
2960
2965
3137
2962
2963
2964
2957
2975
3193
2970
2965
2956
2965
2969
3177
3039
2966
3203
3210
2965
3232
2965
3213
2955
2960
2964
2979
2960
2968
3127
2963
2960
2967
2966
3104
2964
2963
2957
3119
3130
2971
2960
2969
2964
2956
2963
2966
2971
3146
2956
3142
2967
3209
2968
2957
3185
2961
3193
3209
2967
2962
3107
2963
2966
2969
3220
2969
3221
2968
2965
2969
3112
3129
2960
3138
2967
2968
2966
2963
2972
2967
3113
2966
3106
2961
2966
2962
2967
2959
2967
2967
2966
2976
3133
3169
2958
2964
2961
2970
2963
3172
2969
2958
2963
2960
2962
2966
2968
3196
3130
2964
2964
2968
2969
3113
2963
2967
2970
2962
2955
2963
2978
3109
2966
3133
2964
2969
2964
2963
2968
2964
2963
2962
2966
3145
2957
2961
2966
3140
3193
2969
3172
2968
3195
2964
2962
2961
2966
2961
2956
3193
2956
2967
2961
3201
2961
2956
2963
2962
3197
2963
3145
2967
3122
2960
2962
2971
2969
2955
2963
2962
2962
3126
2969
2961
2955
2961
2967
2971
2964
2962
2962
2963
2969
2956
2963
2956
2965
3173
2959
3174
2958
2968
3209
2962
2963
3146
2966
2969
2964
2963
3184
3145
2961
2966
2961
3212
2962
2959
2966
2960
2973
3129
2962
2961
3141
2962
2961
2962
2970
2973
2964
2962
2967
2962
2963
2967
3146
2961
2956
2962
2966
2969
2967
2968
3164
2968
3164
3192
2960
3179
2959
2967
2969
3187
3188
2956
2965
3150
2965
2964
2968
2965
2964
2967
2958
2963
2961
3163
2964
3145
2965
2965
2962
2956
2965
2956
3124
2968
2972
2968
2962
2960
2966
2964
2961
2962
2967
2955
2964
2962
3139
2965
2961
2966
2958
2961
2955
2963
2966
3179
2961
2954
2962
2955
2962
2958
2969
2961
2965
2961
3181
2963
2959
2971
3112
2964
2961
2975
3168
2963
2963
2972
3155
2959
2956
3124
2961
2968
3128
3124
2962
2955
2964
3164
3123
2960
2962
3165
2957
3168
2961
2963
2964
2960
2969
2956
2964
2960
2961
3194
2961
2964
2967
2970
2961
2971
2961
3172
3180
2961
3177
2961
2956
2967
2969
3178
3118
2961
2965
3122
3117
2966
2956
2961
2959
2961
2966
2969
3154
2956
3159
2958
2974
2962
2962
2964
2955
3148
2966
2968
2962
2955
2968
2956
3190
2961
2967
2973
3188
2968
2963
3193
2967
2965
2960
3272
3177
2955
2965
2960
3147
3116
3175
2985
2957
2964
3124
2961
2966
2970
2960
2963
2968
2957
2961
2960
3130
3128
2974
2971
2960
2965
2966
2965
2962
2962
2960
2961
2966
3200
3158
3182
2960
2961
3143
3177
2961
3207
2963
2962
2962
2965
3200
2964
2962
3207
2956
2966
3129
2963
3123
2956
2960
2967
2972
3126
2957
2963
2967
2974
2966
2956
2962
2960
2966
3163
2960
2967
2958
2968
2960
2971
2970
2975
2961
2956
2962
2965
3184
2961
2964
2961
2961
2970
2961
2961
2967
2962
2962
2971
3229
3126
2963
2967
2968
2966
3204
3125
2955
2962
3122
2962
3130
3127
2966
2965
2964
2961
2962
2967
2957
2965
3142
3114
2969
2966
3144
2957
2969
2956
2960
2960
2963
3136
2962
2965
2966
2962
2966
2967
3210
2964
2960
2961
2967
2971
2961
2960
3178
2966
2972
3211
2955
2962
2965
2966
2963
3222
2960
3234
2968
2956
3122
2960
2964
2967
2971
2961
2962
2961
2961
2969
2956
2964
3134
2962
2966
2958
3124
2960
2968
3132
3130
2963
2969
2975
2961
3134
3134
2963
2961
2955
2965
2969
2961
2961
2961
2966
2959
2968
3201
2963
3223
2956
2959
3125
2962
3137
2973
2968
2966
3205
2961
3123
2974
3201
2962
3137
2963
3132
2957
2968
2961
3129
2963
2964
2968
2962
3154
3184
3145
2962
2968
2968
3200
2965
2962
2964
2968
2969
2962
2962
2962
2956
2966
2969
2965
3212
2962
2968
2956
2963
2956
3153
2973
2966
2964
2962
2964
3158
2961
2967
2965
2956
2962
2962
2968
3109
2965
2961
2959
2969
3139
2963
2961
2962
2963
3138
2962
2973
2963
3153
2955
2961
2962
2967
2961
2956
2962
3203
2963
2971
2976
3191
2957
2962
2978
2965
3166
2971
2961
2955
2974
3152
2960
2973
2956
2967
2961
2968
2960
2963
2967
2967
3126
2960
3130
2960
2968
2971
2964
2961
2965
3148
2961
2967
2963
3148
2960
2955
3145
2965
2965
2962
2969
2967
2972
2962
2957
2968
2981
2962
2964
2963
3188
2956
2965
2960
2963
2961
2962
2961
2968
2962
2954
2964
2964
2969
2966
3249
2960
3185
2961
2964
3149
3128
2962
2966
2963
2961
3126
2963
2967
3122
2964
2962
2965
2961
2967
3139
2956
2962
2966
2964
2962
2971
2963
2964
2969
2958
2966
3185
2967
2963
3188
