3099
2884
3101
2876
2865
2875
3117
2869
2876
2876
3108
2868
2875
2876
2871
2872
2872
3020
2886
3039
3144
2871
2866
2874
2875
3026
2870
3042
2872
3038
2877
2872
2877
2876
2879
2876
2872
2876
2871
3054
3058
2878
2875
3054
2875
2873
2873
2868
2878
2875
2871
2875
2876
2874
2871
3113
2872
2879
2868
2880
2870
3103
2874
2868
3111
2871
2880
2867
3125
2870
2874
2871
2877
2881
2877
3124
3098
3172
2874
3158
2872
2876
2875
2876
2874
2874
2875
3048
2873
2878
2869
3039
2877
2877
2871
2870
2878
2869
3048
2867
2875
2873
2875
2868
2872
3051
2886
3051
2873
2878
2878
2873
3084
3058
2869
2874
2879
2875
2873
3092
2873
3114
2868
3104
3126
2875
2875
3039
3164
2875
2869
3048
2881
2889
3110
2879
2876
2871
2866
2877
2878
2870
2882
2873
3036
2868
2869
2871
3033
2878
2873
2874
2871
2877
2876
3064
2873
2874
2876
2877
3051
2872
3052
2874
3049
2878
2866
3077
2872
3092
2875
2872
2871
3156
2876
2874
3100
3165
3064
3109
3064
2876
2874
2867
2870
3033
2872
2874
2876
2873
2873
3037
2979
3037
3045
2874
2876
2875
2878
2865
3041
3057
3040
2876
2872
2879
2866
3075
3091
2873
2875
2871
3096
2872
2874
2868
2876
2876
3106
2879
2880
3096
2873
2875
2878
2875
2877
3092
2892
2876
2872
3093
2869
2873
3184
3077
2872
2874
2873
2875
3163
3103
2874
2879
2875
2877
3024
2873
2876
2872
2876
2877
2874
2873
2870
3036
2873
2874
2876
2873
2880
2869
3072
3086
2876
2879
2882
2875
2873
3083
3121
2870
2871
2874
2884
3164
2873
3115
2872
2871
2870
3102
2874
3101
2878
2867
3094
2875
3106
3035
2869
2880
2877
3040
2873
2871
2880
2873
2877
3074
2879
2876
2884
2874
2881
2877
2875
2899
2875
2876
2870
3075
2876
2869
3078
2873
2877
3078
3092
2881
2874
2878
2870
2882
2874
3081
3126
2875
3115
2872
2874
3111
2872
3142
2865
2871
2872
3093
3034
2876
2889
2875
2875
2878
3042
2887
2877
2883
2870
2877
2878
2877
3038
2877
2873
2876
3052
3081
3046
2870
2870
2877
2875
2875
2876
3057
2872
2876
2873
2881
2875
2877
2875
3124
2868
2875
2883
3134
2879
2875
2876
3114
3139
3037
2871
2873
2882
2874
2885
2875
2874
2879
2867
2875
2875
2878
2866
2878
2884
3027
2882
2871
2879
2878
3036
2869
3043
2866
2875
2874
2872
2870
3059
3033
2877
2877
2873
2878
3068
2876
2871
2873
3107
3086
2873
2874
2877
2874
2874
2872
2873
2868
2878
2887
2872
2877
2880
3144
2869
3128
3110
2881
2874
2873
2879
2880
2874
2867
2877
2873
3033
3037
3033
3045
2867
2872
2874
3039
2876
2874
3041
2873
2874
2871
3036
2874
2878
3064
2872
2877
2873
2873
2875
2870
2875
2873
2877
2869
2881
2873
3097
3141
3112
3143
2876
2878
2875
2884
2877
3085
2872
2867
2890
3039
2872
2878
2875
3045
2875
2878
2867
2875
2876
2877
3038
2875
2875
2871
3040
2880
2874
2878
3023
3047
2879
2875
2871
2878
3054
3030
2880
2872
3048
2877
3051
3105
3057
2873
2870
2877
2869
2869
2875
2871
2876
2878
3118
2877
2870
2873
2877
2874
3101
2870
3097
2877
2874
2878
2868
2877
2884
2873
3035
2877
2872
2875
3058
2874
2872
2873
3039
2870
2873
3034
3034
2873
2870
2878
2877
2874
2873
3022
2872
2876
2876
2871
2872
3053
2871
2876
2871
2876
2869
2876
3060
2874
2871
2874
2876
2879
2877
2876
3078
2870
2876
2875
2876
3103
2880
3127
2876
3093
2871
2871
3164
3122
3141
3062
2876
2878
2875
3050
2872
2873
3043
2876
2877
2888
3031
2875
3033
3066
3064
3066
2871
2875
2874
2876
3052
3064
2878
2872
2871
2872
3054
2883
2876
2871
3060
2873
2872
2875
2874
2873
2874
2872
2875
3088
3115
3134
2873
2877
2887
2872
2872
3182
3111
2873
2872
2872
3066
2874
2873
3032
2876
2869
3055
2874
2871
2870
2874
2878
2878
3027
2872
2883
2879
2865
3036
2875
2881
2877
2869
3047
2872
2875
2878
3050
2872
2872
2871
3067
2869
3053
2874
2874
3101
2873
3091
3128
3160
2883
2875
3104
2874
2870
2884
2875
3172
3082
2868
2872
2872
3080
2877
2879
2876
3078
2876
2877
2878
2882
2875
2877
2878
2872
2867
3040
2875
2873
2876
2874
2881
2877
2870
2874
2878
2873
2872
2873
2876
2875
3057
3096
2885
2875
3095
3076
2876
2874
3105
2878
3097
2875
2869
3167
2872
3160
2871
2880
2875
2865
2874
2873
3096
2878
2875
2871
2880
2882
2869
3029
3040
2871
3036
2878
3031
3079
3049
2873
2867
2876
2880
2876
2872
2879
2876
2884
3070
2873
3094
2878
2868
2885
3098
2874
2874
2874
2874
2877
2873
2874
2875
2874
2873
2870
2882
2879
3122
2872
2868
2933
2877
2875
2873
2877
2874
2872
2875
2878
2876
2876
2875
2874
2876
2885
2880
2874
2873
2875
3020
2875
2875
2873
2872
2883
2885
2875
2875
2869
2874
2878
2874
3132
2874
3108
2873
2873
2879
2877
3034
3041
2875
2871
2868
2878
2874
2873
2875
2872
2873
2875
3040
3097
3122
2882
2874
3083
3108
2875
2875
2880
3117
3112
2871
2880
2878
2875
3126
2871
2875
2868
3132
2875
2878
2874
2869
3034
2872
2876
3038
2876
2878
2876
2878
2873
2876
2874
2877
3055
2870
3057
3080
2871
2874
2869
3096
3094
2879
2877
3050
2873
2880
2875
3131
3099
2876
2874
2874
2866
3087
2875
3123
2877
2866
2876
2866
3123
2871
3137
2876
2872
2871
2875
2876
3034
2883
2874
2873
3025
2872
2869
2875
2875
3050
2878
2875
2876
2870
2876
3057
2878
2872
2878
2873
3061
3084
2864
3100
2873
3100
3137
2874
2876
3131
2874
2876
2875
2873
2877
2874
2871
2874
2874
2874
2881
2873
2875
2885
3041
2874
2873
2880
2869
2875
2875
3042
3044
2872
2879
2870
2875
2877
2876
3079
2868
3063
2876
2873
2883
