3124
2891
2879
2880
2887
2877
2888
2885
2883
3049
2887
2881
2892
2884
3047
3044
2877
2889
2882
2882
2885
2880
2881
2876
2882
2883
2882
2885
2884
2883
3095
2882
2884
2884
2887
2881
3074
2892
2897
2884
2880
3102
3137
2895
2883
2889
2882
2880
2891
2885
2884
2883
2883
2887
2882
2882
2881
3075
2891
2885
3036
3068
2885
2883
2878
2884
3062
2888
3070
3070
3061
2892
2888
2883
2883
3099
2883
2888
2877
2883
3140
2884
2899
2877
2889
2886
2883
2882
2887
2886
2878
3114
2897
2884
2890
2880
3074
2887
2883
2925
2886
2898
2885
2883
3047
3050
2887
2881
3034
2886
2882
2890
2881
2889
2877
2883
2889
2877
2890
2878
2891
2884
3077
3107
2888
2883
2892
2885
2884
2881
2884
2884
2886
3138
3057
2885
2888
2887
3049
3048
2896
2882
2896
3054
2877
3048
3074
3048
2882
2883
2888
2877
2884
2899
2886
2886
2884
2882
2901
2885
3115
3118
2888
2892
2891
2885
3108
2881
2882
2884
2881
2884
2889
2881
2886
2884
2882
2882
2884
2887
2881
3046
2893
2883
2882
2890
2888
2891
3051
2877
3052
2889
2892
2882
3035
2886
2895
2891
2881
2886
2885
2880
2885
2893
2884
2886
2887
3122
2883
3120
3083
2879
2884
2877
3182
2881
2883
2887
3188
2883
2890
2887
2890
2888
3046
2878
2880
3054
3037
2893
2895
2882
2877
2884
2889
2896
2882
3046
2882
2878
2883
2891
3055
2882
2883
2882
2887
2889
2887
2881
2890
2882
2889
2882
3124
3093
2892
2888
2878
3111
2882
3080
2892
2886
2883
2898
3048
2894
2895
2883
2891
2883
2901
2894
2904
2887
3046
2888
2882
2882
3045
2894
2882
2887
2883
2884
2884
2887
2879
2883
2896
3056
2885
3059
2882
3049
2891
2880
2887
3099
2882
2890
2883
2881
2889
2882
2877
3111
2877
2882
2887
2881
2882
2877
3136
2883
2884
2889
3045
2882
2881
2890
3043
2877
2882
2888
2882
3038
2879
2881
2877
2889
2882
2883
2882
3053
2888
2877
2884
3060
2883
2890
2885
2886
2877
2885
2877
2882
2883
2883
3113
2881
2890
2882
2883
3102
2882
2887
2879
2899
2881
2884
3135
2885
3132
2877
2888
3045
3131
2883
3123
2893
2883
2889
2892
2888
2890
3041
3052
2878
2884
2888
2888
2881
2883
2883
2884
2882
2883
2882
2877
2885
3090
2887
3075
2882
2893
2881
2882
2878
2887
2880
3062
2883
3067
2888
3149
2883
3104
2886
2884
2877
2886
3151
2884
2882
2882
3115
2877
3125
2883
3084
2882
2883
2883
2880
3049
2881
2880
2888
3041
2882
2881
2888
3059
2875
2882
2884
2881
2882
3057
3061
2875
2883
2880
2882
2883
2888
2879
2875
3102
3102
2881
2880
2876
2885
2887
2883
2879
2881
2881
2881
2886
2879
2880
2883
2882
2892
2886
3059
2889
2882
2875
2886
2891
2890
2881
2880
2886
2877
2883
2882
2882
2887
2881
2888
2877
2885
3064
2882
2882
2882
2882
2877
2887
2877
2887
3068
2896
2882
2877
2889
3109
2883
3117
2877
2887
2880
2882
2877
2883
2922
2886
2895
2883
2884
3063
3095
2882
2893
3061
2877
2883
2888
2885
2883
2887
2883
2882
2888
2885
3034
2886
2882
2893
2884
2886
2887
2879
2884
3076
2890
2897
2882
2883
3066
2883
2877
2887
2881
2883
3107
2882
3111
2879
2890
3148
3111
2892
2879
3137
2885
3173
2883
2883
2888
2877
3065
2887
3082
2887
2883
2883
2877
2883
2877
2886
2882
3046
2886
2883
2887
2882
2883
2888
2890
3061
2886
2883
2877
2896
2882
2881
2889
3059
2891
3065
2885
2876
2882
2888
2888
2883
2878
3111
3187
2883
2886
2883
2884
2888
3150
2884
2882
2881
2878
2893
2878
3096
2885
3072
2886
2887
2891
2890
3040
2892
2883
3050
2883
2884
2883
2878
3072
2878
2883
2883
2890
2882
2886
2882
2882
2888
2882
2885
2895
2886
2885
2883
2884
2877
2891
3177
2888
2889
2877
2895
2884
3189
2883
2885
2885
2881
3073
3042
3085
2888
3043
2882
2885
2881
2885
2877
3041
3080
2883
2882
2889
2883
2877
2882
2889
2883
2882
2884
3053
2878
2885
2882
2883
3122
2879
2884
2877
2896
2896
3118
2887
2888
2890
2883
2883
3109
2878
2883
2893
2891
2886
2889
2882
2890
2885
3040
2885
2890
2889
2893
2888
3044
2888
2885
2881
2877
2884
2881
2888
2891
2882
3068
2879
2889
2882
2886
2882
2889
2892
2892
2883
2880
2888
2898
2885
3079
2885
2889
2881
2885
2885
3080
2889
2885
3140
2894
2885
2881
2893
3042
2883
2884
2883
2889
2879
2885
2879
2883
2879
2890
2885
2882
2883
2885
2883
2878
2883
2887
3036
2887
2881
2882
2896
2892
2877
2889
2882
3055
3107
2879
2888
3099
2883
2893
2886
2882
2878
2884
3200
2892
2883
2891
2884
2895
2884
2878
2890
3138
3137
2883
2878
2896
2883
2885
2883
2880
2883
2878
3034
2883
2883
2888
2882
2887
2885
2883
2883
2890
2887
2889
2884
2880
3036
2890
2898
3065
2882
2883
2888
2893
2892
2878
3118
2889
2887
3144
2878
2882
2878
2884
2881
3150
2882
2881
3138
2877
2886
2887
2887
2886
2882
2887
2878
2882
2887
3048
2890
2881
3058
2893
2889
2881
3068
2886
2888
2890
2893
2880
3045
2880
2889
2881
2885
3100
2891
2882
2882
2886
3105
3102
2891
2882
2884
2882
2883
3118
2884
2885
2891
2895
2883
2887
2883
2877
3053
2879
2887
3057
2890
2888
2891
2897
2883
3049
2878
2884
2882
2884
2888
2892
2886
2884
2882
2877
2888
2883
2884
2888
2894
2891
2881
2882
2899
2884
2883
2889
2884
3047
2889
2884
2886
2877
3119
3102
2880
3096
2877
2888
2883
3128
2883
2882
2890
2877
2888
2879
3134
2885
2887
3056
2878
3047
2889
2888
3031
2886
2887
2883
2886
2882
3047
2883
2883
2891
2877
2892
2877
2884
2883
2882
2883
2889
2889
2883
3066
2886
2887
3072
2885
2883
2889
2884
2878
2889
3105
2882
2884
3060
2891
2886
2884
2882
2884
