2981
2974
2955
2965
2960
2967
3142
2962
2961
3130
2961
2958
2964
2962
3129
2967
2957
3130
2959
3140
2970
2953
2961
2961
3172
2960
2955
2960
2957
2959
2968
3197
2965
2959
2960
2953
2971
2958
2959
2959
2955
2960
2959
2959
3112
2961
2968
2958
3112
2959
2957
2972
2955
3132
2960
3149
2963
2965
2964
2963
2962
2962
2969
2960
2961
2965
2956
2970
2967
2963
2967
2962
2971
2964
2963
3139
2963
2972
2955
3230
3133
2961
2972
2963
2963
2962
3137
3129
2955
2963
2961
2960
2974
2958
2964
2960
3157
3142
2968
2961
2960
3148
2963
3143
3150
3176
2961
2966
2959
3197
2977
2962
2960
2970
3244
2971
2961
2967
2966
2964
2963
3167
2961
2968
3117
2964
2962
2960
2969
2962
2976
3113
2963
2968
3133
2970
2968
2961
2961
2962
3192
2968
2967
3164
2960
2960
3202
3232
2967
2964
2956
2963
2959
2968
2961
3233
3171
2956
2963
2959
3153
2961
2960
2959
2968
2970
3129
3132
2961
2973
2969
3146
2962
2961
2969
3134
2966
2965
2971
3149
2965
3144
2960
2972
2977
2959
3194
2966
2959
2964
2963
2956
2961
2965
2968
2959
2954
2959
2962
2965
2973
2957
2963
2953
2961
3113
3127
2969
2954
2963
2966
2959
2969
2959
2963
2963
2963
3206
2983
3197
2960
2961
2962
2964
3185
2953
2964
2959
2960
3178
3203
2960
2961
2960
2961
2965
2968
2959
2959
2960
3151
2968
3120
2962
2961
2956
2964
2959
2962
2959
3129
2970
3172
3162
2969
2955
2959
2961
2961
2970
2960
2965
3167
2962
2959
2968
2962
3193
2965
2958
2970
2958
2965
2959
3201
3162
2959
2961
2971
3203
3118
2960
2960
2964
2958
2964
2967
2972
2959
2965
2961
2958
2963
2966
3152
3181
2956
2963
3174
2960
2969
2961
2960
2959
2962
2964
2964
2964
2968
2961
2970
3035
2959
2958
2966
2955
2959
2961
2961
2954
2965
2963
2965
2955
3221
2967
2964
2964
2954
3213
2964
2965
3120
2959
2968
2961
2971
2963
2957
2967
2960
3126
2961
2959
2969
2970
2960
2959
3149
2965
2960
2959
2961
2953
3217
2964
2977
2962
2956
2962
2974
2962
2967
2970
2962
3126
2964
2959
2960
2961
2955
2973
2980
3127
3126
2957
2965
2968
2972
3148
2960
2966
2957
2966
2953
2963
2963
3158
2965
2957
2962
2972
2967
2963
2959
2970
2998
2961
2961
2957
2963
2964
2974
2966
2963
2962
2959
3129
2955
2970
3114
2960
2963
2963
2967
2961
2961
2959
2953
2969
3141
2960
2963
2974
2971
2959
2958
2961
2974
2966
3173
3216
2961
2968
2961
3207
2956
2959
2971
2960
2961
3124
2959
2974
2959
2961
2962
3131
2968
2966
2969
3117
3130
2968
2968
2968
2965
3147
2966
2955
2961
2959
2960
2966
2965
2960
2957
3183
2970
2974
2967
3129
2964
2961
2968
2966
2957
3136
2965
2967
2964
2962
3125
2963
2968
2959
2960
2962
2968
2969
2962
2962
2966
2961
2964
2959
2962
3177
2961
2960
2959
3172
2962
2962
3185
2968
2962
2965
3183
2969
2956
2963
3135
2960
2961
2960
2961
3126
3129
2967
2960
2976
2959
3130
2968
2953
2964
2962
3158
2966
2959
2964
2960
2959
2959
2836
2968
2966
2965
2970
2963
2972
2960
2959
2955
2964
3245
2961
2966
3098
3236
2960
2967
2960
2955
3131
2967
2972
2965
2954
3122
2969
2971
2965
3130
2966
2953
2960
2959
3164
2966
2959
2960
2962
3146
2967
2965
2968
2961
3157
2968
2963
2960
2963
2972
2962
2974
2967
2955
3150
2967
2964
2959
2954
3207
2969
2967
2964
2959
3111
2960
2962
2960
2957
2964
2966
2959
2959
2967
2961
2970
2968
2964
2960
3161
2967
2969
3196
2954
2960
2962
2967
2967
2965
3238
2955
2959
2970
3035
2964
2961
3154
2980
2968
2957
2963
2959
2959
2954
2965
2955
2968
2959
2965
2952
2959
2957
2967
2954
2958
2953
2962
2954
2969
2954
2960
2960
2958
2956
2972
2956
2962
2957
2963
2971
2968
2959
2959
2968
2959
2959
2970
2960
2960
2963
2959
2967
2963
2960
2960
2964
2960
2959
2966
2958
3152
2961
2954
2961
2966
2959
2961
3067
2960
2959
2961
2961
3131
2958
2956
2962
2972
2965
2964
2954
2960
2970
3188
2971
2962
2959
2956
2960
2973
3180
3281
2974
2966
3192
2959
2967
2961
2972
2976
2967
2966
2961
2961
3129
2964
2968
2960
3118
2968
3125
2969
2968
2964
3167
3158
2966
2964
2959
3172
2960
2959
2969
2960
2954
2957
2978
2965
2958
2952
3193
2963
2962
2958
3190
2958
2962
2960
2958
2968
3121
2957
2957
2959
2951
3126
2964
2956
2960
2957
3151
2968
2968
2959
2964
2965
2962
2958
2962
2958
2962
2952
2965
3272
3175
2957
2952
2958
2953
2970
2956
3185
3167
2958
2959
2964
2965
2959
2959
2962
3120
2970
2957
2955
2960
3128
2960
2964
2958
2958
3142
2957
2965
2966
3169
2998
2965
2957
2957
2961
2961
2972
3185
2960
2964
2965
2967
2965
2966
2959
3172
2970
2965
2967
2959
3227
2967
2955
2962
2959
2966
2971
3133
2962
2960
3130
2964
2960
2958
2963
2966
2962
3164
2977
2959
2954
2961
2960
2966
2962
2954
2959
2958
2960
2960
2959
2967
2958
2972
2962
3219
3124
2968
2960
2954
3116
3126
2968
2961
2957
2959
2959
2965
3131
2961
2959
2966
3125
2962
2955
2967
2975
2960
2962
2959
3181
2969
2960
2958
2959
3192
2958
2970
3206
2953
2961
2961
2972
2965
2960
2962
2954
2969
2968
2959
2961
2956
2967
2959
2964
2961
2962
2966
2953
2959
2954
3129
2985
2974
2961
2954
2963
2965
3156
2967
2969
2959
3190
2959
2968
2971
2966
3136
2959
2967
2974
3233
2974
2967
2961
2966
2963
2962
2971
2962
2967
2968
2962
3135
3122
2972
3129
3121
2967
3110
2960
2968
3140
2962
2962
2962
2976
2975
3174
2968
2958
2968
2968
2959
2960
3186
2954
2967
2958
2959
3213
2953
2969
2959
2960
2960
2960
2959
2967
3129
2962
