2897
2884
2882
2885
2888
2885
2886
2887
2884
2881
2884
2879
2882
2891
2889
2890
2881
2883
2886
2892
2882
2879
2881
2879
2884
2880
2881
2888
2885
2887
2882
2885
2882
2884
2886
2878
2881
2882
2880
2880
2884
2889
2924
2888
2880
2880
2881
2881
2889
2879
2882
2881
2885
2881
2883
2905
2889
2887
2884
2897
2894
2885
2882
2879
2879
2880
2880
2881
2880
2886
2880
2884
2880
2881
2882
2880
2887
2883
2884
2880
2888
2880
2888
2888
2885
2896
2892
2887
2889
2887
2888
2881
2881
2887
2886
2880
2887
2883
2883
2884
2878
2883
2879
2884
2886
2882
2879
2887
2888
2887
2880
2880
2879
2889
2890
2880
2884
2884
2881
2887
2886
2888
2886
2886
2882
2881
2883
2888
2881
2882
2887
2882
2878
2891
2884
2892
2879
2884
2888
2884
2886
2900
2885
2880
2875
2885
2875
2890
2885
2886
2875
2886
2876
2881
2875
2886
2880
2886
2877
2885
2875
2880
2874
2889
2875
2879
2875
2880
2876
2887
2880
2889
2875
2882
2875
2885
2876
2881
2875
2882
2876
2897
2880
2897
2893
2889
2887
2881
2881
2880
2886
2884
2886
2884
2886
2888
2884
2881
2886
2888
2886
2889
2880
2886
2888
2883
2885
2884
2880
2883
2892
2887
2880
2880
2885
2887
2879
2886
2879
2881
2890
2885
2927
2884
2880
2880
2886
2891
2886
2886
2885
2888
2882
2880
2891
2888
2881
2879
2885
2895
2886
2885
2885
2880
2882
2888
2879
2878
2896
2882
2880
2876
2887
2882
2890
2882
2887
2883
2893
2876
2890
2876
2890
2877
2881
2874
2880
2876
2889
2874
2886
2877
2883
2876
2892
2876
2887
2876
2880
2874
2887
2875
2886
2875
2891
2875
2885
2875
2878
2874
2887
2875
2892
2875
2880
2875
2885
2875
2893
2877
2887
2875
2891
2875
2890
2876
2883
2876
2892
2875
2890
2877
2891
2884
2896
2886
2887
2890
2880
2886
2889
2887
2881
2879
2880
2889
2887
2887
2881
2880
2880
2891
2887
2888
2886
2882
2881
2889
2887
2887
2888
2887
2883
2887
2890
2881
2885
2879
2879
2890
2885
2888
2893
2880
2881
2886
2885
2887
2882
2883
2880
2887
2894
2885
2886
2881
2888
2886
2890
2880
2887
2880
2879
2887
2892
2889
2883
2884
2881
2880
2880
2880
2879
2887
2891
2887
2880
2884
2879
2886
2884
2887
2892
2884
2880
2886
2883
2880
2898
2890
2898
2880
2876
2889
2887
2879
2887
2882
2886
2888
2886
2886
2879
2884
2879
2896
2886
2887
2876
2881
2877
2884
2875
2886
2880
2880
2875
2888
2875
2880
2874
2882
2875
2886
2876
2889
2874
2881
2875
2885
2879
2887
2875
2881
2874
2884
2875
2887
2875
2881
2874
2894
2875
2879
2874
2882
2875
2886
2875
2881
2875
2881
2874
2889
2875
2887
2874
2881
2875
2888
2888
2875
2881
2876
2885
2876
2886
2877
2892
2875
2878
2874
2881
2880
2885
2875
2890
2876
2885
2874
2886
2876
2879
2876
2889
2875
2886
2876
2880
2877
2889
2875
2885
2875
2879
2875
2886
2880
2885
2875
2880
2875
2886
2877
2891
2883
2884
2932
2884
2906
2887
2884
2887
2883
2886
2888
2897
2888
2898
2883
2874
2886
2882
2885
2880
2883
2875
2887
2874
2886
2876
2883
2875
2888
2874
2878
2875
2910
2875
2880
2874
2880
2875
2885
2883
2890
2879
2886
2886
2885
2889
2885
2885
2884
2879
2881
2885
2890
2879
2897
2882
2882
2887
2880
2886
2879
2880
2882
2893
2893
2886
2880
2880
2883
2886
2890
2880
2886
2881
2887
2893
2894
2880
2884
2883
2881
2891
2886
2882
2880
2888
2885
2891
2880
2879
2879
2892
2884
2885
2890
2884
2883
2886
2885
2887
2888
2887
2881
2881
2896
2880
2882
2888
2885
2888
2881
2880
2885
2888
2885
2880
2878
2889
2886
2880
2886
2882
2881
2887
2886
2886
2881
2881
2880
2886
2886
2884
2886
2880
2881
2889
2886
2880
2882
2881
2895
2892
2881
2887
2882
2891
2881
2880
2884
2890
2885
2881
2889
2881
2879
2893
2888
2894
2887
2880
2885
2891
2885
2887
2879
2880
2878
2887
2887
2886
2877
2879
2879
2886
2885
2885
2881
2888
2875
2890
2874
2884
2874
2881
2878
2891
2875
2884
2876
2890
2875
2886
2875
2881
2875
2888
2879
2885
2879
2880
2894
2887
2887
2887
2887
2887
2890
2884
2880
2880
2885
2888
2881
2889
2886
2889
2886
2885
2879
2880
2886
2887
2887
2889
2881
2881
2888
2886
2879
2889
2881
2886
2886
2887
2881
2881
2887
2889
2886
2885
2880
2880
2892
2886
2885
2881
2881
2891
2891
2887
2888
2887
2881
2881
2885
2887
2888
2885
2881
2882
2886
2887
2880
2889
2881
2880
2887
2894
2886
2894
2890
2884
2879
2882
2889
2885
2887
2882
2880
2879
2884
2883
2888
2889
2881
2879
2889
2887
2880
2890
2881
2879
2886
2890
2887
2880
2880
2881
2894
2887
2891
2880
2883
2879
2894
2892
2887
2887
2881
2878
2889
2893
2882
2875
2892
2875
2891
2875
2881
2874
2881
2875
2887
2874
2891
2875
2881
2874
2889
2875
2885
2875
2887
2875
2887
2875
2880
2875
2889
2874
2888
2875
2881
2879
2881
2891
2887
2886
2884
2879
2881
2888
2886
2893
2892
2881
2891
2883
2882
2887
2886
2888
2887
2887
2881
2886
2886
2880
2895
2880
2880
2887
2891
2888
2880
2881
2880
2886
2888
2880
2880
2885
2883
2896
2881
2879
2886
2882
2888
2884
2885
2880
2887
2882
2887
2885
2881
2894
2886
2885
2882
2886
2882
2880
2888
2894
2886
2885
2881
2887
2881
2885
2887
2883
2891
2882
2885
2885
2888
2886
2887
2886
2886
2885
2887
2883
2886
2879
2886
2885
2886
2886
2881
2895
2883
2885
2882
2887
2880
2881
2888
2894
2881
2883
2885
2879
2887
2887
2887
2882
2879
2880
2887
2893
2885
2886
2895
2880
2887
2886
2879
2889
2882
2887
2886
2885
2881
2880
2886
2885
2892
2892
2886
2886
2881
2878
2885
2879
2885
2884
2889
2886
2889
2880
2882
