773
774
757
766
760
757
945
756
756
757
760
947
756
758
757
759
941
758
759
763
756
929
758
759
766
758
759
759
760
758
757
756
757
758
919
758
756
757
759
768
758
767
760
759
760
757
761
759
759
761
760
756
758
760
762
759
758
930
757
755
762
758
760
759
756
757
758
767
757
757
758
756
762
761
763
762
755
757
756
757
758
758
768
758
758
757
757
767
757
767
757
756
757
758
763
757
756
763
757
758
759
756
759
757
765
757
758
761
756
759
757
759
762
757
756
760
757
758
757
763
759
757
762
757
756
757
756
768
761
757
758
758
916
758
760
757
757
757
760
918
756
758
757
759
915
759
759
758
756
761
759
758
757
757
762
756
760
758
756
765
757
758
757
757
762
759
759
760
758
768
757
756
760
759
757
759
758
757
760
759
758
756
756
760
763
756
759
757
758
918
763
758
758
756
768
757
757
759
757
920
756
757
759
758
930
756
759
758
758
766
756
756
760
760
762
757
756
758
759
763
760
757
918
757
923
758
757
760
756
762
756
758
757
756
762
757
761
757
757
767
757
766
759
758
766
759
757
758
756
761
757
756
758
760
760
759
1020
756
757
759
759
766
758
763
776
759
759
757
759
769
757
764
759
757
758
756
1003
757
757
756
756
763
756
760
757
761
767
758
757
759
757
759
757
761
757
756
757
758
762
756
757
760
756
757
756
762
760
759
759
758
762
757
756
767
758
758
757
758
762
760
757
757
757
762
758
756
759
756
762
757
758
757
759
975
757
756
757
757
762
757
757
762
758
756
757
759
767
758
756
757
756
760
758
764
760
757
770
758
766
757
758
980
757
759
759
759
761
756
760
758
758
770
757
757
763
758
757
760
760
763
756
759
759
759
762
759
760
757
759
761
757
760
763
757
757
758
756
763
758
756
758
756
761
761
756
767
756
756
758
756
758
759
756
945
756
763
757
756
758
756
932
758
758
756
759
762
757
757
758
757
938
759
761
759
759
763
758
759
759
757
771
757
762
758
759
761
757
763
757
757
762
760
759
758
760
767
758
759
757
757
763
757
758
946
758
757
757
761
964
757
768
758
757
759
758
763
759
756
759
756
756
758
756
762
757
758
759
758
762
759
756
757
757
969
761
759
759
756
761
756
759
757
757
949
756
756
756
764
768
757
756
759
757
761
756
760
758
758
941
757
757
758
756
761
758
756
760
759
761
757
756
760
760
767
756
758
757
756
760
759
756
760
758
760
757
757
768
759
760
757
757
977
761
762
760
757
760
757
763
758
757
759
756
763
759
757
757
758
762
757
758
757
760
763
757
757
759
757
768
756
756
995
757
760
760
757
979
756
761
758
757
763
758
767
758
757
757
761
759
757
758
761
756
756
755
758
765
757
766
758
761
764
757
757
763
757
758
757
757
767
757
757
758
757
763
756
756
758
758
763
757
759
761
758
982
759
756
759
758
765
757
757
757
756
756
760
759
767
756
756
756
757
762
757
759
759
757
761
757
757
760
757
757
757
760
758
758
760
758
758
759
758
763
758
759
769
756
766
758
757
761
757
758
761
757
762
756
756
757
757
769
759
759
758
765
763
757
758
757
756
762
759
766
759
756
767
757
765
757
757
758
757
761
757
756
757
759
764
756
757
762
762
757
758
758
923
758
759
759
757
762
759
757
758
757
767
758
757
758
759
762
757
758
758
757
764
757
757
759
759
766
758
756
763
756
758
756
757
762
757
758
758
757
917
757
756
759
756
762
757
757
761
759
759
758
758
935
756
759
759
757
761
756
761
759
757
761
757
757
758
757
767
756
756
771
759
757
760
758
768
757
757
757
756
942
758
760
758
757
760
757
757
761
759
758
758
758
762
759
757
758
757
769
757
763
760
757
758
758
943
757
757
758
757
762
756
756
757
756
767
757
764
757
757
764
757
756
757
757
762
758
759
757
757
763
760
756
757
758
769
757
760
760
757
764
757
761
760
756
767
757
756
756
756
763
759
758
765
757
932
760
757
756
759
763
756
756
759
757
935
756
758
757
759
763
763
756
756
756
763
760
756
759
756
761
760
757
757
757
761
764
756
757
756
759
759
757
762
756
759
758
759
776
759
760
759
756
762
756
756
758
757
761
760
756
760
758
762
756
757
761
757
760
759
758
764
757
763
757
759
759
757
756
757
756
767
757
759
1029
756
761
759
756
757
758
762
759
756
756
758
765
756
758
757
756
761
763
757
1002
757
769
757
758
759
756
762
760
759
758
760
756
760
757
766
756
768
757
757
757
757
