3099
2896
2885
2887
2894
2898
3181
2881
2887
2887
2889
2887
2886
2885
2882
2893
2899
2883
2890
2885
3053
2890
2890
2886
3049
2890
2881
2888
3091
2886
2886
2889
2885
2885
2891
2892
2886
2886
2884
2887
2884
2886
2882
3094
2887
2897
2885
2887
3120
2885
2891
2882
2887
2886
2886
2894
2879
3115
2890
2885
2884
2879
3080
2889
2886
2888
2880
3053
2886
2913
3051
2884
2884
2879
2890
2884
2885
2885
2890
3092
3053
2891
3111
2885
2891
2884
2887
2879
3070
2885
2885
2888
3096
2891
3195
2885
2884
2883
2884
2883
2890
2879
3117
2884
2884
2889
2897
3118
3050
2887
2886
2888
3043
2886
3047
2888
2880
3046
2879
2892
3091
2888
3091
2893
2885
2884
2883
2885
3039
2894
2886
2885
2884
2886
2883
2884
2889
2891
2885
2879
2884
2895
2888
2886
2892
2885
2882
2886
2884
2887
2891
2879
3112
2889
3141
2889
2886
2885
2880
2885
2889
3050
2891
2890
3051
2881
2890
2880
3058
2882
2888
2884
2894
2891
2886
3047
2886
2884
2879
2885
2890
2890
3094
2883
2884
2888
2888
2889
2886
2892
2884
2891
3139
2886
2884
2894
2885
2879
2890
2890
2884
2889
2891
2884
2880
2886
2894
2893
3043
2880
2889
2885
2884
2883
2879
2885
3049
2893
2885
3056
2890
2889
3071
2880
2886
3085
2887
2885
2880
2884
2886
2885
3118
3060
2885
2885
3099
2883
2883
2890
2887
2887
2883
2891
2894
2883
2885
2883
2893
3043
2885
2888
2884
2890
2880
2886
3040
2884
2889
2883
2884
2880
2884
2884
2883
2886
3060
2890
3052
2885
2889
2885
2890
2888
2884
3054
3065
2879
2890
3128
2891
2885
2885
2890
2888
2885
2882
2886
2891
2890
2885
2885
2889
2879
3148
2890
2888
2890
2878
2892
3047
3053
2890
2877
2880
2883
3048
2890
3057
2884
2890
2880
2891
2885
2886
3061
2886
2891
2886
3057
2880
2887
2884
2883
2884
2883
2891
2879
2887
2880
3093
2891
2891
3107
2883
2887
2888
2884
3127
2884
3077
2886
2895
2880
3116
3145
2885
2890
2886
2888
2885
2892
2884
2885
3053
2884
3050
2887
2884
2885
2884
2890
2886
2885
2883
2886
2886
2893
2885
3044
2919
2881
2890
2883
3067
2884
3059
3096
3106
2885
2884
2886
2884
2884
2894
2880
3100
2885
3100
2889
2879
2888
2884
2889
2884
3145
2884
2879
2885
3050
3052
2890
2889
2885
3083
2879
2884
3059
3067
2885
3071
2890
2880
2886
2879
3064
3076
2892
2887
2879
2886
2892
2892
3114
2884
2883
2885
2889
2887
3112
2885
2884
2883
2888
2887
2885
2884
2891
2889
2884
2879
2889
2890
2890
3049
2884
2885
2879
2889
2883
2889
2885
2890
2885
2880
2885
2884
2884
2891
2884
2885
2889
2884
2885
2888
2884
2880
3093
2891
2894
2883
3100
3107
2885
2884
2888
3109
2891
2884
2884
2885
2881
2892
3126
2889
2880
3053
3052
2884
2884
3040
2886
3038
2884
2885
2886
2888
2884
3046
2885
2881
2887
3108
2885
2883
3072
2893
3071
2885
3100
3079
2892
2879
2884
2884
3118
2888
2880
2886
2880
2886
2887
2884
2890
2886
2887
2882
2894
2880
3106
2884
2885
2893
3129
2890
2885
2887
2888
2810
2884
2884
2883
2890
2884
2885
2880
3093
2879
2890
3123
2883
2888
2880
2885
2884
2887
3101
2880
2887
2885
2883
2889
2886
3179
2879
2890
2891
2892
2884
2886
3093
2879
2889
2891
2889
2885
2888
2885
2892
2885
2889
2888
2884
2885
2893
2883
2894
3041
2885
2880
2892
2885
2886
3078
3050
2890
2884
3084
2879
3072
2890
2881
2885
3116
3102
2885
2883
2890
2883
2887
2880
2887
2890
2893
2885
2884
3081
2880
2889
2880
2884
3115
2886
2890
2889
3100
2884
2885
2889
2891
2885
2883
2888
2890
2884
2885
2887
2891
2880
3043
2884
3050
2883
2889
2885
2884
2886
2891
2886
2886
2885
3095
2881
2890
2883
2886
3088
2885
2891
2890
2890
3137
2884
2884
2896
2883
2884
3098
2884
2906
2888
2889
2886
2892
2884
3035
3140
2884
2889
2890
3056
2878
2892
2883
2888
2892
2886
2884
2887
2890
3047
2885
3045
2899
2888
3052
3075
3055
2883
2885
2891
3114
3107
2885
2881
2893
2885
3109
2885
2884
2891
2879
2887
2884
2883
3144
2885
2885
2885
2884
2885
2892
2880
3139
2886
3061
2885
2882
3038
3052
2894
2886
2879
2887
2892
2892
3047
3045
2885
2886
2889
2884
2886
2887
2890
2890
2880
2884
2892
2897
3093
2884
2885
2879
2891
2883
3108
2885
2881
2888
2884
2887
3058
3109
2889
3189
3145
2887
2884
2888
2888
2887
2880
2883
2884
3051
3053
2880
2900
3053
2891
2884
2886
2884
2883
2889
2885
2887
3060
2884
2889
2891
2885
2879
2886
2890
2892
3108
3068
2887
2892
2887
2894
3096
2883
2880
3096
2885
2885
2886
3109
3131
3059
2885
2883
2887
2884
2924
2884
3049
2880
2883
2884
3057
2890
2885
3060
2885
2885
3064
2887
2884
2885
2890
2891
2890
3088
2879
2886
2885
3090
2885
2884
2889
2889
2891
3119
2884
2887
2884
2889
3055
2884
2890
2886
2884
3163
3059
2880
2883
2885
3043
2887
2884
2895
2889
2890
2879
2884
2891
2889
2887
2944
2886
2893
2895
3070
3055
2893
2888
2892
2885
3055
2892
2885
2889
2885
3087
3111
2888
3112
2881
2884
2884
2887
2892
2890
2886
2883
2885
2884
3063
2907
2892
2885
2883
2888
3037
2897
2884
2887
3042
2879
2890
3070
3045
2884
2879
2886
2879
2884
2884
2885
2889
3044
2884
3042
3061
2883
2888
2888
2885
3084
2884
2890
2880
2892
2880
2884
2889
2893
2885
3116
2885
2880
2894
2880
2885
2885
3103
2890
2889
2884
3101
3114
2883
3177
2884
2879
3078
2879
2887
2884
3073
2884
2886
2885
2885
2886
2878
2889
2893
2888
3037
2885
3047
2879
2886
2885
3042
2885
2883
2889
2884
2884
2886
2884
2890
2880
2885
2884
2884
2890
2888
3117
2879
3110
3103
2884
2897
