2993
2995
2967
2965
2970
2959
2968
2980
2969
2965
2967
2966
2967
2971
2976
2968
2971
2967
2972
2973
2975
2962
2968
2972
2973
3130
3143
2967
2965
2973
3144
3133
2972
2962
2972
2972
2967
2966
2967
2973
2963
3153
3146
2964
2975
2973
2969
2966
2968
3190
2979
2968
2962
2968
2972
2971
2968
2961
2967
3164
2974
3143
3218
2978
3134
2966
2967
2968
2969
2971
2973
2968
2969
2978
2981
3115
2961
2966
2974
2972
2966
3136
2970
2969
2977
3182
2976
2968
2967
2966
2973
2967
3197
3176
2972
3204
2971
2968
2964
2978
3196
3188
2974
2971
2968
2962
3145
2976
2973
2983
2970
2967
3168
2972
2967
2967
3131
3125
3136
2981
2974
3150
2967
3152
3198
2965
3173
2964
2970
3190
2966
3190
2968
3190
2975
3176
3190
2962
3249
2967
3167
2978
2966
2966
2968
2970
2973
2974
2968
3155
2971
2969
3128
2971
2970
2975
2966
2968
2968
2966
2968
2962
3174
3174
2968
2966
2963
2967
3196
2975
3203
3193
3183
2967
2973
2967
2968
2967
2966
2977
2962
2972
2967
2978
3195
2974
2969
2969
2976
2967
3164
2971
3188
2972
2963
2968
2971
3131
3123
2962
2975
2967
3136
2967
2979
3161
2975
2983
2969
2967
2969
2970
2971
2973
2978
2967
2970
2969
2969
2969
2972
2975
2972
3176
2977
2966
3274
2969
2968
3181
2962
2976
2966
2966
2967
2979
2977
2971
3132
2977
2971
3129
3136
2982
3172
2970
2969
2967
2975
2961
2966
2961
2968
2962
2975
3166
3143
2972
2991
2974
3187
3162
2970
2966
2976
2969
3212
2974
2966
2974
3236
2972
2971
3182
3040
2972
2969
2962
2967
2966
3223
2967
2967
2974
2973
3125
2966
2968
2973
2966
2968
2973
2972
3124
2969
2964
2969
2983
3119
2967
2969
2977
2970
2969
3139
2973
2967
2974
2969
2971
3184
3142
3149
2976
3184
3235
2963
2972
2967
2975
2969
2967
2968
2968
3210
2968
2966
2975
2962
2966
2972
3226
2971
2974
2967
2966
3123
2972
2973
2966
2971
2967
2961
2977
2966
2966
2972
3138
2973
2972
2967
3121
2970
2974
2973
2983
2961
3159
2963
2969
2969
2976
2967
2966
3190
2975
2967
2965
2970
3227
2966
2970
2977
2968
2976
2975
3150
3193
2976
2963
2972
3134
2967
2968
2972
2973
2961
2968
2963
2973
2964
3138
3131
2976
3121
2970
3136
2962
3133
2978
2973
2967
3135
2969
2967
3136
2973
2967
2968
2970
3137
3181
2968
2974
2970
2969
2965
2970
2973
2967
3201
2968
3178
2959
3212
2972
2972
2971
2967
2979
2961
2973
2966
2965
2972
2974
2979
2966
2969
2972
2971
2969
2965
2973
2967
2963
2968
2961
2973
3152
3127
2966
2968
3151
3163
2968
2965
2965
2972
2967
2966
2967
2965
2961
2969
2964
2967
3207
2970
2971
2961
2972
3227
3198
3226
2968
3257
2972
2967
2974
3241
3136
2974
2968
2964
2965
2968
2968
2967
2969
2973
2973
2973
2964
2971
2968
2968
2973
2973
3144
3048
2974
2972
2973
3152
2966
3154
2973
2970
2966
2968
2974
3152
3154
2966
2970
2968
2975
3213
2967
2976
2971
3222
3154
2963
2980
3137
2967
2966
2969
2976
2963
2971
3133
2972
2972
3127
2966
2969
2969
2975
2973
2973
2969
2968
2972
3152
2965
3120
2972
2971
3145
2967
2971
2964
2967
2977
2972
2969
2961
2970
2974
2970
2965
3171
2969
2968
2967
2971
3201
2969
3188
2972
2971
2967
2967
2968
3137
2973
2968
2969
3135
2962
2968
2966
3159
2967
2970
2969
3132
2966
2981
2967
2970
2968
2966
2963
3045
2968
2968
2966
2963
2978
3158
2971
2968
2961
3194
2969
2970
2967
2967
2973
2963
2969
2973
2967
2973
2975
2968
3223
2966
2964
3263
2969
2964
2978
2962
2967
3128
3171
2973
2972
2971
2966
3133
2972
2975
2972
3132
2966
2974
2970
3159
2974
3172
2968
2966
2974
3165
2964
2966
2978
3163
3198
2967
3183
2971
2967
2967
2961
3194
3254
2971
2970
2970
3189
2976
2968
3187
2967
2968
2974
2970
3133
3269
2970
2967
2966
3129
2971
2967
2967
2970
2975
3128
2966
2980
2972
2969
2978
2962
2976
3205
2967
2970
2971
2973
2963
3178
2973
2974
2974
3168
2970
2974
2968
2974
2969
2968
2973
2978
2969
3162
2968
2962
2969
2975
2976
2972
2962
2973
3134
2966
2970
2968
2972
2971
2967
2963
2977
2973
2977
2970
2968
2970
3145
2973
2972
2968
2975
3145
2983
2969
2973
2966
2976
2964
2976
2971
3148
2974
2974
2969
2974
2969
3289
2972
2969
2970
2978
2982
2972
3215
2970
2968
2971
2983
2971
3209
2974
2967
2967
3225
2973
2969
3131
2973
2968
3205
2974
2967
2968
2972
3100
2976
2971
2973
2968
3120
3142
2963
2968
2971
2969
2967
2975
2972
2970
2972
2963
2973
3172
2968
2978
2972
3180
2969
2974
3217
2975
3220
2967
2968
2973
2971
2968
2974
3210
3118
2974
2970
2967
3115
2973
2968
2962
2967
3125
3121
2970
2964
2970
2973
2971
2967
3137
3139
2965
2967
2967
2963
3156
2965
2968
2966
2967
2973
2973
2968
2962
2969
3208
2971
2975
3195
2974
2962
3177
2966
2975
3215
2973
3212
2966
2973
2970
2962
2967
2974
2968
2970
2962
2974
2961
3128
3125
3134
3145
2973
2970
2962
3137
2973
2970
3158
2965
3139
2975
3153
3191
2966
2994
2964
2967
2967
3175
2972
2969
3199
3109
2968
2973
2973
2967
2966
3143
2970
2969
2965
2966
3135
2967
2975
2971
2967
2965
2970
2962
3142
2967
2968
2968
2970
2970
2976
2973
2962
2976
3144
2973
3136
2973
2974
2973
3138
2963
3138
2972
2966
3145
2965
2968
2978
2970
2973
2970
2970
2962
2968
2970
2972
2971
2968
3192
3153
2976
2968
3185
3159
2970
2974
2974
2970
2963
2972
2973
3230
3141
2963
2968
2975
2968
2974
2977
2967
2980
2966
3138
2972
2965
2972
3165
3127
2976
2976
2970
2962
2971
2967
2968
2975
2967
3169
2962
3152
2972
2973
2969
2970
