2916
2880
2882
2888
2888
2888
2894
3064
2880
2889
2884
2894
2886
2884
2890
3064
2885
2878
2883
2899
2891
3078
2884
2883
2879
2882
2879
2884
2895
2889
2889
2881
2883
2878
2884
2884
2888
2886
3111
2893
2880
2888
2889
2884
2892
3038
2891
3054
2893
2892
2884
2890
3060
3047
2886
2885
2885
2883
2888
2902
2883
2889
3112
2885
2888
2884
2885
2888
2885
3108
3113
3110
2881
2885
2885
2893
2893
2888
2884
3153
2888
2891
2891
3061
2886
2885
2888
2887
2887
2887
2885
3050
3046
2883
2886
2886
3053
2885
3109
2887
2885
3081
2891
3088
2887
2879
3095
2883
2888
2887
3110
2883
2892
3110
2884
2885
2884
2891
3107
3105
2886
2891
2888
2888
2891
2890
2880
2886
2895
2892
2887
3084
2904
2881
2890
2888
2880
2889
2883
3043
2885
3052
2901
2888
3092
2885
2885
2886
2880
2890
2889
2891
3114
2886
2884
2889
2888
2885
2878
2893
2891
2893
2887
2884
2884
2879
2894
3036
2886
2886
2879
2890
2884
3051
2883
2884
2897
2884
2888
2885
3057
2885
2894
2890
2883
2886
2889
2887
2886
3100
3074
2890
2887
2888
2884
2889
3124
2894
2886
2895
2885
3105
2888
2883
2889
3122
2886
2884
3080
2888
2878
2887
2883
3065
2882
2885
2884
2881
2885
2888
2891
2883
2883
2882
2884
2888
2883
3055
2878
2890
2888
2889
3063
2879
2890
2896
2886
2885
3054
2885
3052
2885
2880
2889
3112
2884
2892
2882
2884
2883
3104
2884
2885
2890
2879
2889
2885
2886
3135
2882
2886
2885
2886
3042
3136
2890
2884
2884
2882
3040
2889
2888
2892
2889
2887
2881
3047
2887
2891
2886
2885
2888
2878
2891
3061
3052
2884
2883
2889
2882
2887
3116
2884
2891
2881
2885
2961
3118
2890
3144
2919
2887
2887
2886
2891
2891
2890
2884
2888
2887
2884
2890
2890
2884
2885
2887
2885
2882
2893
2884
2891
2884
2885
2889
2895
2890
2891
3151
3048
2889
2888
2888
2885
2891
2886
2886
2884
2886
2890
2891
3062
2885
2888
2880
3073
2886
3068
3074
2878
2891
2886
2889
3102
2882
2892
2878
2891
2888
2885
2884
2897
2886
2881
2885
2879
2888
3155
2886
2894
2880
2897
2888
3151
2885
2878
2889
3049
2885
2884
2888
2892
2888
2888
2879
2893
2883
3051
2889
2885
3051
2879
2884
2884
2886
2891
2883
2890
2887
3064
2891
2880
2884
2887
2887
2899
2889
3110
2883
2889
2884
3113
2885
2881
2887
2884
2893
2885
2886
2898
2900
2887
2881
2885
2894
3056
3032
2897
2890
2892
2891
2887
2887
2886
2884
2892
2888
3048
2889
2880
2886
2885
3080
3055
2892
2891
2891
2888
3106
2884
2887
2887
3140
2886
2881
2891
2887
2886
3057
2878
2895
2887
3061
2884
3066
3053
2884
2889
2885
2895
2893
2878
2901
3070
3066
2884
2879
2895
3083
2887
2885
2892
2886
3118
2892
2884
2889
2891
2890
2889
2884
2885
2896
2892
2895
2889
2894
2893
3168
2891
2881
2885
2890
2884
2889
2887
3049
3078
2895
3034
3050
2885
2889
2886
3073
2886
3063
2879
2896
2884
3075
2889
2885
2892
2893
3091
3111
2884
2891
2884
2885
3107
2889
2897
3074
2885
3050
2883
2889
2883
2888
2889
2887
2894
2893
2890
2893
3050
3053
2890
2886
2885
3061
2890
2896
2888
2889
2885
2886
2895
2879
2887
2883
3069
2895
2881
2888
2882
2890
2894
2888
2884
2886
3108
2898
2888
2887
2884
3115
2890
2888
2885
2885
2887
2885
2892
2892
2880
2893
2887
2895
2885
2887
2886
2894
2889
2891
2881
2887
2893
3083
3120
2878
2885
3121
2896
2889
2878
3102
3122
2892
2886
2885
3122
3091
2887
2884
2894
3090
3050
2887
2886
2893
3053
2878
2887
2885
2899
3051
2885
3040
2891
3044
2889
2880
2886
2889
2890
3097
2890
2891
2880
2896
2885
2885
2891
2887
2892
2877
2887
2890
2887
2890
2887
3113
2884
3125
2893
2880
2888
2885
2886
2895
2886
2885
2878
2888
2891
2892
2885
2888
2888
2884
2892
2884
2885
2885
2893
3090
2885
3049
2885
2887
2892
2884
2886
2883
2885
3134
2891
3105
2880
3117
2883
2893
3208
2879
2891
2888
2891
2885
2886
2887
2895
3130
3048
2891
2888
2892
2904
2889
2887
2886
2885
2894
3065
3049
2885
2884
2890
2886
2895
2893
2881
3099
2896
3067
2890
2878
2885
2884
2893
3115
2885
2891
2879
2888
2884
2891
2887
2888
3128
2886
2893
2887
2885
2896
2886
2890
2883
3053
2890
2892
2897
2883
3055
2895
2812
2888
2886
2887
2890
2895
2885
3121
2892
2888
2890
3118
2888
2890
3012
2891
2890
2885
3106
2878
2883
2886
2887
2886
2892
2886
3009
2885
2887
2892
2888
2890
2882
3058
2889
2898
3065
2886
2885
2883
2899
3069
2885
2891
2886
2889
2884
2886
2879
3072
2891
2879
2893
2885
2885
2889
2879
2891
3129
2886
2885
2885
2898
2888
2890
2886
2884
2895
2888
2885
2885
3054
2893
2878
2883
2886
2886
2889
3075
2888
2884
2887
2884
3111
2885
2885
2896
2889
2884
2892
2892
2889
2893
2879
2885
2894
3109
2889
2879
2890
2892
3119
2890
3147
3067
2897
2894
2890
2885
2885
2885
2894
2886
3065
3055
2900
2892
2884
2882
2885
2883
2891
2885
2884
3074
2891
2891
3162
2887
2893
2887
2886
2897
2897
2884
3100
2890
2892
2885
2877
3070
2899
2894
2891
3051
2888
2895
2877
2886
2885
2891
2895
2890
2887
2881
2890
2878
2894
3067
2885
2978
3085
2886
2886
2886
2889
2891
2890
2885
2885
3108
3072
2886
2885
2885
2890
2879
2889
2884
2887
2888
2886
3051
2879
2892
2889
2907
2886
2887
2889
2883
3053
2894
2886
2882
2877
3077
2889
2890
2883
2876
2883
2886
3068
3089
2897
2888
2889
2890
3115
2879
2883
2885
2883
2886
2883
2884
2878
2884
2888
2882
2882
2894
2883
2883
3058
2882
2890
2884
2878
3052
2884
2889
2886
2886
2885
2882
2893
3061
2883
2893
3099
3047
2882
