3214
2969
2951
2963
2951
2955
2962
2968
2955
2960
2953
2962
2949
2954
2949
2961
2948
2967
2958
2955
2949
2965
2956
2965
2952
2962
2954
2957
2953
2982
2960
2964
2956
2964
2957
2960
2966
2962
2965
2964
2956
2958
2958
2959
2957
2973
2957
2961
2959
2957
2962
2967
2960
2970
2954
2958
2967
2960
2955
2966
2955
2966
2963
2965
2967
2957
2957
2959
2955
2963
2954
2958
2951
2963
2952
2962
2952
2966
2951
2963
2951
2962
2951
2957
2952
2961
2961
2960
2952
2964
2977
2977
2955
2960
2955
2962
2967
2959
2965
2968
2967
2966
2958
2957
2957
2963
2957
2959
2960
2959
2978
2970
2961
2963
2967
2972
2959
2969
3019
2967
2958
2957
2961
2960
2957
2965
2961
2961
2967
2971
2969
2959
2957
2958
2966
2967
2959
2960
2963
2966
2958
2960
2959
2958
2964
2963
2957
2968
2964
2959
2976
2961
2957
2961
2960
2958
2964
2964
2958
2956
2956
2957
2966
2968
2956
2964
2956
2957
2957
2956
2964
2966
2956
2957
2961
2962
2962
2965
2956
2965
2956
2958
2964
2969
2957
2957
2960
2959
2966
2958
2958
2959
2955
2960
2956
2962
2954
2957
2955
2958
2988
2967
2959
2959
2962
2959
2954
2967
2961
2961
2955
2960
2954
2960
2954
2959
2956
2978
2963
3009
2992
3018
2973
2965
2963
2956
2957
2963
2966
2959
2958
2961
2966
2963
2956
2973
2958
2960
2962
2964
2957
2961
2964
2960
2967
2964
2957
2957
2964
2958
2963
2958
2958
2959
2973
2966
2957
2957
2957
2959
2965
2964
2965
2966
2956
2959
2968
2959
2957
2961
2958
2957
2968
2983
2962
2969
2966
2959
2967
2963
2961
2956
2963
2960
2957
2965
2982
2971
2962
2962
2960
2961
2966
2972
2958
2960
2960
2960
2965
2968
2960
2960
2964
2965
2957
2970
2970
2967
2958
2958
2960
2969
2966
2961
2962
2958
2958
2958
2973
2969
2965
2960
2961
2961
2967
2969
2958
2958
2957
2961
2964
2962
2958
2963
2958
2959
2958
2964
2973
2958
2967
2958
2962
2973
2958
2966
2958
2961
2958
2960
2958
2962
2959
2959
2957
2967
2957
2965
2980
2964
2960
2962
2969
2958
2965
2964
2957
2963
2966
2959
2965
2961
2972
2964
2960
2958
2958
2961
2964
2961
2966
2969
2961
2971
2965
2959
2961
2966
2957
2961
2957
2973
2966
2969
2957
2958
2960
2963
2959
2964
2958
2962
2968
2960
2958
2963
2958
2962
2959
2960
2959
2967
2964
2960
2960
2960
2957
2959
2961
2957
2958
2962
2958
2962
2968
2959
2957
2959
2965
2963
2965
2966
2958
2959
2967
2981
2958
2960
2959
2961
2968
2966
2958
2960
2971
2962
3048
2995
2964
2957
2960
2966
2962
2961
2959
2958
2958
2969
2973
2965
2966
2968
2966
2963
2964
2963
2962
2959
2965
2960
2962
2956
2958
2962
2991
2960
2961
2965
2967
2964
2961
2959
2959
2958
2970
2964
2959
2958
2965
2956
2966
2960
2958
2978
2961
2958
2963
2960
2958
2961
2966
2975
2958
2962
2965
2961
2965
2964
2961
2959
2965
2959
2958
2960
2959
2972
2961
2962
2958
2959
2961
2963
2959
2960
2959
2961
2959
2964
2959
2960
2959
2960
2968
2966
2958
2970
2958
2964
2959
2969
2958
2957
2958
2973
2960
2964
2965
2959
2963
2963
2958
2961
2970
2970
2961
2963
2968
2957
2964
2960
2958
2960
2958
2959
2961
2963
2964
2957
2984
2964
2972
2964
2962
2965
2957
2965
2959
2965
2967
2963
2962
2960
2959
2957
2963
2962
2957
2962
2958
2960
2965
2964
2964
2959
2959
2957
2965
2962
2959
2959
2965
2964
2958
2959
2958
2962
2965
2964
2957
2969
2956
2967
2967
2962
2973
2971
2960
2959
2958
2963
2965
2960
2963
2960
2969
2963
2968
2958
2961
2975
2981
2969
2968
2963
2965
2972
2963
2961
2965
2960
2970
2959
2959
2961
2960
2970
2964
2961
2961
2957
2965
2958
2963
2963
2964
2962
2969
2974
2959
2964
2971
2965
2959
2966
2960
2966
2976
2962
2961
2960
2961
2971
2958
2965
2959
2966
2965
2958
2965
2959
2959
2960
2960
2957
2965
2958
2959
2967
2967
2959
2973
2975
2969
2967
2958
2965
2967
2962
2968
2959
2958
2966
2967
2972
2961
2969
2959
2958
2965
2966
2959
2959
2968
2958
2960
2972
2963
2960
2961
2960
2964
2961
2963
2959
2972
2963
2959
2961
2970
2973
2967
2978
2971
2957
2964
2959
2964
2960
2958
2959
2966
2966
2966
2966
2958
2958
2959
2963
2960
2967
2959
2961
2964
2963
2963
2960
2960
2961
2959
2965
2964
2959
2963
2959
2967
2966
2962
2958
2966
2960
2971
2964
2963
2960
2961
2960
2958
2961
2958
2967
2967
2973
2957
2964
2957
2963
2962
2962
2958
2960
2960
2968
2964
2961
2969
2959
2958
2958
2959
2958
2956
2967
2966
2958
2959
2958
2960
2960
2970
2970
2960
2963
2958
2959
2958
2960
2968
2960
2958
2962
2967
2958
2965
2959
2963
2965
2977
2965
2962
2965
2955
2969
2956
2957
2960
2965
2956
2957
2961
2975
2955
2965
2954
2968
2959
2965
2956
2955
2964
2957
2955
2961
2958
2964
2956
2958
2961
2968
2957
2957
2955
2956
2956
3208
2957
2959
2961
2963
2960
2966
2962
2957
2961
2956
2958
2960
2956
2958
2957
2958
2962
2964
2957
2956
2955
2964
2991
2976
2963
2957
2958
2955
2971
2958
2958
2961
2954
2954
2957
2969
2956
2961
2972
2957
2962
2957
2960
2970
2957
2962
2961
2959
2961
2955
2961
2964
2956
2958
2963
2967
2956
2958
2955
2961
2955
2963
2957
2961
2954
2957
2953
2960
2954
2956
2953
2962
2956
2955
2950
2954
2950
2956
2950
2958
2967
2961
2949
2966
2957
2964
2949
2960
2950
2960
2949
2961
2950
2956
2956
2965
2964
2968
2960
2955
2953
2956
2952
2962
2949
2961
2958
2963
2965
3004
2966
2967
2957
2970
2958
2960
2967
2966
2965
2959
2961
2960
2961
2965
2958
2980
2960
2960
2958
2963
2962
2958
2964
2960
2967
2965
