2913
2889
2882
2931
2886
2886
2887
2889
2893
2883
2889
2882
2886
2889
2880
2886
2881
2889
2886
2890
2882
2883
2881
2883
2888
2888
2887
2887
2880
2890
2895
2882
2887
2882
2886
2889
2892
2886
2882
2893
2889
2888
2885
2885
2882
2883
2884
2882
2886
2891
2888
2885
2886
2896
2889
2882
2887
2884
2887
2882
2893
2887
2888
2891
2888
2883
2880
2882
2888
2886
2880
2883
2886
2892
2891
2889
2892
2887
2888
2882
2890
2886
2882
2888
2888
2891
2881
2881
2887
2891
2893
2883
2892
2892
2888
2893
2892
2893
2881
2882
2883
2886
2881
2888
2890
2892
2884
2882
2881
2885
2884
2882
2881
2882
2880
2887
2887
2886
2892
2888
2891
2886
2881
2883
2890
2888
2889
2882
2886
2881
2881
2881
2882
2894
2884
2892
2882
2890
2883
2882
2888
2892
2887
2887
2887
2881
2883
2889
2885
2887
2891
2885
2890
2882
2886
2881
2880
2885
2879
2890
2897
2888
2890
2892
2895
2887
2892
2886
2889
2881
2887
2888
2886
2886
2888
2890
2886
2884
2885
2881
2883
2888
2887
2885
2890
2882
2888
2885
2885
2895
2888
2894
2889
2887
2886
2884
2884
2885
2883
2887
2881
2880
2889
2888
2888
2883
2882
2889
2888
2885
2890
2884
2890
2889
2886
2887
2881
2889
2887
2897
2891
2886
2880
2886
2887
2890
2883
2882
2894
2892
2894
2881
2881
2886
2888
2882
2882
2885
2887
2884
2881
2882
2888
2896
2884
2887
2882
2893
2889
2893
2881
2884
2888
2885
2882
2884
2889
2895
2893
2892
2886
2883
2885
2889
2885
2882
2886
2889
2882
2883
2886
2882
2891
2888
2888
2888
2880
2885
2900
2889
2883
2883
2882
2892
2881
2886
2880
2883
2881
2882
2881
2882
2892
2886
2888
2886
2890
2884
2886
2883
2886
2886
2891
2895
2883
2889
2881
2882
2888
2886
2896
2883
2887
2885
2886
2889
2885
2887
2881
2882
2888
2885
2888
2889
2886
2881
2887
2887
2882
2885
2882
2881
2885
2889
2880
2891
2881
2882
2880
2883
2883
2882
2879
2884
2938
2911
2901
2881
2899
2875
2885
2882
2906
2876
2889
2882
2883
2880
2901
2888
2895
2890
2891
2879
2882
2890
2886
2880
2890
2956
2910
2918
2887
2892
2896
2895
2884
2887
2888
2899
2898
2895
2891
2881
2881
2892
2875
2893
2876
2881
2875
2888
2879
2896
2874
2887
2875
2887
2879
2887
2880
2895
2926
2899
2883
2888
2889
2885
2887
2905
2892
2892
2906
2882
2896
2911
2975
2920
2925
2924
2892
2919
2975
2895
2880
2893
2884
2887
2877
2889
2884
2891
2894
2911
2965
2950
2937
2951
2886
2887
2911
2976
2955
2961
2974
2952
2950
2959
2959
2905
2898
2977
2935
2920
2905
2899
2954
2889
2893
2884
2890
2889
2883
2888
2893
2894
2895
2885
2887
2885
2896
2892
2889
2891
2884
2884
2891
2888
2891
2890
2884
2886
2893
2892
2882
2887
2882
2882
2891
2893
2890
2891
2882
2889
2885
2883
2888
2887
2883
2886
2889
2882
2889
2884
2894
2887
2888
2893
2890
2889
2887
2886
2894
2888
2890
2889
2888
2884
2892
2892
2886
2890
2888
2879
2896
2891
2897
2879
2889
2880
2893
2883
2898
2878
2889
2878
2889
2886
2892
2877
2894
2879
2889
2881
2896
2880
2886
2889
2894
2887
2889
2889
2887
2894
2894
2884
2893
2884
2894
2892
2894
2890
2887
2893
2897
2892
2904
2886
2893
2889
2891
2885
2889
2889
2890
2892
2894
2892
2885
2887
2885
2891
2892
2894
2891
2886
2889
2884
2893
2890
2892
2890
2884
2886
2884
2891
2895
2890
2885
2890
2887
2895
2891
2892
2885
2893
2884
2892
2892
2884
2892
2886
2886
2891
2904
2886
2893
2891
2894
2892
2882
2890
2878
2887
2880
2896
2880
2885
2879
2885
2881
2890
2887
2893
2885
2892
2878
2884
2880
2892
2879
2885
2879
2884
2896
2897
2893
2901
2882
2885
2889
2898
2896
2889
2883
2886
2889
2894
2884
2900
2884
2886
2891
2890
2890
2887
2888
2887
2894
2894
2885
2890
2884
2886
2893
2888
2892
2884
2887
2890
2891
2893
2886
2890
2885
2897
2890
2891
2891
2896
2888
2895
2890
2889
2898
2896
2884
2892
2891
2885
2891
2893
2893
2888
2886
2888
2891
2891
2896
2885
2890
2884
2895
2888
2885
2890
2884
2890
2897
2894
2895
2897
2898
2888
2892
2890
2889
2895
2890
2892
2888
2886
2894
2879
2886
2878
2890
2878
2897
2879
2891
2878
2884
2879
2896
2878
2891
2879
2889
2935
2912
2912
2894
2898
2876
2893
2879
2885
2880
2888
2882
2889
2889
2895
2881
2884
2893
2889
2883
2892
2883
2884
2884
2882
2894
2888
2888
2887
2883
2885
2896
2898
2881
2889
2882
2889
2891
2891
2893
2890
2892
2890
2893
2883
2889
2887
2895
2887
2882
2887
2881
2883
2893
2895
2903
2895
2885
2894
2881
2888
2895
2893
2891
2885
2882
2886
2892
2895
2882
2891
2884
2883
2888
2888
2893
2893
2881
2888
2889
2894
2893
2884
2889
2888
2890
2892
2891
2887
2885
2882
2892
2885
2893
2893
2884
2887
2888
2894
2887
2888
2889
2883
2893
2889
2889
2897
2893
2919
2894
2888
2896
2898
2897
2890
2883
2891
2891
2885
2889
2884
2885
2891
2889
2897
2889
2890
2888
2893
2889
2897
2894
2886
2885
2891
2890
2892
2887
2884
2886
2894
2893
2887
2888
2892
2889
2889
2879
2890
2893
2888
2882
2887
2880
2890
2877
2893
2882
2887
2876
2892
2876
2883
2877
2882
2881
2890
2879
2885
2877
2888
2880
2891
2888
2890
2877
2883
2878
2891
2877
2884
2877
2890
2878
2887
2879
2886
2882
2891
2876
2894
2876
2886
2879
2894
2878
2887
2880
2894
2879
2885
2884
2894
2879
2891
2882
2887
2890
2894
2884
2900
2883
2890
2891
2890
2885
2884
2894
2888
2890
2885
2885
2888
2890
2892
2892
2891
2886
2886
2891
2885
2891
2890
2892
2891
2887
2902
2897
2888
2894
2886
2886
2885
2892
2891
2884
2888
2885
2890
2892
2892
