2902
3064
2885
2885
2887
2892
2891
2882
2892
3121
2886
3106
2882
2886
2882
2885
2882
2891
2885
2884
2891
2886
2888
2881
2885
2885
2890
3049
2881
2888
2886
2886
3080
3038
2886
3055
2888
2885
2886
2886
2893
2886
2884
2889
2893
2889
2886
3069
2886
2881
2887
2894
2894
2891
2880
2893
3149
2889
2885
2886
2891
2882
2896
2885
2886
2887
2888
2884
2892
2886
3176
2887
2881
2890
2886
2890
3052
2885
2887
3102
2887
2889
2886
2886
2889
2890
3045
3038
2881
2887
2880
2896
3075
2885
3168
2885
3077
2890
2890
2893
2888
2885
2886
2880
2895
2886
2885
2885
2885
2891
2881
2891
2886
3162
2885
3111
2895
2886
3080
2886
2883
2885
2885
2884
2890
2895
2886
2893
2886
2881
2892
2892
2889
2886
2884
2892
2882
2890
2881
2885
2892
2890
3093
2885
2890
2886
2886
2889
2881
2888
2891
2884
2887
2881
2886
2891
3179
2886
2892
2891
3042
2880
2886
2893
2889
3052
3042
2888
2883
2889
2887
2890
2892
2890
2885
2885
3090
3068
2899
2890
2885
3122
3093
2880
3102
3125
2885
2893
2885
2888
2890
2884
2891
2891
3116
2888
3142
2898
2886
3040
2884
2886
2891
3059
2886
2883
2886
2884
3050
2889
2884
2885
2881
2891
3104
2881
3056
2881
2888
2881
3106
2888
2886
2893
2885
2884
2885
2885
2894
2886
3128
2880
2889
2892
2896
3141
2887
3100
2880
2884
2893
2886
2892
2891
2884
2886
2885
2884
2896
2882
3042
2885
3042
2891
2889
3048
2881
3058
2881
2889
2886
2889
2886
2881
2889
2885
2885
3068
3048
2885
2884
2886
3101
3066
2891
2884
2892
3104
3099
2890
2886
3104
2881
3129
3141
3138
2889
2885
2890
2885
3168
2894
2881
2892
2885
2888
3052
2885
3048
2894
2884
2888
2886
2886
2881
3057
2886
2884
2885
2880
2889
2887
3069
2885
2881
3117
3100
2885
2892
2893
2885
2880
2888
2885
3155
2884
2888
2891
2905
2887
2882
2885
3035
2888
2884
2894
2886
2885
2889
2880
2885
2885
2891
2890
2888
3049
3051
2885
2892
2886
2886
2887
2885
2893
2892
2893
2880
2890
2886
2888
3124
2881
2886
2882
2890
2881
2885
2886
2890
2892
2887
2885
2887
2890
2881
2887
2885
2885
3142
3014
3111
2886
2890
2890
2882
3054
2880
2885
2885
2891
2886
2885
2885
2888
2889
2881
2895
2884
2885
2888
2885
2893
2881
3057
2892
2885
2885
2886
2885
2886
2887
2885
2884
2884
2885
2893
3109
3104
2887
2881
3113
3062
2888
2895
2880
2886
2882
3133
2893
2885
3060
2880
3060
2886
2891
3044
2890
3047
3079
2884
2897
3044
2884
2894
2885
2883
2890
3067
2887
2895
3080
2890
3100
2890
3079
2892
2886
2880
2886
3129
3063
2887
2882
2891
2881
2887
2886
2886
2892
2882
2887
2885
2890
2892
2881
2885
2886
2883
2892
2893
2890
2880
2886
2885
2885
2890
2884
3069
2894
3058
2887
3061
2890
2886
2891
2881
2892
2886
2888
2889
3061
2893
3112
2896
2885
3079
3113
2881
2898
2885
2884
2888
2880
3214
2890
2890
3078
2880
2890
2881
2894
3036
2886
2886
2888
2886
2886
3050
2886
2881
2892
3060
2887
2885
2892
2890
2885
3057
2884
3064
2891
2890
2892
2891
2893
2891
2890
2886
2885
3105
3091
2890
2881
3125
2887
2884
2889
2883
3183
2881
3107
2892
2892
2887
2885
2887
2893
2892
2886
2884
3057
2903
2886
3057
2890
2891
3063
2886
2886
2897
2882
2887
2880
2890
2885
2885
2886
2881
2894
3173
3129
2885
2885
3123
2885
2885
3081
2881
2886
2889
2885
3052
2881
2884
2885
2886
2891
2888
2889
2890
2886
2880
2889
2881
2888
3091
2886
2889
2881
2886
3087
2884
2884
2889
3113
2886
2886
2890
3094
3109
2880
2885
2886
2897
2885
2885
3107
2970
2887
3079
2884
3082
2891
2892
2885
2886
2890
3035
2886
2884
3051
3044
2885
2885
2880
2887
3092
2888
2890
2886
2886
2886
2890
2881
2887
2884
2894
2889
2892
2896
2887
3104
2885
2886
2893
2887
2891
2880
3120
2890
2890
2885
2880
2885
2885
3076
2891
2886
2891
2884
2883
2887
2885
3049
2888
2881
3044
3044
2892
3051
2880
2890
2890
2898
2886
2886
2886
2893
2888
2886
2886
2886
2881
2890
2882
3104
2894
2881
2886
2880
3109
2885
2885
2892
2884
3145
2885
2885
2880
3120
2891
2891
3099
2884
2886
2880
2887
2885
2886
2890
2885
2890
2885
2894
2881
2890
2882
2887
3055
3042
3047
2881
2885
3094
2885
2887
2891
2887
3106
2887
2886
2887
2891
2883
2892
2892
2898
2885
3107
2884
2880
2891
2891
3137
2885
2885
2890
2891
2890
2885
2885
3051
2881
2890
2886
2885
3053
2881
3041
2890
2886
2891
2886
2888
2884
3052
3093
2890
2885
2882
2892
2880
2885
2897
2890
2884
2890
2889
2885
2886
2886
2886
2891
3109
2885
2883
2884
2881
2892
3149
3159
3131
2881
2886
2885
3147
2893
2886
2885
2890
2887
2891
2888
2886
3050
3056
2881
2889
3064
2882
2886
2885
2886
2880
2887
2881
2886
2892
2890
2886
2881
2886
2891
2891
2891
2890
3106
2879
2885
3148
2888
2887
3110
3101
2884
3149
2888
2893
2893
2881
3124
2886
2890
2888
2886
2884
2887
2888
2885
2886
2891
2890
2892
2885
2881
2896
2886
2890
2885
3061
2885
2881
2890
3109
2881
3107
2886
2897
3107
3109
2887
2880
2886
2885
2893
3120
2882
2885
2881
2892
3046
2889
2886
2887
2886
2880
2886
2893
2886
2888
2888
3054
2881
2885
3073
2886
3057
2884
2891
2880
2890
3070
2886
2887
2886
3074
2886
3070
2896
2896
2884
3111
2890
3112
2881
2885
2880
2884
2884
3110
2884
2887
2891
2890
2886
2881
2884
2891
2889
3051
2880
2885
2890
3045
2894
2881
2887
2900
2890
3079
2885
2913
2886
2886
2886
3085
2890
2890
2890
3087
3061
2890
2889
2886
2888
2890
2881
3088
2891
2886
2886
3079
2889
2890
2885
2885
2887
2889
2881
2887
