3258
2910
3065
3085
2891
3163
2890
2886
2892
2885
2883
3044
2884
3041
2886
2886
2884
2885
2884
2882
3083
2892
2884
3060
2885
2888
2884
2891
3084
2887
3082
2886
2891
2888
2885
2886
2885
2885
2882
2886
2885
3104
2889
2891
2884
2880
2888
2890
3161
2886
2885
3079
2893
2890
2885
2892
2885
2880
2894
3041
2890
3039
2884
2887
3046
2891
2888
3079
2886
2883
2888
3082
2893
2888
2889
2892
2884
2889
3058
2886
2880
2887
2882
2886
3119
2889
2892
2888
2886
3101
2892
2885
2889
2891
2887
3099
2879
2886
2884
2891
2885
2880
2886
2892
2895
3041
2884
2886
2880
2894
2886
3038
3049
2879
2887
2885
2890
2884
2887
2884
2880
3072
3100
2881
3094
2881
2895
3110
2885
2887
3123
2890
2883
3121
3115
3116
3171
2884
2885
2886
2885
2891
2885
2884
2894
3075
2887
2887
3042
3057
2885
2898
2888
2886
2882
2886
2880
2888
2885
2892
2886
2880
2886
2884
2887
3088
2891
2885
2890
2890
2886
2884
2885
2880
3101
2886
2882
2885
2888
2886
2879
2884
2880
2888
3102
2886
2894
2890
3115
2885
3136
2892
2896
2886
2884
3053
3127
2896
2885
2886
2884
2885
2889
2879
2888
2885
2888
2890
2894
2885
3047
2886
2878
2887
2887
2890
2888
3080
3081
2915
3077
2891
2884
2884
2882
2884
2882
2888
2882
3103
2887
2886
2893
2886
2888
2888
2888
3143
2880
3105
3056
3146
2901
2879
2892
2881
2884
2884
2889
2885
2883
2889
3057
2887
3072
2879
2896
2886
3059
2890
2879
2890
2889
2886
2886
3059
2888
2880
2890
2881
3109
2885
2890
2883
3099
2884
2880
2890
2879
2885
2887
3097
2892
2879
3150
3042
2887
2888
2892
2887
3154
3049
2886
2886
2893
2879
2893
2885
2892
2895
2885
2883
2887
3059
2885
2888
2894
2886
3113
2885
3072
2877
2888
2892
2891
2885
2880
2891
2889
2888
2886
3097
2885
2881
2891
2885
3108
2886
2880
2884
3048
2885
3047
2883
2892
2880
2884
2880
3043
2885
2884
2890
2879
3053
2884
2883
2884
2893
2886
3043
2886
2890
2887
2890
3050
2892
2884
2888
2890
2884
2885
3076
2887
2880
2891
2879
3105
2884
2884
2890
2884
2884
3109
2891
2884
2889
3119
2885
2885
2885
3154
2890
2884
2879
2885
2891
2890
2886
2885
3062
2880
2885
2885
2884
2884
2885
2891
2892
2885
2888
2885
2889
2886
2889
2879
2886
3049
2883
3058
3085
2885
3100
3067
2887
2880
2883
2885
2885
2892
2891
2886
2886
3100
2898
2885
3136
2884
2886
2890
2888
2889
3046
2902
2887
2888
2884
2880
2884
2887
2889
2888
2884
3054
2880
2890
2879
3049
2883
2886
2884
2879
2887
2883
2885
2890
2886
3116
2893
2884
2893
2892
3107
2885
2884
2881
2895
2887
2886
3068
2889
2892
2884
2885
2886
3074
2887
2885
2883
2882
2884
2891
2896
3045
3058
2885
2879
2884
2886
2885
2888
2884
2886
2884
2890
2893
2884
2885
3079
2883
2885
3068
2884
2893
2885
3068
2893
2880
2887
2884
3087
2891
3080
2884
2883
2882
2883
2890
2885
2882
3106
2893
2890
2885
3171
2886
2880
2886
2883
2886
2890
2889
2884
2881
2888
2879
2887
2883
3051
3071
2892
2884
3055
2884
2892
2892
2884
2881
3060
2885
2887
3105
3071
2884
2883
2894
2889
3088
2882
2889
3107
2880
2888
2885
2893
2884
3116
2884
2886
3108
2884
2887
2887
2886
2892
2885
2889
2880
2886
2886
2885
2885
2893
3038
2885
3054
2889
2884
2895
2885
2892
2883
3055
2891
2892
3072
3044
2891
2879
2884
2885
2891
2885
2891
2884
2883
2883
3068
2891
3109
3111
2884
2884
2892
2890
2892
3108
2895
2891
2880
2884
2883
3108
2886
2886
2884
2893
2888
2885
2886
3042
2886
2893
2881
2884
3055
3042
2890
2887
2885
2888
2891
3088
2884
2884
2901
2885
2894
2882
3125
3115
2883
2894
2883
2885
2885
2883
2891
2885
2886
2886
3196
2891
2880
2893
3041
2886
3056
2885
2889
2880
3048
3055
2885
2892
2880
2891
3072
2889
2887
2880
2890
3103
2884
2897
2890
2884
2885
3070
2893
2890
2883
2885
2885
3063
2893
2880
2889
2880
2885
2891
2882
3116
2881
3083
2892
2885
2884
2885
2885
2882
2890
2886
3088
3189
2884
2891
2879
2884
2885
2893
2893
2895
2890
2888
2885
2887
2888
2885
2884
2886
2879
2890
3098
2884
2890
2883
2892
2880
2885
2890
3082
2890
2883
3096
2892
2890
2882
3126
2889
2881
2891
2884
2880
2885
3043
2888
2884
2885
2886
2891
2895
2887
2883
2881
2885
2885
2887
2885
2883
2885
2880
2888
2886
2886
2884
2881
2883
2886
3065
2890
2888
2889
2880
2884
2883
2888
2886
2884
2890
2879
2894
2884
3107
2887
2884
2890
2881
2885
2884
2885
2889
2893
2889
2882
3153
2885
3068
3043
2885
3048
2888
2885
2888
2884
2890
2899
2886
2880
3047
2891
2886
2887
2885
2886
2885
2888
2879
2895
3067
3042
2888
2885
2885
2886
3065
2889
2880
2884
2880
2886
2880
2896
3132
2885
3105
2890
2890
3138
3150
2884
2884
2898
2894
2884
2879
3147
2892
2883
3044
3116
2892
2880
2887
2888
2888
2892
2895
2890
2883
2884
2885
2887
3067
3039
2889
2879
2887
2884
2885
2885
2889
2891
2895
2888
2887
3057
2886
2885
2893
2879
2894
3096
2885
2883
3107
2886
2890
2893
2885
2896
2887
2879
3152
3055
2885
2888
3070
2891
2885
2886
2887
2884
2890
2881
2885
2902
3049
2884
2890
2890
2886
2886
2881
2886
2894
2886
3067
2885
2893
2880
3078
3083
2890
2891
2880
2884
2891
2900
2894
2893
2884
2888
2890
3016
2889
2883
3100
3139
2884
2894
2889
2885
2894
3144
2885
2884
2891
2889
2891
2887
2885
2885
2886
2890
2889
2884
2885
3052
2879
2889
3059
3043
2885
2879
3054
3062
2885
2890
3051
2890
2879
2887
2890
2894
3068
3067
2883
2891
2895
2885
2885
3100
2884
2894
2885
3120
2884
3104
2893
3038
