2914
2903
3114
2884
2893
2887
2897
2887
2895
2892
2884
2888
2893
2891
2893
2893
2887
2889
2888
2885
2898
3068
3053
3083
2891
2894
2888
2890
2893
2895
2887
2882
2887
2893
2891
2893
2894
2892
3060
2896
2887
2889
2889
3082
2893
2884
2890
2889
2892
2887
2889
2888
2887
2892
2898
2888
2889
2886
2893
3050
2892
2888
2899
3050
2882
3046
2883
2895
2887
3045
2887
2888
3042
2897
2886
2884
3053
2887
2888
2894
2896
2889
2888
2890
2884
2893
2896
2887
2888
2898
2893
2887
2892
3092
3099
2895
2885
2890
2894
2883
3165
2888
2891
2894
2887
2891
2887
3081
2894
2891
2886
2895
3048
2883
2888
2894
2893
2889
2883
3059
2894
2894
3083
2884
2892
2883
3079
2887
2888
3090
2889
2894
2886
2889
2892
2894
2890
2888
3122
2888
2975
2889
2895
3325
2883
3198
3084
3186
2899
2892
2891
2888
3076
3050
2889
2895
2882
2889
3051
2889
3039
2889
2887
2893
2883
2892
2887
3085
2888
2895
3097
2887
3106
2887
2883
3123
2887
2889
2893
2882
2888
2889
2887
2897
3115
2892
2894
2888
2887
2886
2895
2894
2888
2890
2889
3050
2883
2894
2887
2890
2889
2884
2896
2883
2888
2887
3077
2893
2895
2892
2883
2888
3119
2888
3108
2888
2889
2893
2893
2887
2888
2887
2893
3111
3121
2886
2888
3056
2890
2888
2888
2889
2892
2897
2882
2888
3056
2894
2888
2885
2890
2887
3052
2885
2888
2887
2894
2898
2894
2888
2896
2887
2883
2896
2888
2889
2887
2887
2895
2889
3087
2887
2889
3107
2895
2887
2884
2887
2883
2894
3102
2882
2889
2891
2894
2887
2889
2892
3108
2889
2887
2897
2894
2893
3054
2895
3056
2896
2888
2890
2882
3042
2894
2887
2888
2893
2889
3095
2888
2895
2883
3095
2889
2888
2894
2895
2887
2892
3145
2890
2891
3155
2887
2889
2889
2889
2886
2891
2887
2888
2890
2894
2892
3048
2882
3049
2887
2891
2888
2889
2895
2894
2888
2883
3062
2888
2889
2895
2893
2889
2888
3056
2882
2897
2891
2888
2890
2882
2894
2888
2888
3102
3067
3110
2893
2891
2888
3113
2898
2883
2891
3121
2893
2895
2894
2888
2888
2888
2883
2892
2887
2887
2887
2888
2889
3155
2888
2895
2894
2888
2882
2886
2895
2887
2890
2888
2889
2886
2897
2882
3061
2886
3056
2888
2888
2893
2900
3062
2882
2889
2893
2894
3074
2889
3103
2884
2888
2888
2887
2895
2889
2888
2887
2888
2893
3164
2888
2883
2898
3050
2887
2888
2893
2890
2888
2887
2890
2888
2898
2887
3055
2888
2895
2891
2883
2888
2887
2888
2887
2882
2893
2890
2897
2887
2887
2895
2883
2888
2883
2890
3116
2904
2887
2886
2888
2888
2889
2887
2893
3158
3063
2887
2896
2887
2890
2888
2889
2892
2896
3053
3053
2887
2893
2897
2890
3054
2889
2883
2901
2888
2890
2888
2896
3074
2883
2893
3083
2888
2893
2883
2896
2883
2890
2897
2895
2889
2890
2892
2882
2889
2893
3109
2888
2883
3091
2894
2889
3067
2895
3054
2887
2890
3053
3082
2896
2888
2883
2890
2887
2891
2887
2887
2888
3089
2888
2895
2889
2888
2890
2895
3083
3094
2887
2891
2889
2893
3123
2887
3102
2883
2891
2892
2888
3187
2885
2890
2883
2888
2892
2891
2893
2887
2888
3179
2894
2893
2900
3035
2889
2887
2888
3050
2889
2888
2891
2888
3058
2897
3044
3062
2882
2898
2890
3065
3102
2884
2889
2890
2888
2897
2882
2889
3107
2888
3181
2893
2888
2893
2898
3149
3060
3082
2893
2883
3046
3059
3052
2892
2887
3053
2897
2894
2888
2887
2888
2884
2898
2888
2890
3116
2886
2893
2890
2889
3077
2892
2893
2895
2890
3117
2888
2890
2889
2887
3121
2889
2883
2892
2887
3116
2887
2895
2895
2887
3101
2888
2889
3049
2811
2889
2887
2888
2894
2883
2888
2893
2888
2892
2883
2888
2893
2890
2889
3090
2888
2891
2897
2890
2889
3109
2890
2888
3069
2898
2889
2888
2887
2888
2889
2889
3115
2883
2887
2898
2890
2889
2889
2888
3090
2890
3055
3114
2888
3128
3045
2893
2889
2891
2882
2887
2893
2889
2887
2890
2888
2894
2890
2896
2890
2889
2887
2886
2887
3097
3120
2889
2887
2893
2887
2887
2887
2888
2896
2888
3129
2889
2894
3039
2895
3051
2889
3051
2884
2897
2893
2888
2888
2892
2890
2893
2895
2884
2889
2897
2893
2887
2888
2888
2884
2896
2886
2891
2887
2894
2888
2890
2888
2885
2888
2889
2892
2897
2895
2886
2888
2887
2897
2882
2894
2889
2888
2890
2886
2887
2892
2891
2884
3116
2887
2887
2893
2892
3048
2885
3051
2888
2888
2895
2882
3046
3055
2889
3059
2891
2889
2883
2891
2887
3060
3066
2893
2889
2894
3098
3111
2895
2894
2889
2891
2887
2890
2887
2889
2896
2883
3140
2888
3112
2892
2887
2890
2882
2887
2887
2889
3054
2889
2895
2892
2888
2885
2891
2897
2887
3063
2883
2904
3066
2888
2889
2890
2895
2883
2894
3046
2888
2895
2894
2887
2887
2888
2892
2894
2888
2889
2887
3065
2887
2888
3129
2888
3100
2894
2887
2892
3148
2887
2889
2887
2892
2900
3125
3055
2896
2894
2883
3054
2894
2891
3043
3040
2888
2897
2888
2888
2883
2893
2888
3074
2893
2883
2890
2884
3062
2887
2888
2902
2883
2888
2882
3095
2894
3105
2890
3142
2890
2895
2884
2888
3050
2888
2894
2892
2896
2885
2889
2890
2890
2888
2895
2892
2886
3061
2889
3046
2889
3046
2888
2883
3056
2885
2891
2900
2896
2891
2882
2884
2893
2895
3122
2886
2894
2889
2895
2887
2888
2888
2885
2893
3155
3126
2897
2887
2888
2890
2888
2888
2892
2887
2883
2892
2883
3055
3049
2888
2888
3055
2887
2902
2890
2887
2887
2895
3065
2897
2888
2887
2890
2883
2889
3099
2885
2895
2883
2886
2884
2888
2890
2888
3139
2887
2892
3161
2891
2890
2892
3172
2889
2892
2888
3115
2895
2894
2887
2882
2887
2890
3059
2887
2890
