2997
2975
2967
2967
2969
2963
2968
2968
2962
2967
2965
2961
2967
2964
2958
2960
2968
2967
2961
2965
2966
2970
2964
2966
2964
2965
2961
2967
2962
2959
2956
2961
2956
2967
2954
2969
2957
2963
2955
2969
2956
2961
2960
2968
2964
2968
2964
2966
2959
2958
2959
2959
2960
2959
2960
2966
2961
2962
2965
2970
2978
2971
2968
2965
2967
2972
2967
2965
2965
2969
2966
2964
2965
2965
2961
2960
2967
2961
2965
2975
2961
2963
2961
2969
2966
2973
2972
2961
2965
2961
2963
2974
2966
2959
2969
2968
2962
2962
2958
2960
2959
2959
2966
2962
2959
2958
2964
2966
2975
2959
2964
2966
2967
2964
2960
2960
2964
2964
2959
2961
2970
2964
2966
2965
2965
2956
2958
2962
2960
2957
2971
2954
2963
2956
2961
2954
2965
2955
2960
2971
2977
2955
2960
2956
2969
2956
2980
2979
2969
2964
2967
2973
2961
2960
2962
2959
2965
2967
2968
2966
2966
2959
2957
2959
2959
2962
2959
2959
2960
2965
2960
2966
2961
2966
2963
2964
2960
2965
2959
2959
2961
2965
2962
2965
2960
2965
2959
2963
2964
2964
2966
2966
2964
2969
2964
2968
2960
2958
2961
2971
2965
2968
2961
2963
2959
2960
2959
2959
2974
2959
2960
2959
2959
2962
2964
2976
2968
2962
2967
2960
2961
2969
2971
2966
2968
2969
2963
2960
2956
2966
2957
2983
2957
2973
2960
2970
2955
2960
2954
2962
2958
2962
2956
2973
2969
2967
2961
2965
2965
2962
2967
2959
2959
2958
2958
2963
2958
2961
2964
2963
2967
2972
2964
2962
2964
2965
2958
2959
2965
2964
2964
2961
2970
2958
2966
2959
2960
2963
2964
2966
2965
2963
2965
2965
2963
2978
2962
2966
2962
2965
2961
2964
2957
2960
2961
2970
2963
2964
2961
2966
2963
2959
2963
2961
2959
2967
2968
2969
2959
2964
2964
2957
2961
2965
2961
2964
2961
2979
2977
2962
2961
2970
2962
2967
2960
2974
2962
2959
2960
2965
2963
2963
2961
2961
2958
2958
2966
2965
2962
2965
2967
2968
2964
2964
2967
2966
2971
2967
2968
2963
2960
2968
2957
2959
2956
2962
2965
2963
2965
2967
2958
2959
2959
2965
2958
2967
2960
2967
2961
2964
2963
2963
2956
2965
2957
2959
2971
2959
2960
2959
2959
2960
2956
2962
2958
2966
2960
2971
2955
2957
2960
2958
2955
2967
2953
2961
2953
2966
2954
2963
2954
2962
2953
2979
2958
2967
2953
2967
2955
2959
2958
2963
2963
2964
2960
2965
2962
2964
2958
2963
2964
2961
2964
2958
2965
2963
2964
2961
2965
2969
2967
2964
2964
2966
2965
2960
2964
2967
2963
2965
2959
2965
2965
2970
2967
2959
2959
2959
2969
2967
2959
2966
2963
2960
2967
2966
2958
2967
2959
2958
2966
2965
2959
2976
2963
2961
2966
2966
2966
2959
2961
2962
2969
2967
2965
2965
2968
2966
2959
2959
2964
2971
2958
2960
2958
2959
2971
2960
2989
2963
2968
2967
2960
2954
2959
2956
2965
2958
2964
2953
2981
2959
2973
2954
2962
2954
2963
2959
2964
2964
2966
2957
2959
2977
2966
2966
2966
2960
2959
2965
2965
2959
2968
2958
2959
2966
2967
2969
2957
2958
2959
2970
2972
2959
2967
2959
2958
2966
2968
2968
2958
2959
2966
2959
2966
2964
2958
2969
2965
2966
2965
2959
2958
2964
2967
2959
2967
2962
2966
2974
2967
2962
2961
2966
2968
2958
2966
2959
2987
2968
2965
2966
2963
2963
2976
2969
2964
2968
2954
2967
2955
2962
2961
2964
2955
2966
2958
2962
2955
2963
2955
2959
2954
2960
2954
2961
2954
2965
2959
2964
2958
2958
2965
2966
2958
2967
2958
2965
2970
2966
2966
2962
2959
2959
2966
2966
2965
2960
2960
2959
2967
2967
2963
2966
2958
2958
2965
2965
2966
2958
2960
2960
2969
2967
2965
2958
2958
2962
2968
2965
2958
2967
2964
2964
2973
2966
2962
2957
2967
2965
2968
2961
2961
2970
2965
2965
2966
2967
2960
2965
2971
2961
2971
2962
2960
2964
2960
2956
2974
2959
2970
2954
2961
2954
2970
2953
2960
2953
2961
2955
2972
2955
2967
2954
2959
2954
2967
2954
2968
2954
2958
2954
2966
2963
2959
2962
2962
2965
2966
2960
2960
2965
2966
2961
2966
2960
2961
2966
2965
2965
2958
2959
2982
2977
2961
2971
2959
2971
2966
2967
2960
2961
2971
2965
2967
2963
2959
2958
2970
2962
2973
2957
2968
2959
2970
2966
2965
2967
2958
2969
2959
2963
2964
2974
2966
2986
2958
2960
2965
2970
2967
2969
2967
2962
2967
2968
2961
2972
2970
2959
2966
2960
2965
2956
2965
2959
2959
2955
2959
2954
2958
2954
2966
2955
2960
2955
2959
2954
2963
2954
2965
2954
2959
2954
2964
2954
2963
2957
2965
2964
2963
2958
2964
2958
2971
2966
2968
2965
2966
2959
2959
2970
2967
2959
2963
2959
2958
2966
2967
2965
2966
2959
2957
2971
2970
2958
2965
2960
2963
2971
2967
2973
2965
2972
2962
2961
2966
2958
2956
2965
2967
2984
2979
2971
2961
2965
2958
2962
2971
2969
2964
2960
2955
2958
2955
2963
2954
2966
2954
2958
2956
2966
2954
2964
2953
2960
2954
2967
2954
2966
2959
2969
2963
2971
2965
2960
2958
2958
2966
2970
2959
2962
2960
2959
2967
2966
2960
2965
2959
2959
2965
2967
2965
2957
2959
2958
2966
2961
2965
2967
2959
2963
2961
2960
2966
2966
2962
2973
2960
2963
2966
2965
2969
2958
2961
2958
2967
2971
2960
2963
2966
2961
2959
2958
2964
2967
2971
2969
2962
2961
2974
2967
2960
2963
2960
2959
2967
2962
2964
2962
2958
2954
2968
2954
2964
2954
2961
2954
2971
2954
2969
2954
2961
2954
2964
2959
2966
2954
2962
2953
2966
2967
2963
2960
2961
2966
2966
2965
2959
2960
2959
2965
2966
2975
2965
2965
2962
2961
2958
2971
2966
2960
2968
2960
2967
2967
2965
2965
2965
2960
2959
2965
2966
2968
2961
2961
2959
2967
2969
2965
2959
2959
2967
2966
2973
2959
2968
2960
2959
2968
