2893
2895
2898
2886
2886
2896
2889
2888
2889
2887
2886
2889
2889
2886
2887
2893
2888
2888
2885
2885
2886
2890
3061
2885
2886
2881
2892
2886
3051
3054
2882
2893
3063
2887
2885
2880
2889
2884
2888
2886
2883
2890
2885
3063
2884
2884
2887
2891
3093
2885
2885
3136
2884
2888
2891
3124
2893
2880
2888
2886
3078
3049
2880
2888
2885
2885
3051
3061
2888
2885
3057
2900
2880
2888
3071
2886
2894
2882
2887
2885
2887
2892
2901
2895
2885
3096
2893
2887
2894
2914
2889
3092
2891
2891
2892
2885
2880
2886
2883
2892
2884
2884
2886
3093
2893
2882
2885
2886
3064
2895
2881
2887
2884
3048
2886
2889
2886
2894
2884
3073
2880
3073
2892
2893
2889
2880
2888
2885
2892
3109
2880
2885
2891
3111
2893
2881
2888
2886
3114
2891
2883
2889
2880
2886
2894
2895
2891
2884
2891
2879
2887
2887
2887
2893
3053
3053
2880
3048
2886
2890
2885
2884
3047
2879
2890
2884
2885
2885
2890
2893
2893
2886
2886
2885
2891
2894
2888
2880
2886
2892
2892
2891
3069
3119
2893
2884
2913
2894
2892
3052
2888
2886
2885
3144
2885
2889
2888
3050
2893
3073
3048
2886
2886
2885
2882
2888
2887
2890
2896
2885
2892
2882
2889
2884
2898
2886
2894
2885
3098
3119
2885
2890
2886
3094
2885
3089
2893
2885
2880
3092
2897
2889
2886
3063
3051
2885
2907
2886
2897
2895
2880
2886
2886
3037
2894
2879
2886
2884
2885
2894
2892
3124
2882
2887
2893
2893
2885
2886
3108
2962
2893
2886
3115
2886
2990
2894
3116
2887
2882
2887
2891
2894
2899
2886
2886
2885
2890
3043
2889
2886
2880
2885
2893
3057
2888
2880
2887
2884
2891
2887
2885
2889
2891
2893
2885
2885
2887
2881
2896
3107
3083
2885
2880
2889
2889
2884
2885
2881
2890
3101
2887
2885
2881
2887
2891
3105
2892
2884
2886
2885
2892
2893
2895
2889
2880
3051
2886
2888
2885
3037
2887
2894
2885
2886
2881
3068
2908
2892
2894
2893
3094
2887
2886
2892
3131
2892
2879
2885
2891
2886
2888
2884
3147
2883
2890
3053
2893
2893
2888
3040
2880
2893
2885
2884
2886
2888
2891
2885
2885
2896
3099
2886
2885
2892
2886
2881
2891
2885
2885
2892
2885
3118
2886
2890
2886
2893
2890
2886
2880
2889
3055
2884
3055
2973
2902
3037
2880
2890
2880
2893
2886
2888
3038
2881
2887
3067
2887
2888
2884
2894
2880
3095
2889
2890
2885
2881
2885
2896
2890
3137
2886
2886
2881
2889
2881
2893
2890
3149
2901
3049
3155
2885
2885
2903
2887
3049
2896
2883
2886
2879
2889
3060
2894
2891
2887
2885
2885
2896
3066
2766
2887
3107
2887
2891
2886
2892
2886
3104
3154
2891
2885
2881
2885
2892
3140
2887
2894
2888
2883
3142
2888
2881
2887
2893
2884
3045
2895
2886
2880
2885
2892
2893
3052
2885
2888
2881
2893
3070
2887
2885
2884
2894
2885
2886
3104
2893
2891
2886
2885
3111
2881
2894
2886
2886
3134
2886
2885
2887
2888
2887
2884
2886
2881
2896
2886
3087
2887
2885
2893
3059
3045
2888
2882
2886
3060
3064
3065
2885
3064
2892
3066
2888
3061
2886
2886
3055
3112
2884
2887
2886
2885
2896
2885
2886
3049
2886
2892
2885
3066
2886
2887
2895
2889
2887
2887
2886
2894
2862
2887
2887
2886
2893
2892
3074
2884
2886
2895
3075
3082
2883
2892
2900
3065
2885
2885
2900
2879
2889
2885
2885
2892
2895
2886
2883
2887
2889
2888
2898
2894
2886
2881
2886
2887
2887
2891
2882
2888
2885
3052
2885
2881
2886
3070
2887
2890
3079
2885
2887
3071
2886
2892
2885
2885
2889
2893
3086
2892
3114
2886
2893
2892
2885
2885
2889
2880
2892
2886
2885
2885
2889
2886
2881
2889
2892
2892
3048
2881
2886
2891
2885
2885
2895
2892
2885
3086
2899
2892
2903
2880
2892
2886
2892
3093
2881
2898
2896
2896
2901
2893
2887
3113
2884
2888
2881
2894
3076
2888
2887
3108
2891
3052
2888
2887
2892
2892
2891
2887
2881
3051
2893
2881
2888
2886
3066
2897
2880
2886
2886
3072
3090
2885
2887
2886
2884
2893
2882
2887
2885
2889
2887
2888
2887
2886
2885
2880
2894
2880
2889
2891
3171
2887
2896
2890
2892
3043
2881
2897
3047
3048
2881
2895
3085
2886
2886
2885
2888
2888
2895
2885
2882
2888
2891
2893
3105
2893
2887
2881
2885
2894
2886
3054
2881
3040
2896
2888
2886
2881
2892
2885
2888
2886
2881
2887
2880
2894
2887
2886
2897
2884
2887
2881
3056
2895
2882
3090
2885
2885
2893
2898
2886
2885
2886
3124
2886
2884
2881
2896
3199
2889
3199
2881
2886
2894
2903
3146
2886
2890
3049
2886
3054
2881
2888
3047
2885
2892
2891
2891
2886
2885
2886
3087
2893
2887
2882
2889
2893
3082
2885
2886
2887
2881
2894
3115
2890
2887
2899
2895
2885
2888
2887
3085
3107
2883
3119
2895
2887
2892
2905
3043
3049
2885
2892
2890
3053
3008
2887
2887
2885
2887
2888
2900
3074
2888
2886
2884
2891
2889
3072
2893
3092
2890
2886
2887
3097
2886
2896
2888
2886
2881
2885
2886
3112
2885
2885
2892
3053
2886
2889
2881
2892
2888
3049
2886
2881
2887
2895
2894
2889
2887
2887
3068
2895
2889
2891
2893
2886
2887
2887
2889
2893
2885
3110
2887
2885
2890
2885
3098
2892
3137
2888
2881
3139
2888
2893
2887
2882
2886
2886
2893
2887
3055
2891
2897
2886
2887
2881
2893
2885
2893
3070
2884
2890
2881
2889
2885
2886
2894
2889
2887
2882
2888
2892
2889
2887
2884
2889
2893
2894
2888
3142
3138
2894
3131
2886
3043
2886
2891
3044
3051
2886
2886
2894
2881
2886
2889
2887
2890
2881
2893
2880
2885
2886
2888
2894
2884
2890
2885
2885
2886
2886
2887
2893
2895
2886
2894
2887
2892
2894
3048
2887
2887
2892
3052
2887
3046
2885
2883
3053
2894
2894
3076
3050
3054
2880
2899
2885
2891
3068
2880
2896
