777
770
759
759
757
757
769
761
758
764
758
758
759
758
770
758
760
767
758
757
758
758
766
758
760
768
760
757
758
758
764
759
761
763
759
760
758
760
769
758
758
770
761
760
758
759
763
759
758
764
761
758
759
757
768
761
758
764
759
757
757
760
763
758
758
769
758
759
761
758
758
759
758
762
761
759
770
758
758
761
757
770
758
757
763
758
758
759
759
763
759
756
767
758
758
759
758
763
757
760
765
761
770
759
760
764
759
759
759
759
761
757
760
770
761
760
763
759
767
758
759
765
758
759
758
759
759
757
758
764
757
758
761
759
758
758
758
769
764
758
768
763
760
760
758
763
759
764
771
758
762
760
760
769
759
758
765
757
758
760
756
771
760
758
767
759
760
758
758
761
760
757
770
763
757
759
758
766
758
759
764
758
758
758
758
757
758
757
769
758
759
762
761
759
758
758
770
761
757
762
763
758
760
759
764
761
759
769
758
762
758
759
765
766
758
762
762
759
759
759
769
762
758
767
759
758
758
760
763
758
758
768
758
758
758
759
764
758
761
768
758
761
758
760
771
758
757
769
760
759
759
758
761
757
759
769
764
760
758
758
758
758
758
764
759
758
759
758
761
762
757
769
759
759
761
759
760
758
761
770
758
758
763
760
758
761
761
769
766
758
764
759
760
760
760
764
759
759
770
760
760
759
762
763
759
760
765
760
758
758
759
777
759
759
765
758
758
758
757
763
762
757
772
760
759
758
760
768
759
760
768
760
758
759
758
764
761
758
769
757
760
758
759
769
759
759
763
759
759
762
759
768
759
758
765
759
758
758
759
761
759
758
770
759
760
762
758
758
759
758
763
760
759
770
758
758
758
759
762
758
759
769
762
759
760
759
771
759
759
769
758
759
759
758
763
757
759
770
758
758
758
759
770
759
758
769
758
761
758
760
764
758
758
769
759
758
759
759
764
758
760
762
759
758
760
759
768
762
756
770
758
760
763
761
765
759
760
770
760
759
757
759
766
760
759
772
758
762
758
759
757
758
759
762
759
759
759
758
759
759
757
769
761
760
769
759
759
759
762
770
757
758
767
760
762
760
761
770
761
758
764
758
763
758
758
764
759
761
770
759
759
766
761
763
759
759
770
762
759
761
763
763
758
758
765
759
758
760
759
772
761
760
770
759
758
760
761
763
762
758
770
761
769
759
760
763
759
761
758
760
773
759
760
771
758
758
758
759
765
757
757
763
758
759
758
759
770
758
758
763
759
758
761
758
762
758
758
769
758
758
772
760
759
758
759
762
764
757
767
758
758
757
758
772
760
758
764
758
758
764
758
763
760
763
774
758
760
758
760
771
760
759
763
760
759
758
759
771
758
757
762
758
759
758
757
764
760
759
768
758
758
758
758
763
758
758
763
758
757
765
762
763
758
761
772
758
758
760
763
758
762
758
769
759
758
764
760
758
761
757
763
760
758
771
762
757
759
758
769
758
762
764
758
758
759
757
769
761
760
771
758
758
758
757
763
758
762
763
759
758
757
759
763
760
758
770
759
760
760
758
764
759
758
768
761
762
757
758
764
758
758
764
757
759
759
763
770
759
758
770
760
760
759
761
758
760
761
774
758
758
763
760
758
759
760
771
760
758
771
762
760
764
758
762
758
758
770
760
759
758
757
770
760
758
764
760
759
758
758
771
758
760
768
758
762
758
758
764
763
758
770
757
757
758
761
763
759
760
764
759
761
761
758
774
760
759
774
758
757
758
760
762
758
759
763
758
760
758
761
770
759
761
763
760
758
758
760
761
764
758
769
758
757
761
761
757
759
760
764
758
757
771
759
763
759
758
770
759
762
765
759
760
760
758
763
758
759
772
764
758
763
760
763
758
757
762
760
761
763
760
769
760
758
760
767
758
758
764
764
760
758
758
759
759
759
775
762
767
760
758
758
758
758
770
758
758
767
761
760
758
758
771
759
758
762
760
757
758
758
778
758
758
770
760
758
759
760
763
759
760
768
758
758
760
758
762
764
758
763
758
757
759
757
774
759
761
764
760
759
758
758
773
760
760
763
758
758
758
757
770
757
760
768
759
759
760
760
763
760
758
767
759
758
759
758
763
758
759
764
758
759
759
758
761
758
758
762
761
758
761
761
772
761
760
768
757
758
760
760
762
761
758
769
758
761
758
758
764
761
757
763
761
759
760
757
770
758
759
764
760
758
758
758
762
758
759
770
758
758
761
758
758
758
760
765
758
758
759
759
759
759
759
769
758
757
759
760
763
759
760
