3032
2973
2968
2976
2968
2968
3171
2970
2978
2967
2970
2971
3203
2974
2977
2971
3091
3147
2966
2975
2969
2970
2969
3136
2968
2978
3122
2970
2963
2978
2968
3132
3135
2965
2978
2976
3146
2971
2970
2991
2967
2968
2972
2972
3207
2970
3193
2976
2979
3248
2970
3188
2963
2975
3156
2972
2979
2968
3146
2970
3160
3134
2969
2970
2968
3137
2970
2970
2968
2964
2969
3159
3130
3144
2970
2975
2964
3160
2970
2970
2974
2971
2973
2976
2974
2977
2969
2968
3184
2968
2963
3209
3194
2980
2983
2968
2970
2968
2982
2968
2974
2970
2970
2968
2975
2975
2969
2968
2978
2972
3147
3142
2975
2975
3184
2973
2970
2965
2971
2963
2975
2968
2969
2969
2969
2975
2976
3197
2973
3183
2980
3273
2968
2971
3184
2975
3163
2973
2980
2965
2971
2964
2970
3129
2977
2982
3173
2975
2965
2976
2972
2971
3135
2970
2976
2969
2969
2975
2972
3161
2968
2970
2964
2974
2966
2969
3137
2969
2977
2978
2973
2964
3159
2977
2972
3195
2965
2978
2969
2969
2968
2977
2986
3201
3291
2971
2971
3174
2969
2968
2975
2973
3136
2971
3131
2977
2975
2967
2980
2975
2976
2970
2970
2981
2970
2979
3132
2973
2971
2971
2969
2969
2970
2963
2970
2968
2976
2987
3134
2977
2979
3178
2965
2969
2974
2972
2970
3178
3186
2979
2972
2975
2988
2969
3211
2970
2964
2978
2980
3196
3223
2976
2983
3131
2987
2974
2967
2970
2968
2976
3123
2969
3134
2972
2974
2969
2978
3140
3129
2969
2973
2975
2974
2968
3164
2964
2974
2967
2969
2979
2976
2976
2973
2973
3186
2970
2974
2971
3223
2971
2970
2967
2974
3227
2974
3234
3134
2975
2980
2966
2971
2969
2970
2969
2968
2975
2974
2970
3146
3132
2985
2976
2969
3133
3138
2977
2978
2973
3134
2970
2974
2978
2970
2972
3204
2967
2977
2973
2969
2969
2970
2975
2963
2975
2963
2974
2969
2970
2972
2972
2971
2967
3232
2966
2974
2968
2969
2968
3229
2984
2980
3132
2968
2973
3140
2971
2970
2969
3125
2962
2973
2968
3144
2978
2969
2976
2983
2971
3152
3130
2977
2975
2975
2975
2964
3208
2969
2970
3186
2979
2977
2969
3189
2970
2986
2976
2969
2975
2975
2976
2978
3125
3126
2973
2976
2980
2964
2969
2976
2974
3155
2972
2971
2966
2972
2970
2969
2968
2966
2973
2964
2978
3158
2965
2969
3182
2968
2971
2965
2981
3218
3233
2971
2963
2974
3148
2975
2980
2975
2974
2981
2973
2968
2971
2977
2974
3131
2971
2976
3147
2974
2968
3084
2970
2970
2974
2974
3144
2969
2969
2965
2975
3156
2973
2968
2967
2978
2976
3166
2964
2972
2974
2976
3203
2968
2972
2963
2973
3199
2972
2974
2970
2978
2973
3219
3172
2969
2974
2969
2969
2963
3201
2968
2970
2970
2964
2971
2968
2978
2970
2970
2975
2976
2969
2985
2971
3154
2975
2968
2964
3158
2974
2982
2969
2969
3148
2968
2973
2964
2970
3174
2970
2973
2980
3168
2969
2977
2973
2968
2971
2966
3193
2977
2974
2972
2964
2969
2970
3220
3144
2968
2976
2964
3160
3137
2975
3140
2975
2969
2964
2968
2973
2981
3134
2972
2969
2969
2973
2968
2970
2971
3145
2979
2965
2970
2975
2967
2979
2969
2967
2967
3192
3225
2971
2979
2970
2970
2970
3211
2965
3201
2977
2968
3253
2970
3194
2980
2968
3167
2977
2987
2973
2968
2973
2967
2973
3128
3132
2969
2968
2979
2970
2977
2978
2972
3158
2976
2970
2963
2968
2973
2974
2969
2979
2977
2968
2975
2972
2983
3194
2965
2976
2969
2973
3198
2965
2972
2969
2970
2969
2977
3170
2973
2978
2982
2979
2971
3179
3132
3143
2985
2976
3179
2970
2984
2979
2977
2970
3167
2964
2982
2982
2970
2968
3167
2975
2966
2969
2968
3175
3190
2964
2975
2973
2970
2975
2976
2968
2963
2970
2976
2974
2968
2967
2970
2978
2973
2969
2970
2969
2970
2978
2965
2969
2970
2977
2975
3130
3126
2973
2974
3176
2969
2968
2976
2977
2970
2970
2978
2964
3165
2969
2972
2972
2971
2977
2965
2983
2969
2970
2970
2977
3195
2970
3165
2978
2978
3210
2966
2970
2964
2969
2970
3190
2969
2970
2980
2968
2972
2969
2973
2970
2975
3133
2973
3137
3124
2968
2976
2969
3135
2976
2968
2970
2968
2976
3188
2984
3213
2968
2970
2979
2973
2969
2964
2969
2972
2974
3240
2970
2968
3180
2980
2969
2970
2971
2964
2976
2967
2972
2970
2969
2980
2968
3126
2963
3128
2968
2969
3137
2974
3140
2970
3138
2970
2968
2980
2974
3195
3201
2973
2977
2966
3178
2969
2970
2970
2988
3237
2964
2974
2974
2976
2968
3237
3235
2969
2968
2970
2966
2992
2972
2970
2977
2965
2976
2971
3135
2970
2964
2975
2974
3144
2968
2970
2969
2969
2971
2970
3151
2974
2964
3203
2976
2970
2975
2968
2970
2963
2974
2969
2973
2970
2970
3238
2968
2969
2968
2971
2978
2977
2971
2965
3139
2972
2976
2973
2974
2971
2963
2970
2976
2975
3125
3124
2974
2968
2982
3162
2970
2970
2987
2968
2967
2968
2973
3151
2970
3139
2978
2969
3201
2969
3169
2969
2974
2974
3216
3180
2980
2963
2970
2968
2970
2980
3223
3147
3125
2969
3139
2976
3133
2964
3138
2974
2970
3140
3135
2972
2975
3150
2968
3161
2976
2964
2978
2963
2969
2976
2975
2968
2981
3169
2969
2970
3189
2969
2972
2978
3203
2969
2965
2973
2972
2983
2970
2979
3133
2975
2982
2977
2974
2971
3146
2972
3124
2975
2969
2976
2969
2969
2976
2968
2968
2968
3179
2975
2969
3137
2974
2970
2972
2971
2977
3151
2970
3186
2970
2976
2977
2969
2964
2971
2974
2977
2970
2964
2969
2975
2978
2977
2978
2971
2964
2973
2964
2972
3130
3136
2971
2970
2970
2967
2975
2970
2974
2975
2975
2969
2967
2968
2974
2975
2971
2971
3006
2974
2977
2963
3157
2971
3156
2972
2975
2976
2980
2970
3189
2973
2979
