2906
2899
2882
2894
3081
2887
3089
2882
2891
2888
3038
2892
2882
2892
2887
2888
3083
2887
2890
2882
2896
3118
2888
2888
2882
2894
2891
3113
2890
2882
2892
2894
2894
2888
2889
2888
3111
2896
2889
2888
3053
2891
2888
2882
2889
2891
3053
2887
2897
2887
2882
2893
2885
2892
2888
2887
2902
2885
3067
3086
2889
2891
2880
2889
2888
2898
2891
2894
2886
2884
2885
2885
2891
2885
2892
2887
2880
2894
2893
2887
2886
2898
2892
2886
2887
2891
2893
2894
2882
2893
2889
2892
2886
3044
2886
2888
3043
2889
2884
2888
2891
2891
2886
3100
2895
2889
2891
3109
2889
2884
3094
2887
2892
2886
2879
2887
2886
2885
2885
2886
3195
2882
2886
2884
3103
2889
2878
3068
2889
2892
3034
2880
2890
2880
2887
2885
2895
2886
3057
2885
2886
2886
2892
2903
3079
3096
2890
2886
2889
2887
2887
3054
2881
2895
2884
2889
2883
2887
2892
2892
2885
2900
2892
3123
2887
2891
2895
2889
2879
2886
2892
2892
2885
3114
3094
2886
3102
2880
3093
2894
2887
2889
2893
2888
2881
3045
2888
2888
2894
2887
2885
2894
2885
2885
2894
2885
2887
2888
2879
2886
2885
2886
2884
2900
2891
2882
2890
2896
2892
2885
2884
2892
2885
3087
2886
2879
2887
3113
2888
3145
2882
2885
2901
2892
3039
2889
2888
2896
3051
2891
2887
2888
3054
2897
2887
2891
2885
2886
2897
2881
2886
2886
2886
2892
2882
2886
2887
2975
3094
2889
2887
2880
2884
2891
2889
2886
2886
2887
2886
2886
2886
2887
3151
2889
2888
2880
3133
3056
2890
3041
2880
2887
2892
2891
2888
2879
2889
2879
2887
2884
2892
3067
2885
2889
2887
2891
2886
2890
2885
2886
2884
2894
2885
2886
2886
2893
3076
2885
2887
3119
2880
2900
2884
3114
2889
2886
2891
3100
2893
2887
3135
2886
2882
2891
3077
2887
3052
2879
2886
2885
2891
2892
2880
2886
2885
2886
2885
2888
2885
2881
2887
2893
2897
2889
2881
2885
3092
2893
3105
2885
2886
2879
2890
2894
3105
2894
2880
2887
2884
2886
2894
2886
2890
2887
2891
2881
3068
2891
3121
2885
2880
2887
2892
2901
2886
2894
2886
2892
2892
2883
2888
2895
2890
2888
2890
3051
2885
2984
2892
2884
2887
2891
2889
2884
3066
2891
2893
3060
2899
2890
3087
2887
2881
2894
3113
2885
2885
2881
2886
3076
2887
2890
2892
2887
3130
2889
2887
3083
2891
2893
2895
2889
2893
2890
2887
2888
2887
2894
2889
2888
3086
2886
2889
2887
2886
3042
2887
2880
2890
2885
2889
2887
2885
2885
2890
2886
2879
2887
2895
2894
2884
3121
2886
2892
2888
3127
3071
2888
2890
2890
2888
2880
2886
2879
3089
2891
2894
3050
2885
2889
2885
2892
2889
2881
3048
2885
2894
3068
2888
2893
2883
3089
2893
3081
2892
2880
2890
2884
3067
2886
2882
2894
2884
2888
2888
3088
2892
2880
3113
2879
2887
2892
2897
2886
2886
2887
3112
2891
2884
2888
2885
2884
3088
2881
2896
2885
2886
2894
2897
3049
2887
2888
2884
2888
2891
3046
3050
2887
3042
2889
2881
2886
3046
2887
2890
2884
2886
2885
3116
3108
2888
2891
2882
2890
3184
2885
2887
3107
2894
2885
2886
2886
2893
2892
2894
2887
2881
2889
2890
2891
2886
2886
3053
2890
3052
2882
2890
2885
2892
2888
3049
3052
2880
3048
2891
2892
2885
2908
3075
2883
2895
2896
2895
3108
2888
2887
2888
2894
2880
2889
2885
2888
3123
2899
2887
2892
2887
2879
2892
3171
3117
2893
2880
2885
2894
2888
2885
2889
2900
3184
3080
2881
2889
2885
2893
2889
2883
2887
2894
2894
2886
2880
2888
2892
2897
2894
2879
2886
2884
2895
3096
2885
2885
2890
2893
2884
2887
2885
2882
2891
3120
2886
2896
2881
3206
3118
3083
2887
2881
2890
2885
2895
2888
3127
2894
2889
3042
2886
2886
2890
3040
2886
2885
2888
2887
2893
3080
2880
2900
2887
2886
2886
2887
2889
2886
3105
2887
2886
2888
2889
2885
2883
2888
3136
2892
2888
2890
2886
2891
2894
2885
3098
2886
3081
2891
2880
2887
3041
2888
2892
3142
2890
2880
2885
2893
2888
2885
2886
2894
3050
2886
2886
2886
3045
2892
2890
2888
3063
2886
2888
2892
2886
3094
3091
2886
2887
2878
2887
3081
2886
2890
3105
2889
2886
3097
2885
2882
2899
2885
2886
2885
2886
2890
2880
2885
2885
3050
2899
2880
2886
2882
3044
2886
2890
2887
2886
2887
2891
2899
2886
2890
2888
2890
2893
2887
3098
2894
2880
2891
3127
2887
2889
2881
2898
2887
2889
2896
2885
3129
2881
2886
2887
2893
2886
3135
2891
2889
2891
2886
2885
3056
2879
2888
2890
3042
2887
2886
2888
2888
2892
2886
2890
2887
2881
2886
3084
2888
3118
2885
2887
2896
2888
2886
2880
2888
2879
2891
3138
2905
2886
2882
2894
2887
2887
2885
3069
2894
2899
3038
2886
2889
2894
2893
2887
2887
2887
2880
2894
3045
2888
2887
2889
2894
2884
2891
2886
2893
2887
2893
2885
2902
2891
2881
2885
2896
3071
2889
2884
2886
2891
2888
3096
2887
2887
2886
2890
2888
2908
2895
2892
3147
2880
2891
2887
2886
2884
2887
2892
2882
3054
3061
2893
3055
2897
2898
2890
2892
2886
2890
2895
3045
2889
2891
2889
2889
3074
2886
2893
2887
2883
2901
2880
2889
2895
2886
3119
3066
2893
2884
2889
2892
2886
3122
2923
2892
2885
3097
2890
2898
2887
2890
2887
2887
2886
2888
2887
2897
2887
2891
2889
2887
2891
2886
2884
2892
2882
2887
3037
2891
2892
3049
2886
2880
2889
2889
2890
3058
2891
2893
2885
3054
3073
2895
2888
2890
2886
2885
2886
2899
2886
2888
3062
2886
2880
2898
3127
3099
2891
2900
2886
2888
3128
2888
2888
2892
2885
2887
2898
2888
2894
2888
3082
2887
2891
2879
2891
2887
2888
3054
2880
2888
2885
3039
2898
2895
2890
3040
2891
2884
2894
2885
2895
3052
2887
2888
2882
2895
2880
2888
3103
