798
767
760
759
759
764
759
758
759
760
761
757
765
759
759
759
760
762
758
760
770
758
762
760
758
759
759
763
761
759
764
759
974
759
758
761
760
1029
759
760
760
758
768
759
759
758
762
759
760
759
759
758
767
760
763
758
758
757
761
767
759
760
759
758
947
759
759
760
758
952
759
759
759
759
763
759
760
761
759
764
759
758
764
759
758
759
758
1007
758
764
759
759
769
761
758
764
759
760
759
761
972
759
761
759
758
763
759
758
932
758
759
759
759
759
759
758
759
758
764
760
758
762
758
764
758
760
759
759
939
758
759
759
759
766
759
760
759
759
764
758
759
758
758
763
759
756
759
758
769
759
758
762
759
763
758
761
761
759
769
759
762
760
758
767
759
760
759
759
927
759
760
763
761
758
760
759
760
761
759
758
758
932
759
759
759
758
763
758
760
761
758
764
758
758
760
760
761
759
760
950
759
760
761
759
764
757
758
761
759
767
759
759
758
757
764
760
761
759
764
763
759
759
759
758
764
759
762
764
759
766
762
758
761
762
763
769
766
760
760
773
759
761
766
760
759
762
760
764
759
764
760
759
769
759
770
758
758
763
759
758
759
760
761
758
763
759
758
759
759
771
761
759
763
759
759
761
758
764
761
761
759
760
763
761
757
761
758
764
759
758
761
761
940
759
762
759
758
759
760
769
759
758
760
759
922
760
762
759
761
766
758
761
759
759
928
758
767
759
761
763
758
927
759
759
758
758
768
759
763
761
760
764
757
758
759
760
763
760
760
758
759
768
760
769
759
761
758
759
762
758
759
760
760
947
759
758
760
757
764
763
758
771
759
768
759
759
764
759
763
759
758
758
759
770
758
759
760
760
954
758
760
760
761
763
759
758
758
760
770
759
758
924
760
759
760
759
932
762
765
760
760
769
761
758
761
759
924
760
760
759
758
769
759
758
764
763
766
760
762
765
759
761
758
761
919
763
769
761
758
759
758
767
758
758
758
763
766
757
758
760
759
933
761
759
759
759
769
759
758
757
758
762
763
764
761
760
759
760
763
761
758
764
758
758
759
762
764
758
763
762
760
920
758
758
760
758
764
758
758
759
758
763
760
758
759
761
763
759
758
759
759
764
762
758
759
758
769
758
759
758
758
763
758
767
759
759
759
758
759
761
758
762
759
758
759
760
763
759
759
759
758
763
762
761
759
760
761
761
759
766
766
764
761
758
758
759
758
759
760
928
758
761
759
758
764
759
759
758
762
768
758
758
762
758
762
758
758
759
758
764
759
759
759
760
764
758
770
759
759
764
759
760
761
758
763
760
765
760
761
761
758
918
758
759
761
758
761
759
761
760
761
770
760
758
763
760
759
762
759
928
759
758
759
758
769
758
759
759
761
765
760
758
762
760
762
759
760
770
760
767
759
759
759
762
764
759
764
758
760
764
760
766
758
759
765
759
758
761
760
765
760
759
758
758
759
757
765
759
757
759
758
758
761
762
929
761
772
759
760
924
762
762
759
759
759
759
765
760
762
760
758
766
759
758
758
760
1003
759
760
761
759
763
759
761
769
762
767
760
759
763
758
764
759
759
759
759
929
761
759
758
760
763
759
759
760
760
917
760
764
759
760
762
759
1004
758
760
758
757
763
764
759
762
759
769
759
760
758
759
764
758
761
758
759
760
758
760
759
758
769
761
758
759
760
759
759
765
759
759
760
758
982
760
763
759
758
759
760
769
759
761
759
757
988
762
758
761
758
759
760
758
769
760
762
758
762
1001
759
761
758
758
759
761
981
759
762
768
759
759
761
758
770
761
758
759
759
765
760
760
759
758
965
759
758
758
759
1003
761
758
761
758
765
758
760
760
760
979
760
763
761
758
770
758
758
761
760
763
760
758
758
760
967
760
759
761
760
769
759
758
759
759
1018
758
762
762
758
970
759
758
759
760
759
760
762
760
759
760
760
1006
759
759
762
758
991
758
760
760
758
771
759
758
760
759
764
759
758
759
758
764
774
760
760
759
772
758
759
762
757
765
758
761
763
759
765
760
758
759
758
985
758
761
759
762
763
759
758
759
765
764
758
761
770
763
770
761
760
759
759
765
761
760
763
760
765
762
758
759
758
764
759
760
758
759
763
761
759
758
759
763
760
759
768
760
768
760
760
765
761
758
759
760
1023
760
758
757
759
766
762
758
761
760
764
759
759
758
761
769
759
758
759
759
764
766
759
758
760
1022
759
761
759
759
769
759
764
758
759
759
759
973
758
758
760
758
766
759
763
759
758
763
764
760
