2983
2957
2957
2961
2960
2954
2957
3186
2955
2958
2955
2956
3183
3181
2955
2954
2963
2955
2962
2968
2960
2954
2956
2956
2949
2961
3119
2955
2954
2954
2954
2954
2955
2960
2971
3115
2957
2956
2968
3115
2949
3110
2959
3118
2954
2957
2960
2949
2955
2954
2958
3185
2960
3172
2954
2957
2959
2958
3169
2954
2968
3173
2960
3255
2956
2956
3175
2954
2957
2965
2953
2961
2950
2955
2950
2964
2957
2968
3140
2955
3138
2955
2956
3122
2956
3121
3108
3120
2960
2961
2956
2951
2955
3139
2960
2954
2956
2953
3103
2964
2950
3153
3175
3157
2959
2952
3168
3186
2956
2960
2953
2958
2950
3186
2954
2961
3279
2953
3180
3198
3142
2959
2955
2960
2955
2956
2960
3141
2959
2961
2955
2959
2956
2949
2954
2959
3118
2955
2959
2964
3115
3116
2954
2954
3151
2949
2956
2950
3119
2949
2955
3126
2956
2961
2858
2955
2957
2962
2960
2955
2954
2950
2960
2959
2958
3262
2955
3151
2948
2962
2950
2956
2955
2956
3198
3169
2960
2958
2956
3116
2955
3113
2969
2956
3119
3125
2963
2956
3113
3297
3120
2964
2969
2958
2948
3118
2955
2960
2954
3131
2954
2956
3142
2950
2955
2954
3137
2959
2963
2957
2956
2954
2952
2961
2952
2963
2955
2955
2957
2956
2960
2950
2956
2959
2962
2958
2958
2958
2957
2960
2959
2962
3105
2960
3114
2954
2956
2957
2958
2950
3119
2949
2968
2953
2966
2956
2958
2954
2954
2957
2964
3114
2953
3159
2960
2960
3121
3131
2954
2958
2952
3131
2954
2958
3209
2955
2954
2948
2964
2948
2965
3177
2955
2961
2964
2955
2952
3168
2961
2955
2956
2954
2953
2957
2959
2957
2961
3118
3227
2956
2959
2960
2969
3118
2959
3115
2954
2955
3112
2949
2955
2960
3115
2954
2950
2957
2959
3128
2957
2949
2958
2958
2956
2960
2957
3168
2956
2955
2948
2964
2957
2955
2954
2955
2969
2957
2959
2953
2960
2955
2956
2954
3191
2965
2949
2961
2948
2957
3121
3144
2963
2951
3119
2949
2956
2963
2963
3122
2957
2956
2956
2962
2961
2957
2956
2955
2961
2951
2957
2960
2962
2954
2961
2955
2955
2956
2951
2954
2950
2955
2959
2955
2960
2959
2955
2955
2956
2955
2962
2949
3168
2954
2954
2961
2974
2956
2948
3177
3204
2957
2955
3192
2955
2960
2960
2955
3145
2957
2957
2960
2960
3117
3121
2955
3105
2954
2961
2956
3109
2954
2962
2959
2962
2955
2962
2968
2961
2958
3138
2952
3131
2967
2966
2962
3142
2956
2949
2955
2958
2969
2954
2956
3177
2956
3200
2951
2960
2955
2971
2955
2954
2957
2953
3233
3129
3205
2956
2950
2961
2954
2956
2957
2958
2955
2955
2955
2950
2954
3138
2962
2954
3120
2956
2950
2956
3137
2956
2958
2956
2960
2949
2956
2954
2954
2961
3135
2956
2955
2962
3129
2955
2959
2958
2963
3173
2955
2957
3195
2960
2959
2955
2959
2960
2960
2963
2950
2957
2959
2958
2961
2958
3140
2956
2966
2954
2955
3122
2958
2956
2950
2967
3110
2955
2956
2955
2956
2958
3109
2958
2956
2952
2961
2950
2955
2960
2959
2955
2962
3144
2954
2964
2949
2956
2958
2957
2966
2953
3160
2959
2961
3179
2959
2956
2955
2961
2956
2959
2950
2956
2960
2970
2959
2958
3169
2961
2965
2974
3253
3141
2952
2955
2950
2962
2954
2956
2964
3133
2957
3105
2959
2955
3125
2958
3107
2961
2949
2956
2954
2954
2962
2954
2963
3182
2955
2955
3167
3168
2949
2961
2960
2958
3202
2960
2960
2950
2954
2959
2956
2965
2959
2955
2956
2965
2954
3173
2957
2955
2949
2969
2955
2956
2955
2955
2965
2948
2956
2954
3214
2956
2963
2956
2958
2954
2960
2961
2955
3109
2959
2953
3119
2954
2956
2960
2955
2956
2950
3151
2955
2963
2956
2956
2957
2949
2963
2954
3145
2957
3171
2962
2955
3185
2954
2956
3155
2954
2964
2960
2955
3197
2961
3187
3197
2955
2954
2962
2958
3210
3110
2949
2956
2955
2955
2966
2956
3104
2951
2955
2953
2963
2954
2954
2957
2970
2961
2953
2954
2948
2967
2955
2954
3144
2958
2955
2953
3163
2955
3139
2963
2955
2954
2955
2959
2965
2949
2959
2951
2956
2960
2961
2957
2955
2960
2960
2957
2955
3223
2959
3109
2957
2955
2961
2960
2966
2955
2951
3126
2962
2959
2957
2958
2954
2962
2955
2961
3130
3138
2958
2957
2955
2962
2949
3135
2971
2959
2959
2956
2954
2956
2966
2949
2962
2954
3175
3169
2960
2957
2950
3179
2960
2970
3199
2953
3210
2960
2960
2955
2957
2958
3127
3129
2954
2955
2960
2957
3109
3104
2960
2960
2960
3126
2948
2955
2954
2961
2954
2956
2956
2949
2962
2952
2957
2957
2956
2957
2957
2960
3144
3187
2949
2957
2950
2956
2954
2954
2955
3178
3181
2959
2955
2956
2955
3209
2951
2956
2960
3220
2959
2955
2960
2963
2970
2955
2956
3117
2960
3127
3131
3116
2963
2953
2963
2955
2955
2954
2956
3155
2949
2954
2951
2957
2955
3137
2954
2953
2963
2995
2965
3174
3169
2957
2952
2963
2950
2960
3216
3191
2956
3179
2959
2951
3201
2956
3144
2965
2959
2956
2967
2956
2957
2960
2949
2956
2955
3132
2960
2949
2960
3142
2954
2963
2954
3124
2955
2958
2956
2957
2959
2948
3131
3137
2955
2961
2955
2958
2949
2955
2961
2965
2970
2955
2955
2953
3196
2956
2964
2955
2963
3136
2950
2964
2955
3195
3119
2955
2958
2949
2974
2954
2957
3119
2961
3113
2953
2958
2960
2954
2958
2957
2954
2964
2967
2957
2954
2957
2955
2956
3154
3131
2954
2956
2955
2970
2956
2957
2959
2950
2961
2955
2965
2956
2956
2960
3236
3182
2962
2950
2955
2957
2956
2961
2959
2958
3218
3151
2959
2975
2955
2950
3125
2963
2963
2955
3108
3156
2950
2968
2948
2956
3100
3157
2956
2959
2964
2957
2962
2952
2967
3182
2956
2959
2962
2955
3174
2955
2954
2948
2961
2954
2955
2955
