2908
2889
2888
2889
2886
2881
2896
2880
2895
2880
2890
2882
2890
2881
2884
2880
2887
2880
2889
2881
2889
2881
2885
2881
2885
2881
2890
2883
2894
2887
2891
2885
2889
2891
2887
2885
2890
2885
2887
2886
2884
2891
2898
2894
2892
2886
2885
2885
2888
2894
2891
2887
2888
2885
2890
2886
2885
2885
2885
2886
2896
2886
2891
2892
2887
2885
2885
2888
2886
2892
2886
2889
2885
2886
2896
2894
2887
2891
2892
2886
2893
2886
2896
2885
2890
2886
2885
2888
2886
2893
2894
2886
2894
2887
2885
2899
2880
2888
2880
2896
2881
2886
2881
2886
2881
2893
2882
2887
2889
2886
2881
2884
2882
2892
2882
2885
2881
2897
2880
2886
2883
2897
2904
2901
2885
2894
2886
2894
2886
2897
2886
2887
2885
2886
2893
2884
2886
2885
2887
2892
2886
2887
2886
2890
2892
2896
2888
2885
2887
2888
2892
2892
2885
2891
2886
2885
2886
2889
2885
2885
2886
2893
2896
2889
2886
2886
2885
2887
2893
2886
2894
2885
2887
2886
2892
2901
2890
2886
2885
2883
2892
2881
2885
2882
2885
2881
2893
2881
2889
2881
2888
2882
2893
2881
2891
2881
2898
2880
2886
2880
2892
2881
2894
2880
2900
2906
2892
2897
2892
2885
2894
2891
2886
2894
2886
2887
2896
2883
2886
2893
2892
2885
2892
2887
2887
2886
2901
2886
2895
2892
2890
2885
2888
2889
2886
2903
2888
2887
2893
2941
2886
2888
2888
2888
2880
2891
2879
2888
2881
2886
2881
2894
2882
2890
2884
2886
2881
2887
2880
2887
2881
2886
2882
2891
2881
2886
2881
2899
2882
2888
2881
2892
2881
2886
2887
2886
2891
2889
2893
2886
2887
2891
2887
2895
2886
2887
2892
2886
2886
2886
2890
2910
2894
2901
2890
2885
2889
2887
2893
2893
2885
2886
2889
2891
2889
2886
2898
2885
2893
2885
2892
2891
2887
2888
2885
2885
2898
2895
2886
2888
2888
2886
2894
2890
2897
2887
2899
2891
2885
2888
2891
2887
2894
2894
2889
2882
2886
2883
2885
2894
2891
2881
2887
2882
2892
2886
2888
2881
2891
2885
2896
2881
2887
2881
2886
2881
2886
2881
2886
2881
2887
2889
2894
2886
2891
2887
2886
2892
2896
2886
2889
2886
2886
2892
2893
2895
2898
2889
2887
2894
2901
2890
2891
2886
2887
2894
2893
2889
2887
2893
2887
2886
2885
2896
2884
2886
2884
2891
2885
2890
2893
2889
2880
2886
2880
2887
2881
2886
2881
2885
2881
2887
2881
2890
2882
2888
2880
2897
2882
2893
2881
2894
2891
2884
2881
2897
2883
2892
2884
2890
2892
2889
2886
2886
2892
2893
2885
2887
2886
2891
2892
2892
2886
2891
2893
2885
2885
2886
2885
2885
2885
2886
2892
2892
2885
2886
2885
2886
2885
2886
2893
2902
2886
2900
2899
2886
2885
2885
2892
2892
2887
2885
2885
2885
2894
2889
2888
2886
2886
2888
2886
2887
2895
2886
2893
2891
2886
2886
2889
2887
2894
2885
2892
2893
2886
2887
2890
2884
2891
2899
2886
2885
2884
2886
2896
2880
2885
2881
2891
2880
2893
2880
2892
2881
2887
2881
2886
2885
2885
2880
2885
2884
2886
2881
2886
2880
2894
2881
2887
2880
2885
2881
2893
2881
2894
2889
2886
2891
2892
2885
2894
2885
2886
2887
2894
2890
2886
2889
2887
2886
2887
2885
2892
2887
2887
2886
2888
2888
2893
2894
2886
2887
2890
2885
2893
2886
2895
2887
2886
2895
2894
2885
2886
2886
2887
2894
2887
2896
2886
2886
2887
2886
2885
2896
2889
2888
2885
2887
2889
2897
2889
2886
2889
2886
2886
2886
2885
2896
2891
2892
2896
2886
2885
2890
2882
2899
2885
2884
2888
2887
2883
2890
2880
2886
2883
2889
2880
2885
2881
2886
2881
2888
2882
2901
2883
2886
2880
2898
2885
2893
2884
2886
2899
2901
2893
2887
2887
2887
2885
2886
2885
2895
2891
2899
2892
2887
2886
2885
2886
2888
2888
2887
2890
2892
2904
2896
2894
2885
2888
2886
2894
2894
2885
2886
2886
2886
2896
2891
2886
2885
2890
2886
2893
2888
2888
2894
2892
2886
2886
2897
2886
2887
2893
2891
2885
2892
2886
2890
2888
2896
2888
2886
2887
2886
2894
2881
2886
2881
2887
2881
2892
2887
2892
2882
2887
2881
2887
2882
2893
2892
2886
2880
2891
2881
2887
2881
2885
2882
2900
2881
2886
2892
2890
2885
2886
2890
2892
2888
2889
2886
2894
2886
2893
2887
2885
2885
2885
2889
2891
2896
2889
2887
2895
2887
2888
2887
2886
2886
2886
2893
2897
2887
2886
2885
2886
2887
2895
2895
2893
2891
2948
2889
2887
2897
2886
2893
2893
2886
2890
2892
2886
2886
2885
2886
2883
2893
2885
2885
2885
2892
2886
2890
2885
2887
2886
2893
2884
2887
2882
2890
2881
2886
2883
2892
2884
2891
2889
2887
2896
2889
2887
2892
2886
2893
2893
2889
2894
2884
2886
2892
2887
2889
2886
2887
2887
2887
2886
2894
2894
2890
2894
2886
2889
2886
2885
2887
2892
2892
2891
2891
2887
2894
2889
2891
2886
2892
2887
2890
2897
2888
2885
2887
2894
2891
2886
2888
2890
2887
2894
2889
2888
2888
2888
2881
2897
2884
2891
2881
2889
2881
2898
2882
2900
2883
2891
2881
2894
2883
2890
2883
2886
2884
2887
2885
2886
2889
2892
2896
2888
2888
2886
2888
2893
2887
2886
2894
2885
2889
2886
2913
2887
2890
2888
2893
2887
2886
2887
2886
2889
2894
2892
2888
2888
2885
2902
2888
2888
2887
2887
2885
2893
2886
2886
2886
2893
2888
2900
2886
2886
2888
2887
2892
2891
2887
2887
2888
2884
2895
2889
2889
2887
2886
2887
2894
2888
2885
2886
2887
2895
2895
2891
2888
2899
2887
2881
2900
2881
2885
2881
2885
2882
2896
2882
2897
2881
2885
2881
2897
2884
2887
2880
2887
2881
2889
2881
2891
2881
2903
2882
2885
2885
2887
2892
2898
2885
2893
2887
2889
2886
2893
2888
2892
2888
2888
2893
2885
2893
2894
2887
2886
2887
2886
2886
2888
2894
2890
2887
2885
2886
2890
