3120
2904
2899
2896
2897
2900
2895
2899
2899
2897
2897
2896
2896
2895
2896
2897
2896
2906
2909
2897
2897
2906
2898
2904
2896
2906
2904
2894
2895
2895
2900
2894
2895
2904
2901
2899
2893
2896
2896
2903
2897
2907
2899
2897
2896
2905
2909
2901
2893
2900
2893
2896
2900
2896
2901
2903
2897
2896
2905
2907
2917
2898
2897
2896
2902
2902
2896
2900
2902
2905
2896
2899
2896
2897
2902
2903
2897
2896
2897
2899
2896
2896
2903
2900
2899
2899
2910
2902
2904
2899
2901
2898
2903
2900
2896
2899
2894
2895
2902
2896
2897
2897
2895
2897
2902
2900
2895
2896
2895
2895
2907
2918
2895
2900
2895
2897
2896
2910
2895
2899
2900
2890
2900
2895
2902
2889
2896
2890
2902
2890
2896
2892
2898
2899
2897
2902
2899
2897
2896
2902
2907
2896
2898
2906
2897
2902
2904
2919
2903
2897
2900
2894
2908
2896
2909
2899
2903
2896
2899
2907
2904
2894
2896
2895
2897
2908
2895
2899
2901
2895
2907
2898
2896
2894
2897
2904
2894
2902
2891
2898
2892
2898
2895
2899
2889
2895
2890
2895
2889
2901
2890
2896
2892
2899
2889
2899
2889
2896
2889
2897
2889
2898
2889
2898
2890
2896
2889
2909
2890
2898
2889
2896
2889
2905
2894
2899
2901
2897
2900
2899
2910
2898
2904
2897
2899
2896
2897
2902
2895
2896
2894
2905
2908
2898
2897
2897
2895
2901
2900
2903
2896
2903
2902
2897
2896
2901
2908
2896
2900
2901
2903
2899
2899
2898
2901
2899
2895
2896
2897
2898
2895
2898
2895
2903
2897
2898
2902
2896
2894
2896
2902
2907
2896
2894
2895
2895
2895
2891
2900
2890
2896
2890
2896
2889
2909
2891
2897
2889
2897
2893
2910
2896
2895
2889
2895
2890
2903
2890
2900
2891
2896
2889
2899
2890
2900
2896
2900
2895
2905
2889
2898
2902
2895
2894
2897
2893
2899
2922
2928
2900
2899
2905
2905
2895
2895
2895
2897
2894
2900
2900
2902
2900
2898
2900
2897
2900
2897
2897
2894
2902
2898
2894
2904
2895
2900
2904
2896
2895
2902
2895
2895
2901
2898
2898
2897
2907
2902
2897
2906
2902
2896
2905
2897
2895
2904
2896
2899
2894
2894
2903
2892
2897
2890
2896
2889
2906
2889
2895
2891
2897
2890
2898
2893
2903
2901
2898
2890
2897
2892
2899
2889
2896
2897
2898
2898
2902
2894
2898
2903
2901
2903
2908
2895
2909
2924
2896
2901
2904
2901
2900
2898
2897
2897
2906
2896
2898
2896
2898
2898
2896
2902
2900
2896
2905
2900
2897
2895
2897
2895
2898
2902
2903
2897
2905
2896
2898
2902
2905
2895
2897
2895
2896
2899
2903
2896
2901
2896
2893
2907
2899
2897
2889
2901
2889
2901
2890
2898
2890
2900
2892
2897
2895
2898
2891
2902
2889
2899
2891
2901
2890
2898
2890
2904
2890
2901
2894
2897
2897
2896
2896
2902
2898
2899
2899
2895
2895
2897
2895
2899
2903
2903
2895
2902
2902
2898
2895
2896
2908
2898
2897
2898
2903
2898
2897
2906
2895
2897
2896
2896
2902
2901
2897
2903
2896
2896
2911
2901
2896
2908
2896
2897
2904
2897
2905
2905
2900
2890
2895
2891
2900
2895
2899
2897
2898
2894
2905
2891
2902
2890
2896
2896
2908
2895
2897
2889
2896
2890
2901
2896
2898
2896
2895
2901
2898
2895
2905
2902
2897
2904
2903
2895
2896
2894
2901
2909
2912
2895
2897
2897
2898
2897
2913
2905
2903
2901
2906
2902
2903
2903
2897
2898
2898
2896
2898
2901
2900
2898
2898
2896
2897
2897
2905
2896
2897
2896
2895
2895
2893
2896
2896
2896
2890
2903
2892
2897
2892
2903
2892
2902
2892
2897
2889
2897
2890
2904
2890
2896
2892
2900
2890
2903
2894
2897
2891
2896
2898
2901
2889
2896
2900
2897
2889
2908
2894
2898
2893
2897
2899
2902
2907
2897
2897
2897
2910
2901
2897
2900
2901
2904
2904
2898
2895
2895
2901
2904
2896
2901
2896
2898
2909
2903
2915
2906
2898
2901
2900
2900
2894
2897
2898
2898
2898
2903
2901
2898
2896
2902
2899
2904
2896
2895
2897
2896
2903
2891
2898
2900
2901
2890
2897
2894
2898
2891
2899
2890
2898
2892
2902
2898
2904
2907
2897
2890
2897
2891
2897
2891
2898
2890
2896
2889
2900
2890
2895
2889
2900
2896
2898
2893
2894
2899
2901
2894
2899
2896
2896
2894
2902
2898
2902
2896
2919
2896
2897
2908
2903
2898
2900
2896
2897
2904
2911
2902
2903
2894
2912
2928
2904
2904
2897
2905
2902
2903
2899
2901
2894
2898
2892
2906
2894
2902
2895
2899
2892
2896
2896
2909
2892
2900
2893
2903
2891
2896
2900
2902
2898
2899
2899
2896
2899
2901
2893
2900
2897
2898
2896
2898
2895
2896
2900
2907
2896
2897
2901
2896
2900
2897
2896
2903
2898
2895
2897
2897
2901
2905
2901
2902
2904
2895
2899
2897
2900
2903
2905
2895
2895
2912
2902
2910
2898
2901
2897
2895
2895
2896
2895
2896
2896
2899
2894
2899
2899
2910
2909
2892
2896
2906
2902
2894
2898
2895
2896
2902
2898
2895
2897
2896
2898
2894
2902
2895
2897
2900
2903
2894
2899
2906
2897
2895
2898
2898
2896
2900
2905
2896
2901
2905
2897
2913
2899
2896
2907
2897
2898
2895
2897
2896
2898
2896
2896
2901
2895
2897
2898
2896
2900
2900
2902
2902
2900
2894
2898
2896
2898
2903
2906
2896
2896
2895
2896
2901
2899
2897
2898
2903
2907
2903
2898
2895
2899
2900
2904
2898
2896
2896
2895
2898
2897
2896
2891
2904
2890
2904
2893
2902
2891
2900
2893
2897
2894
2901
2899
2902
2896
2902
2895
2901
2896
2901
2897
2902
2896
2899
2921
2912
2897
2898
2899
2899
2904
2897
2896
2896
2907
2901
2898
2896
2896
2898
2897
2898
2902
2900
2898
2896
2896
2903
2899
2907
2897
2899
2897
2897
2895
2903
2903
2898
2898
2891
2899
2896
2901
2891
2901
2891
2896
2891
2905
2892
2898
2889
2901
2891
2896
2897
2903
2892
2899
2889
2898
