2916
2900
2897
2893
2891
3047
3047
2896
2894
2888
2883
2890
2884
2890
2890
3087
2892
3109
2885
2894
2890
2890
2890
2898
2889
3137
2889
2890
2895
2884
2890
2884
2892
2897
2891
2889
2889
2890
2885
3092
2889
2892
2900
2896
3056
2883
2888
2882
2894
2886
3042
2889
3063
2888
2892
3049
2893
2893
3079
2882
3082
2894
2891
2887
2886
3096
3130
2903
2892
2893
2889
2890
2888
3100
2891
2892
2904
2895
2882
3083
2887
2887
3136
2888
2892
3040
3109
2889
2897
2888
2888
2888
2888
2891
3056
2882
2891
2888
2888
2888
3040
2888
2890
2894
2883
3094
2886
2888
2888
2888
2890
3095
3074
2892
2891
3110
2886
2889
2894
2889
2888
2885
3125
2889
2887
2894
2886
2887
2887
3142
2889
2887
2894
3090
2893
2883
3053
2887
2893
2899
3051
2889
2886
2889
2891
2891
3070
2886
2893
2881
3048
2888
2888
2893
2887
2887
3102
2888
2893
2893
2894
2889
2890
2883
2892
2889
2889
2889
2890
2889
2892
2891
2882
2887
2882
2889
2888
3109
2896
2898
3141
2888
2887
2893
3158
2888
3147
2889
2886
2894
3054
2891
2888
3044
3057
2884
2897
2892
2888
3055
2889
3064
2885
2895
2894
2897
2889
2885
2889
2892
2889
3108
2885
2889
3126
2889
2889
2898
2893
2895
2888
2883
3117
2893
2894
2889
3136
2888
2895
2889
2895
2893
2909
2889
2887
2889
3046
2895
2891
3054
2887
3055
2889
2893
2892
2883
2894
2889
3055
2889
2888
2890
2883
2889
3099
3071
2893
2893
3107
2882
2891
2894
3132
2888
2888
2893
2884
2889
2890
3104
2893
2892
2887
2887
2892
3094
2890
2888
2885
2888
2897
2888
2883
3046
2888
2888
2891
3050
3051
3050
2888
2891
2887
2887
2895
2893
2881
2889
2887
2889
2888
2890
3066
3103
2887
2892
2889
2889
3112
2885
3135
3148
2888
2889
2888
2894
2883
2888
2884
3078
2887
3134
2888
3093
2894
2883
2891
2891
2889
2887
2891
2889
2883
2888
2894
3041
3049
3044
2888
2883
2899
2886
2891
2892
3086
2895
3178
2888
2883
2887
2898
2890
3078
2888
2896
2883
2889
2893
2891
2888
2895
2888
2883
3108
2894
2893
2896
3140
2889
2885
3139
2895
2886
3067
3069
2897
2883
2893
2889
2890
2888
2884
2889
2883
2889
3083
2887
2897
2883
2890
3058
2889
2894
2887
2889
2894
2892
2894
3069
2890
2889
2901
3118
3112
2894
3140
2893
2893
2888
2887
2883
3138
2889
2888
2895
3127
2887
2883
2887
3054
2891
2888
2888
2893
2884
2895
2890
2887
2888
2887
3078
2884
2887
3068
3081
3052
2894
2889
2883
2886
2889
2902
2889
2888
2890
2885
2892
2891
2888
2888
2883
2894
2886
3120
3192
2888
2894
2890
3142
2887
2897
2887
2885
2889
2883
2889
2895
2894
2889
2887
2892
2896
2897
2889
3053
2892
2886
2887
2888
3041
3074
2892
2890
2882
2888
3091
3068
2893
2882
2889
2890
3114
2889
2894
2889
2888
3107
3110
2888
2887
3088
3178
3104
2884
2894
2889
2889
3054
2888
2898
2887
3056
2888
3061
2894
2882
2889
3087
2890
2888
3049
2895
2882
2895
2883
2888
2904
2887
3103
2887
2893
3084
2888
2888
2891
2892
2893
2887
2887
2889
2900
2894
3198
2888
2889
2900
2890
2888
2897
2893
2891
2894
2890
2889
3049
2884
2889
2888
2891
2903
2891
3042
2882
2888
2893
2891
2888
2887
2897
2882
2897
3094
2894
3125
2892
2888
2883
2888
2882
3102
2889
2888
2888
2890
2895
2883
2890
2887
2888
2892
2887
3102
2898
2894
2885
2889
2883
2889
3134
2894
2888
2887
2892
2888
2888
2893
2882
2890
2889
2895
2904
3053
2890
2888
3056
2883
2896
2888
2891
2888
3058
2895
2900
2887
2888
2887
2893
2892
2889
2884
3100
2893
3111
3103
2888
2890
2891
2889
2889
2890
2891
2893
2900
2884
3094
2901
2889
2888
2895
2888
3106
2889
2888
3120
2887
2892
2895
2882
2888
2888
3058
3056
2887
2889
2888
2890
2895
2897
2892
2884
2888
2895
2890
3099
2885
2888
2888
2893
2891
3100
3119
2953
2891
2889
2887
2896
2910
3141
2882
2892
2887
2891
2893
2891
2888
2889
2887
2882
2891
3041
2887
2902
2882
2896
3041
2892
2888
2883
2889
2888
2889
2891
2890
2890
2888
2900
2882
2888
2883
2895
2890
3066
3066
2887
2891
2888
2888
2891
3063
2895
2884
2889
2895
2887
2889
2888
2889
2882
2900
2888
2888
3151
2888
2889
3096
3136
2894
2895
3038
2885
2888
2894
2890
2889
2890
2903
2883
2894
3064
2892
3056
2888
2894
2884
2889
2889
3049
2891
3110
2887
2888
2888
2894
2893
2889
3078
3124
3153
2891
2891
3107
2892
2893
2893
2888
2890
2888
2888
2892
2883
2890
2888
2889
2898
2890
3064
2886
3057
2896
2891
3054
2883
3057
2883
2892
3059
2886
2888
2886
2891
2888
2890
2892
2885
2887
3103
3070
2894
2882
2889
2888
2889
2894
2891
2889
2893
3110
2893
2882
3141
3050
2890
2895
2892
2888
2883
3048
2893
2894
2888
3062
2894
2889
2888
2894
3045
2892
2883
2894
2886
2887
2893
2895
3073
2883
2888
2884
2888
2897
2886
3075
2888
2893
2887
2888
2888
3073
2895
2893
2891
2888
3108
2892
3120
2889
2888
2888
2883
2893
2888
2888
2888
2890
2898
2893
2887
3056
2888
2894
3062
2888
2887
2893
3067
2890
3065
2886
2887
2893
3066
2894
2893
3067
2882
2896
2886
2903
2888
2886
3081
2888
2893
3113
3104
2889
2883
2888
3121
2888
2888
2889
2895
2889
2889
2889
2888
2894
2891
2889
2887
2888
3081
2902
2883
2888
2889
2891
2893
2894
3053
3103
3058
2883
2892
3050
2888
2888
2885
2887
2884
3040
2888
2888
2893
2894
2887
2897
2888
3099
2891
2889
2889
2888
2888
2895
3060
2888
3111
3098
2887
2893
3113
2882
2889
2898
3113
2893
2888
2888
3103
2895
2884
3184
3118
2888
2896
3027
2888
2888
3109
2888
2892
2889
2884
2888
2895
2893
2894
2890
2889
