2914
2890
3064
3034
2884
2888
2882
2889
2889
2884
2895
2889
2888
3071
2877
3060
2888
2884
3113
2889
3092
2883
2887
2881
2887
2884
2885
2891
2881
3108
2889
2887
2883
2889
3203
3072
2883
2895
2884
2884
2883
2888
2888
3071
2888
2889
2887
3090
3056
2876
2888
3043
2884
2887
3051
2888
2879
3040
2883
2883
2886
2882
2888
2877
3091
2882
2888
2883
3084
2892
2877
2891
2876
2884
2898
2884
2889
2877
2882
3104
3114
2889
2887
2884
3117
2882
2884
2875
2888
2888
2887
2884
2888
2896
2889
2890
2885
3052
2882
2886
2891
2889
2886
2876
3059
2884
2888
2886
3052
3080
2895
2888
2884
2891
3100
2889
2895
2892
2888
2882
2884
2886
2890
3101
3111
2883
3194
2898
2883
3128
2882
2883
2885
2888
2895
2882
2880
3126
2892
2888
2887
2883
2882
2887
2890
2888
2878
2885
2884
2884
2884
3050
2884
2891
2887
2881
2883
2880
2888
2883
3045
2889
2876
3079
2877
2882
2887
2886
3106
2882
2883
2888
2885
2887
2886
2884
3124
2888
3147
2887
3137
2885
2888
2894
2884
2876
2883
2890
3119
3047
3154
2883
3034
2898
3043
2879
2887
2884
2888
3050
3056
2884
3051
2885
2880
2890
2882
2883
2894
2884
2884
3059
2902
2882
2885
2887
2884
2888
2895
3103
2889
2890
2883
2897
2892
2889
2881
2884
2888
2889
3139
2885
2884
3115
2894
2879
2883
2877
2883
2882
2885
2881
3126
2883
2885
2882
2878
2882
3049
2884
2890
2889
2885
2884
2884
2884
2885
3050
3047
2887
2887
2892
2882
3050
2892
3076
2884
2888
2885
2887
2876
2884
2883
2884
2888
2889
2889
3079
2885
2877
2887
2885
3122
2888
3101
2890
2878
3152
3066
3106
2889
2881
2886
2881
2894
2885
2884
2888
2878
2888
2882
2883
2882
2882
2888
2883
3050
2892
2882
3058
2878
2882
2881
2893
2883
2883
2888
2884
2882
2877
2888
2877
2891
3105
2883
3086
3062
2884
2881
3111
2882
2882
2893
2882
2885
2887
3113
2883
2882
2893
2883
2883
2884
2887
2878
2890
2889
2882
2894
2886
3037
2877
2889
2881
2885
2889
2887
3053
2885
2888
2883
2886
2878
3049
2879
2888
2896
2883
3056
2880
3078
2881
2891
3071
2886
2893
2833
2888
2883
2884
2883
2878
3098
2886
2886
2883
2892
2890
2904
3159
3068
2889
2892
2883
3069
2888
2883
2888
2890
2883
2883
2886
2877
2883
2884
2891
2887
2884
2889
2885
2884
3039
2883
2877
2890
2884
3044
2887
2876
2888
2884
3060
2886
2888
2884
2884
2883
2881
3062
2878
3068
3064
3065
2889
2876
2890
3105
2893
2891
2889
2893
2878
3117
2896
2889
2885
2889
2887
2883
2886
2883
2887
3072
2879
2884
2889
2884
2881
2891
2889
2882
3050
3038
2888
3035
2876
3034
2894
3083
2889
2889
2883
2882
3073
2893
2889
2886
2887
3096
2883
3091
2888
2894
3062
2882
3104
3099
2887
3093
2888
2890
2883
2877
3101
2886
2887
3180
2893
2883
2883
3140
2881
2887
2892
2882
2888
2882
2888
2888
2894
2882
2884
2886
3101
2885
2884
2882
2884
2885
3048
2877
2890
2884
2883
2892
2894
2884
3047
2884
2885
2894
2881
2883
2887
2884
2885
2883
3095
3087
2886
2881
2890
2885
2883
2889
2902
2882
2878
3102
2882
2884
2882
2889
3103
2881
2893
2880
2887
3130
2886
2890
2889
2882
2889
2888
2882
2893
2886
2883
2883
2878
2895
3035
2889
2882
2883
2885
2877
3037
2883
2887
2889
3047
2883
2884
2883
2887
3087
3048
2885
2878
2893
2883
2890
2881
2882
2897
2880
2889
3121
3078
2888
2886
2884
2879
2884
2887
2886
2881
2883
2887
2885
2890
2901
2884
2880
2882
2888
2883
2886
2882
2887
2885
2882
2879
2891
3053
3106
3042
2888
2887
2883
2889
2889
3044
2883
2879
2887
2881
2882
3074
3042
2894
2883
2884
2884
2885
2879
2883
2877
2882
3105
2882
2884
2885
2883
2888
2890
2881
3072
2884
2882
2884
3066
2890
3102
3124
2882
2882
2883
2887
2890
3132
2889
3127
3116
3073
2885
3104
2882
3140
2881
3132
2880
2894
3048
2887
2882
2882
2899
2877
3043
3054
2890
2883
2889
2882
3051
2884
2877
2885
2883
2885
2882
2877
2886
2882
3050
2888
2896
2889
3053
2882
2884
2886
2890
2896
2889
2884
2884
2877
2885
2885
2883
2881
2883
2898
2891
2882
2884
2888
2892
3124
2886
2883
2889
2882
3137
2878
2881
2895
3141
3041
3038
2887
2891
2891
3034
2877
2888
2878
2885
2885
3054
2891
2880
2886
2883
2883
2884
2887
2887
2877
2882
2887
2885
2888
2890
3098
2879
3108
2889
2887
2882
3110
2888
2882
2891
2880
2886
2883
2882
2889
2889
2882
3150
2892
2882
3068
2882
3136
2884
3048
3043
2884
3050
2889
2887
3039
2883
2889
2888
2885
2885
2884
2886
2901
2887
2883
2884
2887
2886
2888
2877
2884
2885
2883
2887
2894
2890
2880
2887
2884
2888
2881
2884
2892
2889
2894
2875
2884
2881
2882
2890
3159
3143
2877
2888
2886
2891
3044
2890
2883
2880
2886
2888
2893
2884
2885
2882
2889
2887
2885
2884
2882
2883
2881
2884
2888
2879
2882
2877
2887
2883
2890
2887
2878
2882
2883
2886
2888
3062
2889
3124
2884
2885
3065
2886
2892
2883
3115
2884
2889
2890
2887
3106
2891
2881
3146
2890
2883
2898
2760
3062
2881
2882
2889
2898
2883
2883
3038
2879
2886
2878
2889
2886
2892
2883
3048
2889
3051
3071
2887
2886
3060
2891
2883
2885
3066
2888
2892
2884
2885
2890
2888
2886
2883
2886
2883
2883
2895
2877
2887
2888
2886
2882
2884
2884
2883
2893
2885
3176
2889
2877
2886
2886
2882
2886
2883
2891
3072
2882
2888
2883
2894
2895
2882
2881
3042
2888
2885
2884
2877
3060
2889
2889
2886
2876
2890
2878
2888
3116
2886
3106
2886
2892
2882
2884
2886
2882
2889
2891
2889
2896
3171
2877
2883
2885
2896
2893
2892
2883
2883
3074
2890
2889
2889
2883
2884
2900
