1483
1476
1653
1471
1472
1492
1474
1477
1472
1473
1474
1474
1655
1471
1476
1476
1473
1482
1472
1473
1636
1477
1641
1476
1654
1479
1474
1477
1470
1471
1647
1475
1482
1474
1481
1472
1474
1480
1472
1484
1470
1474
1478
1474
1757
1471
1478
1478
1471
1478
1472
1480
1495
1473
1483
1472
1475
1479
1472
1598
1472
1476
1478
1471
1479
1474
1677
1474
1472
1483
1473
1482
1631
1473
1477
1471
1475
1476
1474
1477
1472
1470
1484
1472
1485
1640
1473
1484
1472
1483
1638
1475
1477
1473
1470
1477
1474
1475
1479
1473
1482
1472
1475
1477
1472
1479
1471
1476
1486
1471
1481
1473
1484
1477
1477
1476
1471
1471
1477
1479
1477
1449
1471
1477
1475
1481
1471
1473
1475
1472
1475
1477
1472
1475
1472
1476
1473
1473
1482
1472
1480
1473
1474
1477
1472
1481
1477
1473
1657
1472
1477
1474
1476
1475
1471
1475
1656
1480
1478
1475
1485
1479
1475
1476
1473
1477
1477
1473
1476
1474
1473
1476
1473
1482
1475
1480
1475
1472
1476
1471
1471
1661
1471
1475
1472
1472
1662
1472
1475
1472
1469
1478
1471
1474
1478
1472
1477
1472
1471
1475
1470
1476
1472
1473
1479
1473
1483
1473
1472
1476
1473
1476
1476
1472
1682
1475
1475
1472
1472
1485
1476
1488
1473
1472
1678
1472
1477
1472
1473
1486
1474
1476
1486
1472
1482
1502
1480
1479
1472
1478
1473
1471
1477
1473
1475
1473
1472
1482
1474
1476
1473
1471
1478
1471
1476
1472
1471
1477
1473
1672
1472
1647
1474
1473
1484
1473
1484
1471
1474
1477
1474
1474
1696
1471
1683
1472
1473
1475
1476
1690
1473
1472
1483
1476
1482
1472
1474
1484
1473
1484
1477
1471
1485
1478
1482
1471
1481
1701
1471
1477
1474
1478
1479
1471
1687
1473
1475
1477
1472
1682
1474
1477
1471
1474
1483
1475
1483
1472
1475
1480
1472
1649
1473
1484
1473
1472
1648
1473
1475
1667
1478
1479
1472
1475
1482
1471
1483
1472
1475
1472
1472
1479
1474
1476
1472
1481
1668
1471
1627
1472
1634
1473
1471
1477
1471
1480
1478
1472
1476
1472
1472
1477
1472
1477
1472
1472
1662
1471
1476
1472
1478
1472
1473
1643
1472
1475
1477
1472
1643
1472
1477
1473
1475
1489
1472
1474
1667
1471
1477
1473
1474
1479
1472
1477
1472
1473
1480
1472
1483
1476
1473
1475
1472
1479
1681
1475
1484
1471
1641
1581
1474
1476
1475
1472
1484
1470
1476
1472
1473
1683
1474
1481
1476
1471
1477
1473
1477
1471
1637
1472
1472
1680
1474
1475
1474
1472
1477
1471
1635
1474
1472
1482
1473
1484
1477
1470
1477
1471
1644
1475
1472
1475
1477
1648
1472
1477
1669
1474
1488
1470
1472
1475
1471
1638
1472
1472
1678
1477
1480
1472
1470
1480
1472
1476
1472
1471
1671
1471
1476
1472
1473
1475
1472
1476
1471
1473
1476
1474
1477
1478
1474
1483
1474
1475
1681
1478
1668
1474
1629
1474
1470
1477
1472
1640
1473
1476
1482
1474
1483
1473
1471
1479
1470
1476
1474
1471
1481
1476
1481
1474
1474
1478
1474
1474
1476
1473
1479
1472
1476
1482
1473
1483
1471
1484
1477
1471
1676
1472
1473
1476
1474
1476
1472
1474
1480
1472
1482
1477
1476
1477
1474
1683
1472
1473
1479
1471
1475
1474
1472
1483
1472
1483
1476
1473
1689
1473
1475
1474
1474
1476
1477
1479
1471
1473
1689
1797
1480
1472
1484
1478
1474
1476
1472
1470
1478
1470
1485
1471
1486
1674
1473
1478
1471
1479
1476
1471
1666
1478
1473
1480
1473
1476
1472
1473
1480
1472
1675
1473
1473
1476
1477
1477
1480
1471
1485
1473
1475
1475
1473
1692
1473
1475
1700
1470
1681
1471
1477
1474
1474
1486
1474
1477
1476
1471
1477
1475
1484
1476
1472
1698
1471
1479
1473
1632
1472
1472
1476
1472
1475
1476
1471
1484
1474
1471
1478
1474
1478
1471
1470
1662
1472
1476
1474
1647
1473
1476
1476
1472
1483
1471
1472
1652
1474
1478
1477
1473
1634
1475
1478
1481
1473
1482
1474
1472
1683
1473
1476
1472
1470
1663
1475
1642
1472
1479
1473
1475
1476
1473
1476
1473
1474
1483
1472
1476
1471
1474
1477
1475
1478
1472
1470
1483
1473
1481
1473
1631
1472
1472
1480
1472
1483
1475
1474
1478
1472
1476
1643
1476
1480
1471
1476
1480
1471
1483
1472
1484
1471
1472
1630
1472
1475
1473
1742
1472
1472
1477
1471
1477
1473
1473
1633
1472
1486
1471
1481
1478
1472
1728
1472
1478
1479
1474
1476
1472
1470
1483
1471
1728
1474
1471
1476
1472
1477
1475
1471
1477
1473
1728
1471
1474
1486
1473
1475
1471
1471
1634
1473
1476
1473
1472
1476
1472
1474
1474
1472
1642
1472
1478
1476
1474
1481
1473
1481
1473
1472
1641
1473
1476
1474
1473
1476
1472
1478
1473
1473
1479
1473
1483
1473
1472
1478
1472
1477
1473
1473
1476
1471
1475
1482
1472
1479
1472
1483
1473
1472
1474
1471
1744
1473
1473
1473
1474
1478
1471
1470
1476
1471
1739
1475
1480
1639
1475
1476
1474
1476
1473
1472
1477
1472
1477
1481
1472
1741
1471
1480
1475
1472
1475
1475
1475
1470
1469
1479
1473
1479
1475
1473
1521
1474
1479
1473
1475
1741
1472
1712
1471
1470
1479
1473
1471
1485
1475
1482
1475
1485
1471
1472
1475
1472
1477
1480
1471
1479
1475
1476
1483
1471
1474
1472
1471
1634
1477
1740
1471
1479
1471
1475
1474
1477
1471
1481
1472
1485
1473
1481
1472
1471
1477
1472
1481
1472
1471
1479
1473
1476
1483
1474
1481
1473
1479
1476
1471
1477
1476
1473
1477
1473
1486
1473
1474
1478
1472
1478
1472
1472
1477
1473
1640
1474
1477
1480
1473
1484
1471
1473
1478
1472
1476
1478
1473
1475
1471
1720
1471
1472
1478
1473
1475
1472
1471
1475
1471
1728
1474
1726
1473
1473
1476
1471
1478
1472
1472
1734
1471
1481
1472
1475
1723
1471
1475
