236011
339708
204145
95032
306116
307448
71753
472402
400002
117507
535169
209820
108601
166405
187417
143601
496916
418225
302567
168171
81155
573035
87376
229884
265961
281755
41849
210541
155616
178296
256367
76389
711478
216399
162653
503909
36792
255399
221609
335714
162963
390752
118946
208330
49744
127752
362274
515113
722400
619618
74539
442440
915661
464325
83086
251690
241805
335681
147877
299063
374086
407860
346351
736240
203534
180621
263190
127847
110438
260433
304609
143959
407285
277024
128895
303268
185616
345852
75276
189341
109951
210562
202103
161647
124254
226059
244547
446879
139611
188952
434480
382648
301937
172870
268326
412689
163844
891898
88128
191021
304538
472640
80796
102280
245057
335049
309207
187599
333257
330331
166654
141606
396824
136525
180072
100690
342576
132143
398161
291074
108539
37608
102698
265000
267256
499578
394057
187668
420468
161332
312766
281486
166557
81045
199473
187310
210489
80115
623652
318535
237447
165452
138468
135625
412166
443633
408525
848504
107738
139811
290281
676651
260660
144311
174217
377598
61265
443876
117105
150984
329876
394647
535093
462583
239715
163222
114197
630942
326616
826005
231855
214893
297095
428295
112727
335856
172063
263211
54849
215080
99750
480521
1166404
586123
428370
115219
168460
316761
262496
133140
70256
126171
569208
292360
148345
354946
194079
761812
53863
857637
248408
455766
132597
156148
134196
404383
99365
71626
265255
264818
220372
302869
319048
154973
121879
554894
59756
280900
125582
411455
116348
584284
139120
158200
94439
568332
89272
251810
188056
629477
120247
449394
328000
172143
186429
123619
182261
121925
231442
329919
409474
179308
323269
93219
66224
152312
745314
453877
143986
161474
420654
171069
265647
259859
289547
310684
223143
57085
607330
155382
161574
145896
166790
256009
753699
522933
69099
60917
347265
177652
260891
164773
242650
132214
226672
467300
388743
325981
186993
172572
122103
364021
141512
260035
265164
194314
290005
384018
614695
183540
52435
698705
340054
387261
508265
234022
304133
235927
77776
246240
163477
278924
121192
421961
154083
125485
452038
133135
478046
208269
268952
169210
267357
231654
297555
514278
73807
98420
131061
597073
111251
145484
714175
50120
218744
1096406
708132
218389
453504
425632
259819
114268
312842
36346
348747
461835
304269
49599
76208
80016
396947
211379
49357
196012
106756
291770
68112
36655
869354
313534
898691
491662
380458
75420
168596
146667
176250
158687
323266
512094
99299
198841
425032
546623
115394
287229
56194
236540
48786
142210
353129
414742
493978
517940
407253
174758
187793
296707
329559
70681
132588
355380
50189
610750
251146
215391
308352
180004
443876
306902
329830
242261
175295
515198
120216
237267
434447
208368
77460
222859
239787
113808
277203
296474
355073
187529
215000
427823
118707
275788
171470
270848
250254
167577
124044
283425
222306
284778
59481
251305
182494
180665
107790
743895
187850
180946
514252
401331
529756
158667
256861
151145
266799
168220
260539
67403
144343
155729
414656
284748
49344
123210
467742
291943
112563
262388
139294
408556
85835
105124
298145
186564
433219
364370
108277
157762
226331
453387
88404
435468
101040
673872
405805
125333
345460
376448
151931
320354
381941
297993
210796
481698
655502
174890
511780
43743
398031
164829
90774
665311
185154
64788
189498
226767
286676
540538
619156
60759
128940
140382
276158
112381
440943
83262
358041
421497
327813
81943
43733
207047
295005
100363
174757
384849
199524
276296
614367
669979
296769
195624
54605
176612
200717
192398
617777
218326
627217
263087
160289
56358
341983
180018
154403
157785
129944
861364
195617
76815
261958
110892
227309
73372
284541
295948
280566
432761
134191
52021
179096
133446
315240
292819
412107
355474
249450
148584
206007
520912
85501
91848
36221
168510
79551
274497
93614
120702
1100864
123287
201809
302993
456052
310985
121171
90930
196220
267445
462586
107660
93348
160551
384958
83256
136836
110756
147930
116989
75635
67626
120815
460902
350828
199268
150766
366691
418987
217774
359448
409789
81966
355644
203038
443200
325396
267182
117068
128161
52226
60004
73596
125866
560867
504613
241247
91817
598359
652405
273796
318584
674805
170184
229090
388626
236309
41120
255635
149765
175439
264432
205172
291275
377434
189827
232603
63209
71568
202222
148567
264493
121340
55860
264483
173528
425964
302162
347960
311388
937188
509969
133624
249959
259212
245358
236119
311586
161124
298988
158284
199504
197377
472402
306739
443939
197478
80981
411653
152102
223790
551125
450294
294642
247408
163423
226594
693446
173610
223293
301941
133641
92539
178434
382604
165143
272068
129035
239745
218582
253715
254484
252511
347956
111675
196654
416120
600171
174144
371647
154601
114423
652690
230829
127977
114604
117912
539338
168642
466295
52631
96595
118936
451840
186509
179960
690616
573674
463206
423499
781628
119415
111220
582478
102060
261878
168797
79540
151107
527329
192707
179590
304774
129590
223548
296778
109841
158435
149811
88042
186163
1676350
147042
201916
315958
367085
251602
207206
131683
209464
363878
114226
367756
252506
182819
443317
60245
307489
107131
145460
322089
219635
358255
445121
259519
278332
361161
663972
232499
255957
321513
356624
524330
293572
258082
194699
546608
488675
100302
52578
87151
93488
224900
451791
433316
509611
161117
189004
150078
176027
438584
127504
51545
282894
160454
338903
303846
122996
390978
471973
76254
405571
202815
218282
259605
313107
155080
141085
176779
241517
353911
135727
174320
253529
34879
376606
440767
71913
247409
313422
216441
205302
258460
327109
115346
96129
634862
164877
272101
294264
213782
441603
186381
516203
47989
282203
46415
331454
243145
310275
110496
160951
517412
207585
180192
445107
545018
661714
438035
269217
157620
169979
159571
158358
395756
255880
49651
278187
110546
297444
852532
67193
678378
146434
280145
247138
365721
380183
253418
600785
81751
727058
287604
297969
105129
640239
456231
271967
286487
203388
85084
370136
261909
254301
626180
519490
527863
238542
174113
197281
164349
159692
316084
138973
160829
902387
202946
320380
129366
120796
143768
297379
320449
69695
182116
77728
70822
140218
162993
200384
321023
274147
62857
466143
570103
230235
197212
204604
178994
271877
349636
140981
246829
513489
493980
147418
343961
204624
101612
325754
33106
241733
213518
196357
84723
131417
120704
191049
138890
161474
181248
532642
80021
263246
410614
206604
301131
551667
264361
273755
264256
116090
473185
581333
856674
811558
337025
220707
277734
208459
221348
588994
343235
48009
177896
124194
162583
148022
213880
87496
230222
595004
493683
279603
679561
472510
280039
111165
127309
114427
231941
101772
481046
110758
322810
156055
393916
299708
157989
204685
187672
511879
160434
448801
460852
66503
71291
81464
255836
64675
603860
150943
311917
309359
377195
202425
291535
147896
639668
90327
57211
210326
255665
298125
