188405
174783
434697
265473
125831
193639
140072
341566
207719
315621
832807
468276
411075
73329
112155
210895
188919
274975
117048
288001
116726
391626
192645
54187
277566
214254
232957
665453
61119
159133
196092
410726
292403
455196
121275
120604
258052
34654
57930
404393
224981
365863
304562
281493
125783
246974
91765
460629
80579
405509
514263
84905
82342
180697
282396
152274
117115
119720
99361
453051
257882
211952
373774
246396
192122
173322
414594
110721
456821
340565
202051
192694
328197
255359
165644
401865
607295
211593
69298
203516
93532
480314
376171
330208
217292
98636
99506
442475
391613
370198
337442
299147
203554
233064
328479
264587
56703
57969
102313
180007
272799
284001
139931
323393
220786
206020
204735
131368
725339
433407
256500
317502
961577
423011
285265
261615
75992
219038
318723
205323
95127
144272
291335
189974
434589
396979
138985
141134
215214
146864
212132
619690
154882
124186
422764
266859
187584
151881
145184
231085
406992
530713
132415
153831
172907
279546
399140
254787
343107
217609
251146
463522
232640
299875
101122
194947
323206
385057
366449
254790
188066
402002
245369
117074
184830
185177
125983
827289
444339
204532
272165
313604
318990
464905
124631
75061
252678
104807
751130
268227
693025
176739
478063
496704
223178
355208
185284
465875
427570
587727
231372
266415
615330
655291
426409
408324
189617
185452
110112
970816
139429
779661
136437
552408
147033
297214
74263
464318
141910
370368
472346
110174
522163
109076
223918
133969
429206
413851
152630
197114
112736
225501
150334
223853
306066
210481
685996
127007
563102
311243
214914
350795
155422
202357
424394
302243
780971
281367
188179
129424
401293
233867
57364
174991
347269
275116
320228
146739
145492
377425
187024
232007
52515
157180
399494
266406
566188
209227
245885
155698
157151
339587
92520
216743
195790
168317
197366
154026
106438
364864
571254
769649
444726
362598
947970
151007
138108
459171
190528
373960
436520
308244
455304
92606
250888
184553
333383
279868
443913
443012
296572
240399
121459
298417
186381
136246
635864
340926
182369
278427
166347
236658
106914
322118
204077
84975
539020
234270
174236
653013
353504
243253
331468
183434
376223
430348
160823
131673
605987
138148
139414
305968
296998
68875
315222
484351
364219
189192
255281
497436
74182
128843
246975
288107
265993
128276
524512
128921
206478
209692
75572
403443
83277
315105
132476
298946
170317
289601
292834
175718
265819
388334
129688
362102
222054
277820
346936
325528
317797
207395
531710
133558
112490
361379
444901
271468
236095
456596
181293
267461
262803
141860
213307
51952
401032
118233
67775
424200
146403
491456
165893
257828
374397
101819
502027
160108
484890
170420
132320
434966
88008
158629
214267
69211
213889
208499
258726
82123
421118
358341
465766
330724
140611
499095
375492
238766
80164
262148
171359
366876
85802
497615
218632
304326
104058
240517
75504
205107
292742
266951
585549
147624
412681
822038
411425
106913
158581
111563
93842
265044
362552
219781
254656
697582
199795
133804
117818
397948
811290
55584
284961
250934
310762
226526
203401
253116
167284
221836
705292
299628
320955
152896
89194
616132
397059
220730
783199
188117
157895
156500
212681
255473
416803
446548
77071
169495
403839
575668
125169
69784
379596
184868
141113
563106
116472
176136
107341
268085
54873
921574
562081
785278
446681
900180
77507
335908
69465
306354
402918
626950
279909
307001
118663
244460
259957
108987
394381
220009
115607
187527
382641
224366
254375
538354
280694
482431
36036
107079
81707
353907
251256
115372
101210
171495
120442
252838
287803
205825
301516
128266
291762
259489
276680
268644
876860
527476
504262
324046
303913
244742
316320
307931
139759
193489
239133
312975
193195
354773
327682
142128
58005
93326
128990
120805
431437
173926
120377
441023
579876
282332
232246
108373
129755
478426
195387
94218
211264
109096
136629
453406
88494
80002
181976
201972
323883
672273
129458
353168
464298
307914
160583
290349
355388
491908
86685
168233
288343
197092
497484
103281
194799
154751
332274
373136
219694
179663
93803
331035
86306
169891
108354
204818
333067
373811
340316
94338
185766
391147
92412
243415
326805
269144
118164
61522
254903
124296
407520
264880
354975
98725
264171
88778
223280
51077
136943
417428
207019
60532
84598
324151
332631
134340
72210
307823
630728
155844
196924
127067
188408
307850
276617
95478
206651
509854
58003
294573
247876
430306
300573
441935
131935
118609
316781
178531
93951
322289
148265
241686
277132
316479
234728
258215
181217
465705
451321
261658
163033
657730
307364
251942
163585
113280
394956
54417
217543
165190
45534
110916
303563
128782
75038
421371
253712
242527
390069
492645
233223
485463
264733
147163
135863
263989
334114
74657
238341
197883
267831
546128
247376
290562
306309
347690
387888
182189
46418
125862
161988
96957
758871
195215
313559
245094
203704
441221
175523
201773
328379
268437
797939
254887
198441
445131
180879
466408
248638
324866
454337
290220
208422
129636
296960
358030
272857
114122
178179
246834
105296
517800
183896
100533
168391
252584
290586
62971
227752
64823
418633
159716
188337
257177
343046
187803
219546
313142
118221
268740
466076
196005
273056
325964
316377
295433
391011
162990
538486
299230
67047
183785
392369
171388
191834
742694
208321
198343
487867
112056
328906
66321
493685
49020
289193
282236
624792
843732
482550
158173
467601
92587
56233
128237
425050
108647
202354
300887
257873
294558
315372
293016
128616
445236
386077
181517
41323
353031
138727
349954
210399
100009
318497
514296
324464
357636
354091
390801
74812
152079
511017
275709
151923
452084
122148
246664
304454
215781
256210
218086
329120
227225
207667
334997
104463
119190
111185
252846
436777
342358
372220
73625
263470
337469
278811
197490
227388
262429
122991
594831
67116
163020
87583
728938
514166
154266
85662
143003
234934
365866
223691
310001
277963
171103
290977
221865
132751
163214
87982
449743
256714
439195
227503
624637
939457
521454
133719
231699
835252
465347
126057
410321
52805
334757
252922
92980
228858
128534
544958
216417
162435
428853
234484
269194
483133
492981
144351
325016
248157
348870
228976
117636
171686
325447
390512
125493
111056
425033
97332
471854
264951
1004177
72588
525116
111337
260258
145463
352496
233110
114871
190626
628395
111999
315150
157852
50606
310515
392551
150106
180899
82763
405563
339029
305669
105580
262881
394396
297272
237605
184521
286605
395223
167081
206766
667782
298867
223448
632894
441819
184087
407500
369499
372125
155797
194520
205286
355659
68701
72723
332374
396824
462155
136573
136770
193575
386654
258276
484379
129809
110297
334328
113552
451636
93218
92510
59602
260856
109790
201986
104402
449650
144677
233717
248791
402858
759383
341779
100021
110299
505935
571702
250141
159249
226050
55889
152559
285567
155821
321201
94344
722030
164717
137891
301986
198425
214463
186768
124217
278276
210675
361537
93219
135399
38723
