391485
163758
341199
351655
816252
196530
475126
216918
752887
562895
578718
297343
113142
210422
67358
361236
181495
360434
74461
551076
356492
261924
134790
198880
473800
268346
371618
239954
198202
347528
343650
53123
117552
316905
391675
408035
406210
403076
361780
187234
133109
243404
56324
215244
506595
488096
156254
480107
86753
314822
110527
861349
168132
146517
621100
83709
416529
119929
198037
275847
880264
132450
553510
287271
296741
315297
174162
488503
486665
109320
259802
231880
195883
414665
328578
702918
551778
462154
183599
544773
146444
232003
370088
181782
113891
361275
385898
244528
145224
197313
159866
267465
306665
193305
105491
328108
619515
68694
773174
760287
431345
132271
443828
182264
694928
229176
248374
478621
318770
158312
644912
106864
140980
89080
162280
261537
352928
245078
515298
142827
778054
153123
324806
228394
359419
189503
121808
557473
108717
375726
109349
147235
414841
392946
234891
220725
134518
114997
68308
599170
135117
322162
190719
299333
67203
230007
327265
189301
287496
185626
318482
458102
665935
307715
361874
520531
130266
153980
678007
274414
100274
239599
167664
246277
796604
293922
183270
244248
536859
529910
420129
118812
270443
234870
150015
261248
270829
142227
119149
220205
165167
77789
141070
276165
55559
288900
204840
97414
387755
85465
171321
250497
158246
178311
380506
316642
285232
483774
191641
443206
148203
364290
908930
238748
110353
103067
142931
151825
421136
106988
461833
172396
253816
340732
410429
461096
140946
270205
37696
118872
64138
62333
213769
90040
460264
143364
197866
136444
106173
126978
544235
105941
215682
261297
514299
245463
885629
291739
355171
162856
485887
119412
493711
192190
871725
202471
1020665
368801
398231
156075
196494
266007
367628
129537
516175
249776
423440
342906
53779
325931
492199
232250
232910
174978
169158
545870
714794
143594
240352
111064
289566
541169
447208
752226
242277
388230
665047
284152
218030
510406
365509
187397
123288
224815
129060
358608
139667
313139
449180
282550
227768
488842
171908
232615
427543
183104
253496
287840
55101
159344
483521
253393
81547
339142
504706
686496
329081
244569
269142
362847
537723
401427
805741
114836
573797
181667
264573
85607
326925
169589
338045
259114
260317
83531
585812
217130
354615
70903
358981
443156
108775
118198
495281
209653
483325
99078
173103
397263
473286
242911
329906
274861
565944
135528
56948
128907
156422
157277
411214
39605
310516
225910
176969
138303
277824
81277
379418
435967
878425
848888
158384
250889
326641
148006
123568
148456
396282
589205
427875
770487
197821
107898
223096
368698
329852
122612
596336
441729
443571
267483
507701
342331
96194
110858
268485
70052
595326
474674
388176
213676
500040
522899
451223
388101
199144
144040
333208
286484
87455
98425
355346
623843
39746
238416
217596
369263
114851
275637
44559
181500
354661
376334
122721
237514
437627
60543
433958
246269
115478
197183
498014
205287
39874
148310
57758
362850
235524
87492
289429
108923
324483
108691
703169
474276
592261
212583
123915
111440
188338
281814
112044
56136
172682
255567
244864
110998
156104
51820
568102
110262
349607
90663
384383
287180
112565
112335
162142
671609
252591
240030
147872
99920
305793
219489
357512
192012
97157
446641
91053
55528
80441
298695
514814
361193
112459
193499
104143
305791
303364
76370
251226
559775
593187
224826
247974
300162
210562
53445
87659
87962
179345
186031
143252
381936
247815
260960
164027
99477
245097
166483
131993
202073
151351
146808
293145
142293
385683
228003
557418
161026
323145
255708
593262
188673
120193
429143
236012
199379
67805
347905
601420
207762
108462
167998
294552
136399
475493
308453
138346
113589
537918
127333
444835
291974
162093
507812
146158
208289
177549
222105
215746
83710
141262
586248
251717
137494
363065
1027127
150130
348952
292911
228724
147578
210978
61019
168222
121036
260922
182311
177636
473636
469134
145519
497026
98896
506228
476461
91833
384578
302284
268974
371000
87381
121439
432626
363716
424910
256516
240932
83705
191047
93034
123011
259565
498534
130216
162952
146220
263718
644352
274959
104547
310995
184431
169313
118121
309323
166848
348004
257125
42915
97123
393436
275452
117250
209196
417799
147146
129207
166163
90736
189350
307871
41886
303221
119019
302230
1031685
516592
119371
331828
66444
452441
160085
185743
78978
309749
274389
150736
269636
239128
149515
427420
207201
287246
183713
380553
138788
199510
252806
690019
510117
417353
293529
570708
154231
703715
416371
247585
402150
386236
351915
567971
392312
389687
141235
44003
237252
238509
184967
104161
592715
58097
158237
373925
249977
224252
159888
233190
142155
665555
335173
258059
164692
501122
152774
248835
103277
251683
264234
145841
218099
207347
158564
460736
207997
209851
54966
448082
294803
326699
413825
275635
193586
547043
238127
176760
189801
36198
427885
457371
164751
107892
297347
312259
240946
169353
116286
283091
176798
462544
156091
152902
213335
725298
360966
716045
380533
216807
223642
123303
273206
352325
238333
309865
183195
146470
312935
288977
557350
328849
123879
129783
611899
402838
78168
205442
170752
410893
512843
285583
90193
60129
286412
74017
263533
267709
707982
352155
151328
472633
314084
159528
68849
691021
130834
386904
135215
364869
356001
199671
337106
231050
266153
679596
248659
291695
289466
770725
171738
50159
483388
420857
71688
212576
71958
101450
451412
512971
202428
246488
806992
327507
399271
123379
275177
186571
132794
126242
474091
431773
402050
124422
505550
472491
226690
212334
205402
137059
719271
75734
379575
53591
334687
394001
230363
146908
186271
369131
265927
102047
153950
312223
699815
303609
162489
159799
298810
424544
151336
400236
338805
64785
69516
162997
261264
173714
268247
220908
181680
251888
272456
356397
165580
179084
208173
256266
265562
159898
171720
89412
102962
155094
397465
139610
366624
132948
99688
817254
259406
171278
523217
207080
111948
89460
91263
101706
517849
411972
345751
237335
298262
435063
132161
465989
283448
176729
375669
228956
156091
698903
162431
50853
342779
132413
200365
248993
233200
190211
388230
403323
443947
651214
469523
287424
77510
134562
108475
206249
504646
296328
207295
52798
411130
133998
281946
326640
343386
222137
604172
195564
168874
135686
331657
220485
256126
280739
345761
453328
165728
160392
265844
384570
160507
275395
140941
156491
97469
101795
85121
225464
149737
44836
127285
454288
267344
339483
104903
193492
286480
366292
188988
257054
427117
493449
463516
160977
756548
274498
122534
222810
431846
115288
338037
715701
360427
366252
526784
102404
665030
241679
351329
140169
399848
203276
80118
334718
102699
380569
177842
220045
591634
305872
249237
182723
300922
103559
469016
126684
310255
308596
186392
140636
226472
227044
361273
341185
228437
246923
385076
315717
292927
169648
256549
366035
432582
394838
256739
227778
419778
210008
72991
212494
162697
647037
414237
266657
231227
307782
258517
