283
279
279
279
277
330
278
279
278
279
314
279
278
279
279
280
279
281
279
317
294
279
280
335
332
279
278
278
279
278
278
279
279
315
291
278
279
279
314
279
278
278
278
326
278
278
278
278
314
279
278
280
313
279
279
278
279
277
278
279
279
280
315
279
278
277
329
278
279
279
278
279
278
278
279
280
312
295
279
279
314
278
279
279
278
278
279
279
279
279
278
326
278
370
388
295
296
295
296
295
295
297
296
295
332
342
374
296
296
295
295
295
295
296
296
294
296
295
331
296
334
279
278
279
279
279
279
279
279
279
278
278
329
280
314
279
279
278
279
279
279
279
279
279
279
278
314
277
313
279
278
278
278
279
279
279
279
279
278
278
278
329
418
278
279
278
278
278
279
317
278
277
279
278
278
416
278
279
277
278
278
278
278
278
280
279
279
280
279
382
280
278
279
279
279
278
279
280
280
278
279
278
279
381
278
278
277
279
278
277
278
278
278
279
277
278
278
367
308
279
279
279
280
280
279
279
279
278
279
281
279
355
309
278
279
279
280
280
279
278
280
278
279
279
280
343
324
278
279
280
279
278
278
280
279
280
279
279
278
339
312
293
278
278
278
279
279
279
280
278
279
279
279
338
278
328
279
279
279
280
279
279
278
278
279
279
279
340
279
314
279
278
279
279
279
279
278
279
279
279
279
339
279
299
294
279
278
279
280
279
278
280
279
278
279
340
278
279
328
279
279
279
278
279
279
279
280
278
278
338
279
278
313
278
279
278
277
277
278
279
279
278
279
340
279
278
296
310
280
278
277
279
278
278
278
278
279
338
280
279
279
328
279
278
278
278
279
278
279
279
279
338
278
278
279
314
279
278
278
278
278
278
279
277
278
332
278
279
279
279
330
358
280
278
280
279
278
278
333
279
278
279
279
278
331
279
278
278
278
279
278
278
314
279
279
278
279
279
327
279
279
279
279
280
280
279
316
293
279
279
279
279
300
310
279
279
279
279
279
278
313
279
279
280
279
280
279
330
278
279
278
279
281
279
314
278
278
278
279
278
277
316
290
277
278
288
279
279
328
280
280
279
279
279
280
297
295
279
278
279
281
279
314
278
279
278
279
278
279
278
313
279
279
279
279
279
313
279
278
279
279
278
279
278
299
309
278
279
280
278
314
279
280
278
278
279
278
278
278
313
279
278
278
279
316
294
279
278
279
278
278
278
278
313
278
280
279
279
313
278
278
279
278
279
278
278
279
278
329
279
278
278
300
338
279
278
279
278
279
278
278
278
330
278
278
278
337
381
583
545
348
319
341
391
517
336
351
310
315
317
388
346
307
307
307
373
305
315
351
379
414
551
574
459
451
385
365
338
427
383
434
398
349
400
381
365
384
409
380
417
399
382
339
374
327
323
320
364
380
304
307
309
309
308
306
308
306
309
307
366
422
393
279
279
279
277
278
279
278
278
279
278
499
326
504
279
277
278
312
361
297
295
295
295
296
295
402
279
278
279
278
278
279
278
277
278
299
354
278
297
374
370
278
279
279
278
279
278
278
278
279
279
278
318
357
278
277
384
293
278
279
278
278
277
278
279
278
358
293
278
278
278
278
279
279
278
279
278
298
479
331
326
279
279
278
277
279
278
279
279
279
279
278
313
331
402
278
361
279
278
278
279
278
279
279
277
279
281
338
332
279
462
278
278
279
278
278
278
279
279
279
331
295
294
277
278
427
280
279
279
280
279
278
277
322
295
307
293
278
278
280
279
474
278
279
279
278
278
349
279
330
279
278
327
279
279
279
279
278
279
401
338
277
279
313
278
278
279
363
280
277
278
279
279
280
331
279
279
314
279
279
278
278
278
280
279
278
278
280
327
278
277
315
278
279
278
277
278
279
279
278
280
302
323
279
280
311
309
279
279
279
278
280
279
280
279
348
278
278
279
278
328
278
277
278
278
279
279
278
278
333
278
277
278
278
329
278
278
278
279
278
279
278
279
333
280
279
278
279
299
292
278
279
279
279
278
279
278
333
278
279
278
278
278
342
279
279
279
278
279
278
279
346
278
278
278
278
278
314
279
278
278
278
279
280
278
333
279
279
280
279
279
298
293
279
278
279
278
279
278
348
278
279
278
279
278
278
328
279
279
277
279
279
279
348
278
278
278
278
278
278
328
278
279
279
278
279
280
351
280
279
278
279
280
279
314
295
279
278
278
280
279
364
279
280
278
278
279
278
279
330
278
279
278
279
280
333
278
279
280
279
279
280
280
315
279
278
279
278
279
