148970
92558
86370
119931
199136
57171
182773
208483
74846
422635
187261
546322
252073
182053
144954
139408
408032
152362
839848
307813
159447
192041
341020
436494
288407
252508
160374
144178
207119
55191
164572
58276
131307
98690
301703
230894
361033
564140
95321
237296
194961
132354
141880
102006
259943
174860
185646
513606
234422
131353
288279
356575
163617
234727
458027
131188
151349
256354
101068
235288
349389
258607
520525
151584
105301
154087
267062
68237
153281
582449
155960
260779
589149
446459
289804
191341
369406
107766
220405
109310
201477
101270
617766
165909
55888
313261
158767
826913
267718
158576
328286
62028
458076
105439
178323
733687
99240
132846
330306
254616
410498
193375
118920
67997
154819
601595
84499
150524
279160
356655
409120
298925
64044
198431
102950
321106
195912
52926
541985
244241
307699
437305
220001
232736
168883
136908
549332
206385
231784
188693
109851
200885
416224
174063
85292
119817
122742
342561
276039
80678
222556
320127
309771
79151
333634
659689
805380
443592
221267
275579
743106
153263
273678
67714
403430
466958
357201
684487
166393
88162
180551
398219
172082
243219
372710
227709
239438
142780
458694
777393
205250
213237
233254
61082
395813
512189
207187
220177
74884
122429
237701
181815
105911
170056
150925
523102
396343
98507
396510
340708
460576
278131
99008
319222
399078
57851
154587
110447
63365
145267
435155
150887
223076
151634
314031
128807
345996
240961
127166
368192
329213
137522
58551
282317
282243
181637
164301
116525
146654
327350
952132
152260
422711
787314
159683
509314
188173
267337
93624
253432
317193
312826
286975
334855
166036
596293
272758
583067
256779
124022
208932
418292
131468
67559
217000
96489
110201
156368
64644
208899
118037
64301
99500
270311
403459
210329
251794
514365
803005
605266
112109
344071
115367
104069
161913
107860
250396
229587
82251
114843
529453
247365
203033
195160
186961
204720
262656
236839
53965
300694
199608
160142
99547
139169
106489
264827
139592
175107
304272
221143
471805
264205
337921
603394
88227
114471
118375
694499
126741
181243
142501
81193
432799
79467
160084
226520
242961
229487
107541
142218
170996
569211
118906
243423
180517
154104
314708
441544
216809
315516
254106
222467
290118
395534
148324
127070
241980
298845
188525
269830
94805
428161
84008
272528
140556
277340
354984
185195
568316
704667
265124
165992
138887
200919
441249
831932
168925
702662
244749
141360
577352
537298
195269
285061
61062
90239
899567
180424
107576
166040
219297
153262
252702
299212
103912
181326
203206
54074
222287
180569
387817
336529
244333
628356
867716
286402
453032
208354
84172
256097
188755
344551
420305
151013
618866
81523
170195
379071
83316
178337
226839
108791
150966
295503
156340
199465
141856
570525
227206
131103
441298
104374
179472
194796
246938
309325
92602
121951
555778
235210
201785
413120
120837
523170
460287
315957
102721
463258
191936
548718
215360
200794
325022
184947
219252
194551
212569
306731
556441
510544
534226
483910
43201
170832
237937
455873
94111
595874
330669
272297
271235
473163
222557
274634
712624
195488
581030
308706
289239
172609
77823
437298
135297
89776
397806
342973
171137
301998
350433
556184
210834
192074
116716
217970
347827
420844
182213
246802
288588
258913
126072
384144
190999
267694
173486
587086
463830
149103
562443
200260
339397
348239
175543
343677
234715
224849
274182
89470
291171
157017
150450
538743
116391
348841
394199
309803
96078
251458
304113
121221
281928
386254
96104
358971
254247
729715
280497
309669
115135
126990
610555
247778
281595
162668
199913
137639
218335
69843
408671
62851
208281
458567
156925
481326
291433
282579
203432
137311
229038
158273
438081
81258
147692
89984
263927
123404
397985
140477
131024
454482
258217
723357
897463
234444
208441
205779
152469
808206
277366
135283
493997
265982
431083
340061
694514
266698
313834
365475
370741
270971
395514
145640
74419
407736
267116
231882
1164516
285523
181178
87557
445379
272776
176615
272781
392564
216024
357732
63834
244763
216542
62095
413024
164336
379020
318308
342010
185283
381845
449078
793147
349691
216198
197813
119309
193694
829429
487439
129835
233989
160505
107102
484344
273605
174296
167689
72239
436589
121659
120907
130041
296069
485304
423050
298951
277966
207094
74207
310582
287932
367877
219205
578627
241390
192665
440121
905128
375689
481987
508572
310477
165609
420808
331504
272650
216784
101638
98241
85246
223482
118042
115793
381641
328071
531641
155730
145677
128428
94857
530347
331888
504012
217593
610847
111606
232454
81561
149979
145632
120510
139395
78006
74868
220916
368156
322012
58231
201656
143866
473360
169102
649696
812304
171642
249451
54116
119622
598144
217754
83974
672361
113171
105062
563020
185850
46486
512722
134890
500567
318568
363435
313684
671468
258914
620060
309049
401282
529958
40029
214872
602068
151549
151371
271871
241262
128536
717511
232365
171641
364997
268271
277492
271683
569338
106910
78671
1047618
91610
115042
258675
180083
270893
139017
112610
107678
192606
212959
208715
185885
523720
80247
225798
136055
423738
194089
127075
344310
227618
226673
406379
276131
135336
120890
111431
83976
47450
167984
312277
608418
292359
253404
160518
418494
141914
120779
122449
311014
293776
581307
316463
121863
507017
35044
437260
714342
340839
312743
205437
361126
119506
160365
283538
252547
456849
227925
299312
318466
383833
186288
117578
319772
103425
424946
205287
400084
385294
36681
194923
181801
157086
182166
84294
206275
521998
374003
246891
212605
228695
220125
505902
431449
218949
376854
207735
170206
174325
210180
189479
229049
183157
494732
291895
291010
427494
359739
247326
546060
557195
170306
292020
137264
335899
334920
383380
107952
606249
128592
263313
243228
295207
193780
110813
262878
517482
160631
546185
757720
458721
76548
332458
130509
234949
84353
114039
156187
117761
226392
305808
274800
227171
112011
357375
365923
398382
418231
347435
207917
506181
304166
69647
88179
158734
377206
322935
331056
101350
149518
177597
329259
166228
177001
144644
247717
109748
124035
398667
196636
81342
140075
163423
247291
150288
352379
303835
110644
819455
466233
135821
154087
85160
123983
213883
178352
57957
452760
93937
559812
291748
75529
873209
121729
107719
620406
101574
108236
328213
236211
337729
91757
315465
192314
264881
235791
79364
222601
74451
242380
147779
138241
85828
219943
456708
322030
419633
348776
753792
124439
364752
141769
102674
160431
242137
244164
128990
249025
258309
398626
373396
278408
617612
581220
369971
285916
333941
211079
313283
346384
276258
549617
155926
137067
410362
82786
81278
289426
88442
99608
199567
141085
282297
85600
76547
216741
94656
101777
551635
163801
206521
402306
419296
245517
97751
117204
245738
485979
181812
326888
575360
425061
524757
273443
239711
478981
144173
155560
132879
699081
131336
246431
267428
594154
157821
153706
357063
199918
201875
127569
699165
204634
290358
65126
