3755
3720
3808
3686
3700
3734
3719
3697
3701
3735
3727
3724
3691
3696
3756
3727
3694
3702
3701
3742
3682
3677
3777
3716
3682
3694
3730
3742
3731
3700
3746
3728
3725
3725
3725
3730
3733
3714
3699
3709
3753
3739
3742
3702
3760
3891
3717
3755
3706
3707
3695
3692
3726
3685
3702
3713
3728
3759
3725
3697
3700
3718
3731
3697
3738
3655
3679
3698
5303
5092
4718
4491
3920
3723
3742
3748
3819
3700
3671
3713
3637
3697
3741
3743
3680
3659
3658
3645
3660
3706
3664
3662
3648
3655
3695
3797
3698
3713
3710
3703
3702
3693
3737
3681
3725
3722
3720
3691
3704
3696
3671
3702
3652
3635
3637
3664
3635
3588
3598
3627
3651
3639
3673
3663
3650
3851
3696
3734
3719
3728
3719
3711
3724
3704
3712
3697
3713
3742
3743
3725
3728
3707
3687
3717
3705
3708
4021
3743
3702
3697
3717
3739
3703
3686
3666
3676
3705
3668
3660
3663
3746
3683
3701
3735
3714
3697
3700
3703
3717
3715
3685
3812
3697
3729
3766
3699
3698
3706
3735
3738
3721
3723
3715
3725
3698
3725
3694
3714
3806
3704
3696
3666
3674
3646
3684
3690
3793
3893
3702
3676
3717
3743
3714
3745
3690
3790
3731
3710
3696
3708
3712
3704
3715
3724
3724
3771
3722
3705
3708
3701
3841
3719
3748
3731
3720
3734
3708
3720
3686
3698
3708
3735
3704
3716
3689
3683
3673
3663
3682
3711
3763
3756
3747
3721
3707
3679
3743
3805
4878
3680
3865
3711
3698
3721
3713
3704
3700
3709
3718
3732
3741
3733
3736
3690
3699
3675
3843
3735
3730
3708
3787
3822
3700
3818
3708
3711
3725
3729
3694
3720
3715
3706
3697
3701
3726
3700
3749
3741
3650
3684
3693
3741
3699
3726
3712
3712
3727
3702
3765
3855
3717
3932
3939
4336
4084
3653
3670
3661
3682
3687
3720
3730
3780
3712
3690
3868
6173
4928
4694
4243
3934
3890
3981
3954
3703
3657
3686
3681
3653
3702
3705
3708
3727
3717
3711
3685
3749
3699
3725
3731
3711
3703
3708
3701
3697
3690
3680
3736
4056
3695
3715
3698
3712
3697
3680
3702
3704
3693
3681
3690
3700
3679
3712
3651
3667
3680
3714
3706
3701
3722
3728
3735
3676
3855
3687
3707
3698
3717
3692
3718
3742
3719
3707
3705
3706
3692
3679
3704
3723
3697
3676
3715
3703
3698
3762
3689
3673
3685
3704
4261
3757
3695
3697
3646
3646
3681
3722
3709
3716
3703
3685
3702
3764
3732
3696
3697
3697
3684
3736
3705
3732
3703
3699
3737
3799
3730
3730
3719
3704
3714
3744
3929
3710
3691
3734
3694
3794
3716
3747
3786
3727
3730
3703
3655
3662
3677
3700
3679
3727
3741
4097
3662
3655
3651
3624
3631
3641
3632
3620
3630
3679
3723
3678
3705
3724
3697
3699
3724
3727
3726
3698
3690
3701
3713
3763
3807
3669
3648
3653
3666
3650
3621
3603
3594
3628
3686
3697
3729
3704
3731
3735
3732
3702
3714
3775
3764
3714
3656
3642
3772
3707
3942
3715
3705
3675
3740
3717
3718
3699
3709
3719
3707
3703
3735
3698
3730
3715
3719
3777
3720
3684
3672
3723
3684
3642
3647
3732
3970
3793
3704
3697
3727
3714
3715
3713
3747
3719
3707
3716
3753
3894
3739
3712
3705
3711
3758
3737
3719
3741
3735
3719
3775
4095
3779
3694
3731
3686
3676
3696
3680
3730
3815
3713
4044
4239
4756
4794
4078
4019
3871
3953
3810
3655
3692
3690
3663
3758
3727
3681
3721
3688
3699
3697
3699
3689
3748
3723
3715
3714
3746
3726
3677
3688
3680
3682
3681
3707
3737
3721
3694
3732
3686
3750
3775
3735
3737
3734
3746
3716
3667
3663
3690
3682
3715
3760
3726
3686
3702
3693
3723
3701
3689
3816
3747
3727
3732
3711
3732
3757
3715
3675
3692
3671
3701
3715
3731
3711
3730
3694
3754
3740
3746
3746
3709
3712
3728
3742
3660
3692
3664
3709
3726
3748
3900
3775
3712
3708
3693
3713
3696
3736
3717
3701
3684
3716
3692
3704
3731
3658
3719
3719
3707
3712
3741
3741
3736
3734
3718
3738
3703
3690
3710
3708
3714
3706
3812
3651
3665
3703
3711
3737
3751
3688
3727
3735
3687
3711
3734
3737
3706
3700
3702
3694
3706
3728
3767
3683
3703
3706
3700
3740
3731
3705
3686
3710
3719
3724
3742
3727
3680
3686
3699
3717
3646
3651
3669
3717
3706
3713
3701
3700
3720
3706
3718
3720
3679
3705
3681
3717
3721
3695
3732
3698
3732
3694
3711
3721
3720
3803
3726
3712
3702
3714
3745
3713
3680
3813
3717
3738
3750
3695
3698
3694
3685
3720
3713
3732
3727
3817
3701
3704
3703
3701
3686
3673
3709
3963
3868
3695
3790
3688
3719
3692
3708
3710
3741
3718
3693
3698
3745
3711
3732
3701
3703
3679
3714
3710
3702
3786
3714
3733
3813
3751
3700
3678
3653
3666
3882
3706
3730
3820
3718
4748
4902
6032
4818
3707
3734
3830
3844
3737
3733
3760
3716
3723
3802
3729
3675
3665
3664
3735
3737
3744
3774
3726
3752
3728
3740
3741
3701
3712
3712
3759
3739
3726
3736
3743
3738
3713
3719
3674
3683
3685
3651
3727
3745
3825
3738
3711
3696
3722
3716
3715
3712
3727
3718
3704
3696
3657
3651
3717
3814
3738
3710
3727
3733
3720
3712
3733
3725
3693
3725
3735
3710
3710
3726
3731
3741
3700
3696
3673
3741
3725
3733
3696
3700
3719
3741
3730
3716
3729
3743
3747
3716
3749
3684
3693
3917
3691
3661
3683
3691
3734
3726
3749
3710
3724
3716
3745
3730
3749
3745
3794
3714
3725
3710
3676
3703
3688
3701
3765
3729
3696
3717
3834
3729
3714
3730
3725
3685
3720
3695
3712
3714
3709
3756
3708
3665
3694
3665
3705
3714
3684
3733
3734
3716
3715
3729
3862
3714
3733
3688
3673
3686
3684
3731
3704
3710
3703
3705
3713
3714
3713
3744
3708
3712
3719
3720
3696
3692
3687
3742
3720
3651
3655
3681
3702
3712
3708
3715
3730
3781
3775
3700
3733
3705
3832
3726
3699
3713
