285
283
282
282
353
299
282
282
283
282
283
284
283
283
285
286
284
282
326
315
283
281
282
282
282
282
283
281
282
284
283
283
330
301
282
283
283
282
282
283
283
282
283
283
283
282
355
390
283
283
282
282
281
282
282
285
282
281
283
339
297
331
283
282
283
283
283
282
283
282
284
282
283
336
282
317
282
283
283
282
281
282
281
281
282
284
282
358
283
317
298
281
282
282
283
283
284
283
282
282
281
338
282
302
300
283
283
281
282
282
282
282
282
284
283
352
282
283
318
282
284
282
283
283
283
282
283
283
353
283
282
282
317
284
282
283
283
303
399
282
355
355
369
282
283
335
282
282
282
282
282
282
282
283
284
343
284
281
282
319
282
282
280
281
281
280
282
282
282
355
281
283
282
345
281
282
282
283
283
282
282
282
342
283
283
282
282
331
283
283
282
282
281
283
283
282
344
283
282
282
282
315
301
282
282
281
282
282
282
283
348
281
283
282
283
282
317
281
281
282
282
282
282
283
336
283
281
283
282
280
333
282
282
284
282
282
282
353
282
282
281
282
282
283
318
281
280
281
282
282
282
337
283
282
283
283
282
283
331
285
282
284
282
282
282
339
282
282
283
282
282
281
330
281
282
282
282
283
282
336
281
281
282
282
283
282
303
297
282
282
282
282
320
328
283
284
282
282
282
282
282
319
284
283
281
282
340
351
282
323
282
283
282
321
341
282
282
282
282
326
296
282
281
282
281
282
283
282
319
283
283
283
283
372
281
281
282
284
282
335
312
281
331
283
283
283
350
313
332
283
283
282
282
282
281
282
333
282
281
283
369
283
282
283
283
282
281
282
283
281
333
282
283
282
346
283
282
282
283
282
283
282
282
281
318
284
283
326
299
282
282
282
283
283
282
283
281
281
319
297
282
357
283
282
283
282
283
284
282
283
283
282
302
314
282
343
281
282
282
283
283
282
283
283
283
282
302
316
282
353
282
282
282
282
283
284
282
282
281
282
281
317
327
338
282
282
284
282
281
322
283
281
283
282
301
316
375
282
282
281
283
282
281
282
283
282
282
282
302
318
342
282
281
281
282
282
281
283
283
282
282
282
281
397
295
282
335
313
283
282
284
282
283
282
281
282
302
367
282
283
281
281
281
282
281
282
283
281
284
282
282
357
282
282
281
282
282
282
282
281
283
282
282
281
282
384
284
282
282
283
282
282
282
281
282
283
282
282
354
328
282
283
282
282
283
283
282
282
284
284
283
282
372
346
282
281
281
283
281
281
283
284
282
282
282
282
357
317
282
283
281
283
281
283
283
283
282
282
282
356
299
332
281
282
283
283
283
281
281
282
282
282
282
350
282
319
298
281
283
283
283
283
282
283
282
282
282
337
281
305
297
283
282
283
282
283
282
283
283
282
281
368
318
318
298
284
282
282
282
284
283
283
283
283
339
283
283
303
313
282
283
282
281
281
282
282
283
282
338
283
282
282
318
283
283
283
282
282
281
282
282
282
336
283
281
282
318
284
283
281
281
282
284
284
283
281
337
282
282
281
346
282
285
334
282
282
283
282
283
336
283
283
282
283
347
283
283
283
282
283
282
282
282
367
282
282
283
282
332
281
283
283
282
283
282
283
322
312
283
282
281
282
320
282
281
282
282
282
283
282
352
283
282
282
282
283
332
282
281
282
282
282
281
283
338
281
281
284
283
283
317
297
282
282
282
282
285
282
351
282
283
282
281
281
284
345
284
282
281
283
282
339
296
283
282
283
282
281
281
330
281
282
282
283
282
366
282
282
281
282
282
283
282
317
282
284
282
281
281
338
282
282
282
283
282
282
282
318
281
280
282
280
281
422
334
282
282
283
283
284
283
334
283
283
282
282
340
336
324
557
579
518
347
312
425
451
402
434
313
431
432
315
342
405
313
310
368
336
301
299
481
450
480
412
387
384
320
354
331
365
419
315
384
384
382
389
364
464
406
351
351
384
356
452
373
395
319
319
338
300
299
299
299
300
300
300
300
298
298
299
299
366
283
317
299
282
281
282
282
284
283
281
321
295
283
374
282
281
281
281
282
283
282
359
337
282
333
282
350
282
283
282
282
282
283
283
282
282
282
283
495
358
283
282
284
282
283
283
283
282
283
282
282
303
297
337
284
283
282
282
283
282
283
282
281
282
283
282
372
299
284
282
282
283
283
283
283
282
283
282
286
284
366
298
283
283
281
282
281
283
281
283
282
281
282
282
373
282
389
322
283
282
282
282
281
281
282
283
282
325
