156218
144181
173413
249325
609536
199545
285417
283607
280938
449891
140086
277537
284165
145785
228608
309616
126966
288208
504913
457820
432057
345906
227027
233311
332332
224157
148112
131308
112048
34928
337713
107518
131871
353151
115190
196036
155181
42028
45328
280706
87814
305835
276434
290181
227740
258628
324078
515827
213694
63080
226059
164050
284078
342162
225087
236875
460500
123414
485335
162973
244776
385890
60769
253144
216737
45770
103356
272657
162181
441076
251908
471033
196490
403326
199687
413179
258687
479193
473788
252305
365187
665245
325670
90494
280142
101495
219689
72413
118250
151554
308577
209637
170127
252327
276968
471434
363752
312825
174376
74722
121786
454328
199772
188986
181929
191988
551908
397186
98783
192439
213795
404830
100467
73040
453222
76090
186285
194077
456283
542154
262000
172676
381773
175474
149138
767570
394530
162408
144873
131890
305017
169857
123678
492877
223370
114556
401124
284786
532745
371127
182691
466069
433144
118235
110885
309528
162033
233898
241650
141687
109864
353918
339012
513945
208040
228116
216038
153258
93097
265609
55546
360821
80007
332416
123774
985035
344758
326085
381462
101750
278926
99552
217301
171822
126057
351422
172215
285693
809870
167192
187886
430843
252161
187885
311331
380158
216942
156219
50120
262075
180966
94150
244277
169525
92439
286100
224298
116254
138681
425670
771013
451119
304304
108660
662605
278765
378364
138819
470899
102290
246210
247106
99008
463812
249107
290399
176590
57042
262880
701209
75797
148420
278311
359263
173800
682392
105536
108827
465287
159177
158482
277321
409105
140296
384075
345694
515552
238689
224594
72002
535481
414331
141560
226842
72703
101793
637114
328956
595399
306355
187864
465981
419877
109507
189710
393061
97917
238536
184822
233400
325741
166774
113644
1015427
85062
112639
333527
264626
232026
274347
829936
42527
248269
150875
566716
188305
481958
325983
224580
261414
204918
405295
203704
292074
337959
360814
302395
106453
211538
181844
166023
169336
115354
282521
816221
135332
325984
232707
377513
318354
180465
856916
321143
243259
93954
305662
376264
358521
132921
213574
222795
248093
528289
230175
241480
321328
264984
137298
322313
237610
177578
147623
347297
107673
118726
248277
240566
253195
141583
141821
221109
294531
252644
442615
144447
581209
336212
130014
147161
163243
61504
297281
111639
88384
168700
265566
259742
129986
49161
147745
398520
523998
239096
103149
429702
152334
451905
142723
799800
73367
169858
247666
413347
197471
374886
214956
586429
291148
280118
332312
382987
219585
74814
143605
772819
229282
351756
218327
168556
156406
209180
155303
116946
235938
323908
246168
177255
290221
106086
365557
281614
58173
223354
169153
216621
120600
231637
139947
200969
425697
84480
198161
302123
356292
732479
501254
771062
264049
144901
202820
117128
132190
250600
115921
246502
422115
197707
177938
276745
182067
327898
172999
658595
252552
289357
404495
95918
51329
208346
160407
202028
90208
238367
232484
428962
467701
193011
383672
227201
407906
187956
117409
213326
635974
144236
157730
424001
530524
324826
309880
173124
903082
313933
581462
157920
98921
463985
76450
912975
153364
76685
315165
261731
155717
218632
240338
548440
237919
148440
329242
268337
577523
344694
116626
1166900
301466
220971
122716
324043
326567
179960
109890
86943
172809
156356
397033
768153
335229
192389
170197
91249
215184
47837
168234
92961
131511
474669
371462
219897
482858
400523
469577
493040
288268
302202
270702
392460
176277
530237
279360
72893
176243
307544
146339
332722
157335
225541
252821
223979
312372
152158
123375
373242
85517
207438
363578
368359
900824
107363
41320
307058
254669
281459
334141
151766
709428
163111
267499
769519
317570
122288
270111
123031
153249
215506
127055
428093
457657
145698
122203
436657
366847
224992
858990
446621
366145
355425
161782
406760
583709
451896
919337
334472
604650
136706
141149
194182
497639
79485
327954
504059
254015
109406
290453
205893
280963
474945
407089
239277
330672
198055
261270
760503
309724
260258
112021
300701
766395
146198
269828
490776
459018
122355
134431
50256
320754
481449
596242
324437
120906
209798
96073
538927
395081
218431
441648
40594
347716
261550
164094
155663
377104
275223
276972
209879
274056
112483
296900
122544
500222
169776
577568
149638
59384
517817
249342
280573
487434
368047
62948
123457
603133
157070
388940
583704
110351
229447
399505
198665
283440
596033
240347
359512
138917
292945
512090
108379
165063
127856
304256
317152
1300018
594933
114660
196555
134346
393887
363392
118987
276300
365777
325190
173066
143322
252288
243217
705559
538612
216593
230771
125075
198977
479833
242801
313392
314941
743278
364386
104796
175918
697582
162949
317316
111998
93240
234509
270050
167969
347033
372101
271241
309541
781842
188207
99544
77987
344074
514028
336829
324502
497538
129053
207140
276496
370347
205833
606502
146995
162049
439363
151783
122063
288982
210130
281499
241532
243653
994038
214306
267968
146036
355923
344349
212765
132066
165100
284811
261697
111166
189016
115756
164312
472449
59001
178397
376192
285780
191443
156795
122079
334247
131379
224694
221287
583203
257381
470382
95857
379974
718713
303844
336317
119173
288435
283815
78795
115487
459729
416985
175685
108043
412752
112801
155632
115148
147894
337227
294962
196586
154344
504450
347973
82979
315656
152906
556784
518579
87221
216463
818334
358336
128073
528225
222842
153315
125539
141103
281671
111912
187605
442034
203561
92027
594883
277629
100897
129308
489063
182918
64035
306307
272686
264137
150154
104245
319470
145830
151652
335538
346133
214177
154047
211523
250868
1177195
268436
323404
96295
282624
235994
233772
135422
160590
44413
509605
559716
136518
76175
347727
493051
422963
379887
249436
230054
92515
297750
161448
119598
110495
323439
220822
233443
102368
110085
140527
322164
89670
164043
486659
561999
148321
68291
812935
224186
826453
47496
379214
583503
259952
114189
292015
93528
125528
565335
501933
102676
440361
739107
168854
145745
205298
474836
297625
499695
511318
73880
87929
143342
174167
89851
686841
544847
173334
104080
211684
438766
385543
227240
217760
239047
509570
392847
138669
146837
134794
548171
151225
312525
552970
275708
203226
380519
80614
154711
162209
236127
571448
84585
223201
292881
344070
234612
295488
425096
141574
127703
229591
246498
297868
220253
508389
431812
217858
349226
572939
80408
254583
136714
155174
151879
122705
213631
80585
125090
348953
548099
277234
127008
267688
386717
99924
233833
364860
208156
443415
150773
523539
239659
236162
523134
424921
400544
384491
273922
56179
255954
449124
101180
459019
76506
404166
265782
204062
208255
115523
133642
214691
126841
160208
169732
105655
487803
275790
201729
132181
512996
307385
160605
108065
424250
261284
212241
289759
373063
94221
347719
187767
305005
285897
225172
304321
183939
413510
624238
180696
304241
254494
120569
289217
341538
