3574
3567
3570
3569
3570
3572
3579
3568
3568
3567
3567
3564
3578
3562
3572
3569
3567
3570
3566
3566
3567
3564
3566
3557
3570
3567
3564
3563
3560
3581
3671
3567
3600
3575
3593
3565
3570
3574
3567
3569
3576
3568
3576
3570
3570
3559
3571
3574
3567
3566
3575
3573
3566
3569
3571
3689
3733
3567
3565
3564
3560
3571
3564
3573
3571
3571
3581
3642
3592
3573
3577
3570
3569
3574
3577
3606
3581
3559
3560
3559
3572
3584
3581
3627
3618
3581
3600
3567
3599
3576
3579
3568
3561
3570
3579
3572
3573
3562
3567
3559
3572
3566
3565
3574
3557
3557
3560
3576
3565
3567
3565
3582
3575
3568
3565
3565
3566
3582
3570
3581
3631
3598
3609
3611
3602
3562
3564
3592
3585
3608
3566
3565
3579
3564
3582
3561
3612
3571
3578
3611
3577
3609
3574
3560
3564
3567
3579
3568
3565
3561
3566
3581
3559
3574
3570
3574
3565
3563
3567
3566
3581
3562
3559
3563
3565
3564
3561
3562
3563
3562
3570
3575
3569
3556
3577
3561
3567
3560
3567
3564
3561
3573
3571
3571
3564
3564
3559
3562
3558
3674
3570
3580
3566
3566
3947
4647
4553
4321
3739
3642
3598
3651
3616
3597
3583
3577
3619
3568
3559
3564
3585
3578
3563
3565
3562
3565
3579
3577
3561
3580
3567
3584
3561
3560
3563
3558
3572
3564
3562
3559
3569
3663
3601
3597
3612
3601
3566
3560
3560
3560
3561
3646
3571
3610
3569
3596
3559
3575
3565
3572
3569
3570
3569
3566
3577
3568
3559
3569
3570
3572
3577
3568
3566
3568
3570
3562
3569
3570
3568
3581
3570
3570
3573
3564
3579
3578
3578
3571
3571
3566
3565
3574
3573
3570
3573
3577
3569
3567
3575
3578
3567
3577
3567
3568
3693
3575
3603
3572
3596
3583
3570
3567
3608
3557
3560
3562
3560
3562
3568
3571
3580
3712
3778
3623
3708
3616
3603
3571
3608
3565
3562
3566
3617
3579
3565
3562
3558
3567
3565
3572
3568
3637
3564
3564
3581
3570
3566
3561
3566
3567
3569
3565
3578
3568
3563
3570
3576
3630
3602
3564
3598
3565
3630
3621
3597
3611
3596
3562
3575
3562
3564
3575
3567
3566
3568
3564
3570
3578
3565
3575
3575
3566
3573
3569
3576
3559
3577
3565
3574
3566
3563
3572
3571
3569
3581
3586
3566
3587
3562
3578
3620
3569
3565
3569
3568
3564
3568
3569
3581
3574
3624
3601
3562
3603
3579
3626
3603
3565
3563
3568
3564
3561
3558
3582
3564
3583
3564
3557
3561
3562
3572
3550
3560
3559
3557
3559
3559
3557
3556
3561
3559
3564
3557
3619
3673
3633
3618
3656
3611
3600
3627
3608
3610
3563
3581
3563
3561
3560
3583
3563
3564
3578
3886
4872
4410
4540
3899
3863
3867
3980
3864
3845
3594
3656
3599
3608
3611
3602
3561
3566
3581
3566
3550
3557
3571
3563
3564
3557
3556
3563
3566
3566
3568
3570
3565
3564
3559
3559
3563
3565
3578
3562
3563
3581
3568
3554
3557
3555
3561
3586
3559
3625
3601
3610
3621
3646
3567
3612
3579
3596
3569
3564
3562
3567
3568
3564
3571
3561
3561
3574
3562
3581
3562
3588
3571
3564
3562
3567
3568
3555
3563
3557
3571
3563
3562
3587
3587
3559
3574
3568
3567
3558
3559
3558
3563
3562
3567
3566
3560
3583
3563
3570
3564
3568
3572
3561
3563
3561
3609
3565
3598
3563
3592
3578
3566
3559
3568
3581
3568
3557
3563
3578
3562
3559
3578
3560
3563
3583
3570
3568
3565
3553
3566
3560
3562
3568
3563
3601
3562
3570
3565
3569
3568
3563
3586
3568
3565
3563
3569
3567
3563
3581
3563
3568
3581
3565
3567
3571
3575
3567
3564
3592
3607
3569
3601
3579
3607
3579
3565
3568
3568
3569
3564
3565
3566
3569
3570
3570
3585
3557
3562
3565
3575
3566
3570
3565
3565
3568
3567
3565
3552
3565
3574
3592
3570
3595
3570
3568
3565
3581
3583
3560
3574
3576
3566
3572
3559
3572
3567
3569
3565
3566
3579
3588
3595
3605
3566
3610
3560
3614
3565
3564
3575
3562
3565
3564
3572
3579
3565
3562
3565
3566
3564
3566
3568
3565
3563
3567
3556
3571
3567
3576
3568
3585
3577
3578
3571
3573
3567
3565
3569
3571
3557
3566
3581
3557
3572
3572
3570
3576
3855
4380
4752
4487
3888
3856
3839
3756
3626
3604
3602
3599
3614
3567
3564
3571
3608
3561
3619
3570
3577
3583
3568
3572
3575
3579
3573
3563
3564
3568
3576
3578
3579
3568
3565
3570
3564
3563
3552
3558
3564
3579
3558
3563
3567
3575
3579
3561
3564
3556
3564
3559
3561
3563
3558
3569
3564
3564
3562
3611
3603
3559
3631
3569
3602
3581
3559
3565
3562
3578
3558
3574
3582
3571
3571
3584
3576
3563
3578
3577
3564
3568
3577
3562
3562
3562
3561
3570
3564
3584
3567
3584
3576
3577
3583
3570
3563
3570
3566
3569
3566
3580
3560
3586
3585
3566
3562
3565
3564
3581
3567
3566
3586
3603
3575
3601
3571
3597
3570
3569
3573
3561
3562
3568
3584
3565
3569
3559
3563
3566
3565
3574
3573
3639
3569
3580
3569
3565
3574
3568
3561
3560
3567
3562
3572
3564
3566
3584
3576
3566
3566
3569
3571
3576
3565
3561
3565
3568
3570
3568
3572
3560
3567
3569
3568
3566
3600
3609
3566
3605
3582
3599
3582
3563
3565
3581
3571
3557
3559
3565
3558
3560
3562
3561
3545
3566
3562
3565
3560
3561
3564
3560
3579
3584
3575
3560
3560
3564
3566
3562
3666
3569
3576
3578
3576
3568
3569
3589
3616
3564
3575
3580
3561
3558
3565
3566
3556
3568
3566
3588
3584
3563
3616
3573
3611
3558
3571
3574
3580
3567
3565
3562
3567
3562
3582
3631
3606
3584
3596
3631
3609
3559
3608
3563
3596
3558
3555
3584
3563
3578
3568
3582
3564
3562
3562
3573
3564
3561
3833
4016
4752
4834
3896
3859
3840
4032
3837
3839
3691
3637
3635
3618
3584
3616
3581
3599
3562
3566
3579
3568
3560
3559
3572
3585
3561
3577
3568
3565
3561
3563
