3599
3608
3603
3593
3608
3613
3612
3652
3609
3603
3593
3635
3635
3601
3596
3595
3643
3594
3609
3600
3607
3613
3604
3601
3598
3605
3602
3595
3615
3602
3600
3610
3609
3600
3600
3606
3642
3640
3632
3596
3656
3601
3604
4061
4526
4571
4412
3884
3878
3986
3825
3906
3869
3667
3605
3622
3597
3592
3731
3596
3598
3602
3610
3641
3604
3596
3609
3598
3602
3602
3637
3643
3609
3638
3596
3634
3609
3602
3594
3644
3650
3684
3646
3659
3631
3632
3612
3599
3630
3611
3596
3614
3590
3600
3601
3600
3608
3627
3598
3596
3603
3600
3599
3606
3616
3604
3596
3652
3599
3601
3701
3670
3630
3668
3648
3634
3607
3607
3604
3609
3607
3608
3605
3610
3631
3606
3600
3594
3606
3599
3604
3607
3613
3600
3607
3599
3608
3606
3593
3609
3678
3595
3607
3611
3600
3595
3595
3604
3602
3606
3606
3599
3594
3608
3596
3600
3604
3613
3601
3606
3608
3598
3593
3792
3646
3663
3641
3665
3599
3639
3607
3629
3598
3605
3639
3604
3609
3599
3595
3602
3604
3617
3601
3603
3611
3595
3590
3606
3597
3603
3604
3595
3607
3599
3602
3595
3599
3609
3596
3598
3600
3610
3604
3606
3605
3604
3596
3595
3605
3595
3600
3595
3596
3600
3607
3681
3604
3611
3662
3648
3646
3604
3607
3610
3605
3626
3600
3596
3583
3602
3634
3612
3647
3603
3606
3602
3613
3608
3602
3606
3596
3594
3601
3604
3601
3606
3596
3602
3666
3698
3601
3597
3609
3600
3595
3600
3598
3644
3603
3614
3602
3596
3596
3598
3598
3608
3629
3597
3717
3690
3634
3645
3676
3632
3604
3634
3598
3612
3610
3609
3601
3610
3603
3680
3720
3641
3654
3700
3664
3632
3657
3651
3628
3600
3632
3605
3609
3594
4006
4548
4409
4537
3888
3867
3988
3907
3889
3870
3670
3609
3616
3610
3606
3710
3605
3606
3613
3633
3608
3730
3687
3651
3663
3644
3662
3597
3629
3597
3606
3597
3606
3601
3613
3597
3598
3642
3602
3606
3604
3607
3601
3599
3612
3590
3628
3606
3602
3605
3603
3596
3609
3608
3609
3610
3632
3598
3600
3604
3595
3598
3600
3616
3605
3664
3612
3607
3600
3597
3599
3611
3606
3687
3695
3641
3664
3635
3641
3600
3599
3595
3602
3627
3596
3599
3598
3595
3602
3598
3597
3608
3601
3606
3598
3604
3602
3601
3634
3607
3609
3600
3611
3595
3611
3606
3612
3609
3602
3606
3607
3599
3604
3599
3609
3609
3596
3606
3721
3646
3603
3602
3599
3609
3609
3616
3664
3640
3615
3623
3609
3602
3603
3607
3600
3607
3652
3597
3604
3607
3596
3598
3595
3602
3598
3601
3605
3606
3613
3603
3607
3607
3609
3613
3616
3602
3597
3603
3595
3611
3592
3608
3601
3624
3601
3594
3603
3598
3610
3598
3604
3598
3593
3616
3601
3604
3596
3601
3612
3749
3645
3669
3645
3631
3608
3593
3598
3613
3687
3643
3603
3615
3613
3600
3599
3600
3595
3607
3599
3605
3596
3604
3605
3604
3602
3599
3602
3595
3603
3605
3604
3604
3608
3604
3596
3611
3600
3607
3607
3608
3596
3602
3607
3602
3606
3598
3605
3607
3596
3601
3604
3699
3692
3632
3656
3629
3631
3608
3607
3610
3642
3606
3612
3614
3607
3598
3613
3608
3612
3601
3608
3594
3609
3601
3599
3884
4040
4640
4611
3918
3912
3897
3998
3892
3882
3728
3716
3678
3637
3635
3666
3601
3655
3603
3674
3601
3585
3599
3589
3596
3600
3609
3745
3695
3659
3666
3626
3640
3610
3611
3599
3647
3603
3599
3600
3612
3598
3598
3603
3598
3601
3637
3597
3597
3601
3607
3594
3603
3607
3600
3671
3614
3608
3603
3606
3617
3608
3607
3605
3658
3609
3613
3610
3599
3607
3603
3600
3608
3604
3615
3606
3612
3609
3608
3600
3729
3599
3600
3599
3607
3649
3613
3602
3611
3607
3647
3612
3600
3605
3599
3621
3605
3610
3663
3603
3601
3602
3603
3604
3597
3607
3664
3630
3604
3598
3612
3607
3613
3607
3609
3605
3727
3628
3671
3682
3661
3604
3597
3604
3593
3591
3613
3629
3593
3600
3597
3596
3639
3608
3592
3605
3673
3604
3606
3604
3607
3606
3606
3603
3608
3605
3610
3611
3609
3608
3606
3601
3610
3607
3611
3601
3609
3606
3609
3599
3600
3595
3607
3605
3605
3608
3604
3603
3624
3612
3603
3599
3596
3599
3608
3600
3605
3609
3600
3607
3607
3610
3598
3610
3613
3766
3634
3661
3689
3686
3609
3599
3611
3597
3629
3586
3600
3598
3597
3605
3595
3595
3596
3597
3604
3593
3595
3603
3599
3590
3738
3597
3606
3603
3603
3612
3605
3605
3616
3646
3604
3619
3610
3603
3608
3598
3613
3600
3643
3615
3606
3604
3607
3605
3601
3610
3599
3675
3722
3603
3622
3650
3658
3664
3656
3641
3689
3611
3609
3611
3605
3609
3615
3604
3607
3929
4067
4928
4764
3984
3907
4036
3871
3855
3884
3753
3662
3640
3643
3639
3637
3599
3593
3607
3631
3605
3613
3606
3603
3601
3607
3607
3608
3659
3603
3610
3600
3597
3639
3666
3665
3662
3646
3631
3600
3604
3610
3604
3593
3604
3609
3603
3605
3606
3612
3609
3597
3609
3613
3619
3635
3603
3602
3607
3597
3595
3603
3596
3601
3639
3601
3602
3611
3610
3598
3594
3598
3597
3599
3615
3597
3598
3602
3600
3601
3591
3597
3608
3595
3603
3610
3692
3701
3623
3669
3635
3631
3600
3599
3634
3612
3671
3602
3685
3590
3609
3605
3610
3606
3599
3633
3589
3637
3606
3597
3598
3607
3608
3600
3635
3614
3609
3607
3606
3603
3637
3601
3612
3604
3643
3617
3613
3599
3602
3605
3603
3608
3605
3606
3668
3632
3608
3603
3593
3774
3633
3652
3626
3631
3601
3609
3604
3605
3603
3620
3599
3609
3648
3601
3587
3604
3599
3605
3598
3596
3600
3600
3597
3603
3591
3602
3600
3596
3606
3597
3611
3604
3598
3604
3610
3600
3601
3598
3603
3603
3603
3593
3599
3603
3597
3596
3612
3596
3638
3653
3600
3848
