3779
3618
3637
3627
3619
3584
3591
3584
3587
3623
3577
3585
3584
3573
3579
3616
3575
3578
3578
3626
3592
3589
3585
3591
3714
3578
3591
3588
3620
3583
3587
3582
3578
3585
3595
3581
3581
3628
3590
3588
3594
3586
3651
3692
3634
3636
3676
3657
3646
3641
3622
3617
3802
3618
3642
3635
3618
3587
3585
3588
3586
3589
3614
3584
3584
3587
3585
3584
3586
3593
3586
3618
3591
3596
3592
3775
3881
4769
4153
3938
3984
3885
3865
3857
3898
3802
3595
3585
3618
3585
3613
3590
3588
3604
3621
3590
3585
3587
3584
3621
3584
3581
3576
3595
3799
3655
3623
3638
3618
3618
3584
3595
3584
3580
3585
3585
3623
3583
3582
3592
3590
3591
3593
3586
3582
3621
3594
3586
3593
3585
3584
3590
3581
3587
3586
3622
3592
3596
3597
3592
3591
3638
3591
3585
3619
3591
3591
3586
3578
3580
3579
3594
3593
3579
3588
3584
3584
3994
3612
3637
3640
3623
3590
3576
3588
3585
3608
3594
3596
3592
3585
3595
3590
3589
3587
3587
3587
3592
3593
3590
3585
3588
3647
3637
3585
3586
3585
3599
3584
3596
3576
3591
3585
3582
3593
3597
3595
3587
3580
3598
3606
3584
3584
3596
3586
3582
3579
3578
3597
3707
3671
3620
3690
3650
3623
3595
3591
3593
3580
3615
3576
3581
3584
3579
3592
3586
3581
3575
3581
3586
3587
3585
3586
3573
3574
3578
3577
3587
3579
3579
3585
3588
3581
3583
3580
3577
3579
3582
3577
3584
3582
3578
3584
3578
3585
3581
3584
3578
3580
3582
3589
3585
3866
3617
3639
3577
3577
3579
3587
3576
3579
3582
3615
3622
3579
3629
3579
3581
3584
3587
3583
3584
3589
3590
3579
3585
3590
3584
3583
3585
3581
3581
3586
3580
3587
3589
3582
3582
3583
3581
3581
3588
3582
3584
3585
3586
3583
3589
3579
3583
3579
3584
3584
3586
3587
3932
4058
3666
3641
3619
3621
3593
3586
3580
3588
3586
3595
3622
3584
3578
3589
3591
3982
4459
4272
4157
4015
3891
3853
3872
3916
3913
3575
3609
3651
3623
3618
3614
3622
3638
3672
3628
3643
3623
3619
3586
3581
3614
3589
3587
3585
3586
3593
3588
3592
3582
3861
3859
3624
3638
3626
3638
3593
3586
3584
3619
3582
3586
3588
3593
3582
3587
3578
3578
3584
3625
3584
3592
3584
3586
3580
3595
3589
3588
3612
3579
3583
3629
3584
3582
3582
3585
3583
3639
3578
3585
3581
3584
3579
3585
3582
3580
3594
3577
3580
3579
3579
3579
3583
3830
3652
3614
3641
3620
3623
3586
3600
3587
3582
3619
3589
3594
3581
3581
3591
3593
3590
3592
3590
3588
3585
3591
3582
3589
3622
3580
3591
3582
3585
3579
3580
3589
3579
3582
3585
3577
3587
3580
3580
3585
3586
3591
3590
3584
3581
3588
3676
3618
3596
3588
3587
3586
3792
3622
3635
3641
3637
3588
3591
3579
3583
3586
3579
3582
3584
3581
3632
3585
3588
3582
3589
3586
3586
3587
3586
3598
3585
3592
3582
3580
3578
3633
3613
3625
3584
3622
3590
3585
3585
3576
3582
3614
3584
3583
3591
3589
3594
3584
3582
3580
3582
3583
3581
3579
3628
3736
3620
3632
3626
3667
3577
3579
3687
3612
3577
3582
3582
3582
3585
3577
3579
3588
3624
3587
3583
3580
3580
3589
3589
3587
3586
3645
3580
3578
3578
3680
3641
3617
3649
3629
3661
3589
3584
3592
3586
3587
3587
3591
3592
3614
3590
3586
3581
3594
3585
3593
3593
3837
3700
3615
3631
3638
3622
3587
3583
3590
3626
3593
3966
4393
4102
4189
3970
3874
3856
3836
3892
3811
3624
3581
3622
3584
3645
3585
3593
3621
3588
3579
3584
3579
3581
3614
3584
3586
3589
3596
3588
3574
3584
3585
3639
3589
3593
3589
3591
3594
3591
3587
3599
3762
3647
3619
3626
3616
3636
3584
3583
3584
3615
3588
3589
3585
3580
3591
3594
3593
3590
3634
3585
3582
3585
3587
3588
3588
3620
3587
3640
3582
3599
3584
3579
3583
3576
3597
3583
3581
3596
3585
3584
3585
3587
3582
3589
3579
3585
3586
3590
3586
3587
3592
3588
3582
3796
3633
3637
3617
3615
3592
3587
3582
3595
3615
3586
3583
3584
3579
3580
3576
3591
3582
3580
3588
3581
3579
3588
3581
3583
3584
3579
3584
3584
3578
3586
3581
3581
3580
3582
3590
3580
3578
3637
3621
3583
3627
3592
3583
3582
3584
3602
3590
3588
3633
3586
3589
3695
3651
3619
3643
3617
3620
3580
3583
3585
3581
3582
3583
3583
3580
3621
3592
3586
3590
3592
3592
3590
3590
3587
3646
3582
3577
3579
3585
3582
3581
3585
3588
3583
3583
3583
3588
3584
3580
3586
3581
3587
3585
3586
3584
3661
3628
3584
3591
3586
3590
3585
3624
3585
3829
3675
3638
3624
3639
3585
3581
3598
3581
3583
3587
3581
3590
3579
3584
3586
3582
3579
3584
3583
3588
3581
3579
3586
3584
3581
3587
3585
3592
3581
3635
3616
3579
3597
3585
3588
3582
3578
3591
3584
3571
3578
3870
3864
4638
3586
3597
3589
3594
3588
3592
3593
3755
3628
3577
3581
3577
3941
4486
4060
4126
4038
3861
3854
3875
3923
3899
3701
3620
3668
3581
3583
3575
3577
3584
3574
3614
3592
3580
3582
3593
3583
3585
3589
3584
3623
3581
3594
3594
3587
3591
3586
3585
3585
3584
3641
3589
3590
3586
3591
3586
3591
3592
3597
3786
3644
3617
3648
3616
3617
3603
3598
3587
3628
3595
3595
3592
3587
3598
3591
3583
3586
3638
3638
3591
3600
3586
3589
3598
3589
3592
3590
3581
3590
3587
3584
3586
3595
3582
3586
3588
3586
3591
3588
3584
3592
3592
3578
3591
3592
3585
3596
3589
3589
3586
3597
3589
3868
3618
3651
3626
3622
3582
3582
3589
3586
3579
3617
3587
3589
3581
3588
3581
3581
3586
3587
3762
3580
3575
3592
3582
3582
3580
3581
3623
3588
3591
3658
3622
3586
3589
3588
3586
3624
3581
3585
3584
3588
3580
3581
3583
3584
3582
3587
3592
3586
3580
3590
3592
3659
3638
3586
3587
