3624
3604
3592
3565
3590
3548
3552
3564
3552
3565
3551
3549
3553
3550
3546
3548
3555
3555
3548
3542
3566
3550
3547
3555
3556
3552
3554
3558
3549
3552
3589
3551
3610
3559
3552
3547
3559
3551
3552
3550
3555
3552
3556
3552
3547
3554
3550
3553
3550
3556
3548
3722
3596
3621
3586
3587
3574
3551
3549
3551
3590
3568
3565
3550
3556
3556
3549
3575
3569
3570
3554
3555
3567
3548
3556
3563
3561
3556
3554
3556
3554
3564
3575
3562
3557
3553
3607
3571
3543
3578
3561
3541
3564
3847
4497
4752
4554
3662
3631
3622
3598
3648
3564
4080
3594
3613
3601
3610
3589
3609
3552
3590
3650
3590
3616
3602
3599
3561
3605
3560
3557
3561
3566
3567
3577
3557
3555
3558
3586
3601
3558
3556
3562
3563
3557
3556
3555
3591
3558
3558
3560
3551
3544
3555
3558
3557
3603
3553
3559
3550
3572
3558
3561
3560
3565
3555
3884
3599
3614
3604
3600
3559
3562
3563
3595
3562
3555
3555
3557
3550
3556
3574
3561
3602
3559
3556
3558
3553
3556
3556
3551
3557
3570
3598
3557
3554
3562
3566
3557
3564
3566
3570
3563
3558
3566
3568
3568
3558
3561
3558
3558
3622
3550
3552
3559
3551
3557
3560
3550
3788
3661
3603
3612
3613
3589
3559
3561
3571
3561
3597
3555
3578
3560
3562
3554
3553
3562
3563
3565
3568
3598
3561
3561
3576
3561
3553
3569
3551
3556
3684
3596
3676
3596
3615
3557
3558
3575
3558
3561
3558
3598
3554
3556
3558
3557
3559
3547
3557
3564
3549
3563
3555
3752
3661
3595
3605
3589
3605
3563
3561
3560
3568
3602
3564
3554
3553
3562
3555
3552
3554
3557
3564
3571
3560
3564
3557
3563
3551
3607
3563
3615
3574
3563
3574
3557
3569
3569
3558
3557
3559
3561
3557
3566
3564
3566
3664
3602
3573
3572
3569
3567
3572
3567
3565
3563
3864
3598
3541
3567
3558
3592
3575
3566
3574
3596
3574
3564
3562
3563
3563
3559
3598
3619
3597
3605
3584
3700
3616
3584
3594
3607
3621
3638
3618
3662
3610
3600
3557
3562
3593
3557
3849
4479
4850
4320
3656
3622
3633
3682
3630
3556
3591
3558
3613
3559
3566
3567
3912
3625
3605
3609
3591
3591
3570
3552
3552
3558
3588
3553
3557
3548
3553
3561
3570
3568
3561
3560
3591
3564
3552
3559
3563
3555
3553
3559
3563
3598
3557
3561
3564
3558
3559
3571
3565
3558
3555
3559
3573
3553
3565
3561
3561
3560
3573
3563
3590
3551
3546
3561
3557
3749
3578
3611
3595
3642
3558
3555
3556
3552
3560
3571
3557
3554
3556
3567
3567
3566
3562
3568
3560
3564
3562
3561
3573
3568
3565
3568
3561
3564
3563
3565
3564
3569
3558
3568
3557
3565
3564
3559
3564
3556
3558
3565
3564
3560
3565
3573
3553
3568
3565
3565
3575
3558
3887
3641
3593
3618
3602
3592
3562
3560
3563
3555
3606
3561
3561
3648
3565
3551
3555
3546
3556
3557
3587
3558
3557
3565
3564
3551
3559
3551
3568
3556
3557
3559
3558
3572
3555
3556
3552
3569
3563
3559
3559
3557
3557
3561
3562
3551
3564
3558
3571
3558
3560
3557
3558
3738
3642
3597
3616
3594
3590
3566
3553
3549
3553
3587
3563
3565
3556
3552
3556
3555
3565
3562
3555
3589
3560
3600
3567
3602
3562
3573
3659
3559
3571
3566
3561
3566
3597
3560
3569
3569
3562
3560
3561
3561
3564
3570
3555
3562
3572
3558
3561
3562
3574
3566
3561
3564
3721
3678
3586
3632
3614
3595
3572
3559
3564
3562
3559
3561
3620
3557
3557
3571
3554
3561
3560
3556
3554
3558
3571
3602
3592
3573
3563
3575
3602
3563
3788
3881
5018
4777
3900
3841
3854
3838
3839
3821
3707
3603
3561
3560
3557
3575
3570
3564
3564
3611
3553
3554
3849
3594
3644
3600
3595
3562
3557
3566
3560
3562
3575
3561
3561
3557
3560
3562
3601
3556
3562
3566
3563
3574
3558
3575
3563
3601
3565
3598
3564
3567
3570
3568
3562
3566
3561
3582
3558
3576
3554
3578
3557
3562
3563
3564
3607
3575
3572
3572
3566
3563
3563
3556
3563
3760
3608
3608
3593
3604
3554
3555
3556
3568
3557
3554
3552
3556
3556
3559
3561
3555
3553
3598
3563
3558
3550
3560
3556
3562
3558
3559
3568
3571
3571
3560
3573
3560
3559
3553
3569
3568
3558
3559
3561
3552
3576
3583
3562
3563
3563
3592
3550
3553
3561
3559
3566
3551
3711
3730
3592
3604
3590
3645
3560
3563
3562
3562
3554
3554
3547
3551
3561
3553
3554
3558
3554
3559
3555
3553
3555
3550
3553
3551
3557
3556
3557
3559
3557
3552
3563
3548
3548
3558
3556
3559
3552
3550
3550
3555
3546
3554
3563
3548
3553
3552
3556
3557
3549
3555
3559
3568
3889
3603
3604
3588
3604
3560
3558
3558
3560
3568
3593
3637
3601
3665
3626
3637
3558
3558
3559
3591
3570
3551
3559
3559
3570
3557
3601
3568
3584
3562
3547
3561
3561
3560
3641
3596
3561
3563
3572
3552
3568
3565
3555
3563
3572
3566
3565
3594
3558
3559
3576
3560
3558
3819
3619
3611
3610
3664
3675
3620
3586
3621
3585
3630
3605
3589
3576
3580
3556
3558
3619
3567
3576
3605
3565
3565
3815
4264
4808
4590
3866
3865
3841
3840
3828
3877
3678
3603
3597
3592
3605
3564
3560
3563
3565
3565
3560
3581
3557
3604
3558
3556
3564
3572
3873
3583
3597
3593
3587
3557
3572
3569
3571
3560
3558
3563
3574
3571
3596
3557
3554
3553
3559
3552
3559
3556
3557
3592
3566
3562
3578
3553
3561
3561
3561
3567
3557
3555
3556
3555
3599
3644
3590
3614
3606
3589
3564
3555
3557
3547
3551
3552
3550
3567
3585
3564
3566
3753
3601
3594
3591
3593
3566
3595
3564
3575
3556
3561
3561
3557
3559
3572
3558
3569
3577
3554
3556
3569
3560
3565
3560
3563
3561
3558
3561
3562
3558
3560
3562
3573
3564
3556
3573
3562
3555
3605
3749
3613
3617
3598
3608
3573
3592
3589
3586
3551
3567
3626
3562
