283
283
283
284
283
282
285
282
281
283
282
282
284
283
282
283
282
282
282
281
285
317
392
367
331
298
283
282
283
282
282
282
283
316
299
283
282
282
282
282
283
281
283
282
284
282
282
317
283
283
283
282
283
283
282
282
282
282
283
282
282
304
296
284
281
282
283
283
281
283
283
282
282
283
283
318
297
282
282
284
283
282
282
282
282
283
282
282
282
317
281
282
283
281
281
284
283
283
283
283
282
281
282
284
282
282
283
282
282
283
283
282
284
282
282
282
283
283
285
283
283
283
283
283
282
283
283
282
282
282
282
282
285
283
282
282
282
282
282
282
282
281
283
282
283
283
284
282
281
283
283
282
282
283
282
282
282
283
282
281
284
281
283
282
282
282
284
283
284
283
282
284
282
283
284
282
283
283
282
283
283
282
282
282
283
282
283
282
318
282
282
282
282
282
282
283
281
283
284
282
281
282
284
282
282
282
283
283
283
282
282
282
283
282
282
282
284
283
281
282
283
283
282
283
283
282
282
281
282
282
285
283
282
282
283
282
282
282
284
283
284
283
282
284
282
285
283
283
283
283
282
282
282
282
283
282
282
282
282
284
282
283
281
282
282
283
282
282
283
283
282
282
283
283
283
282
282
281
282
283
281
282
283
283
283
283
283
284
282
284
281
283
281
283
283
282
283
283
282
283
284
284
283
283
282
283
282
283
282
282
282
282
283
282
282
283
283
284
284
283
282
281
282
283
283
282
282
282
282
285
283
282
283
283
283
283
283
282
283
283
284
283
283
285
283
283
283
283
283
282
283
282
282
282
282
282
282
283
284
282
282
283
282
282
283
281
281
283
282
283
283
283
284
283
283
283
282
282
283
282
281
283
282
282
283
283
285
282
282
283
282
282
283
283
283
282
281
282
282
282
283
284
283
282
282
282
283
283
282
282
282
282
282
282
285
283
282
283
282
282
284
282
282
284
282
282
282
283
283
282
283
282
282
282
282
283
283
283
282
282
282
282
285
283
283
283
283
283
283
283
283
282
283
283
282
283
282
283
282
281
282
281
282
281
284
283
283
282
283
283
282
284
282
282
283
282
282
282
283
283
282
283
282
283
282
283
282
283
283
282
283
282
282
283
282
281
283
282
282
284
283
282
282
282
282
282
282
281
283
282
316
282
282
285
283
281
282
282
283
283
282
283
282
283
282
283
283
284
283
282
283
282
283
282
283
283
282
283
282
283
282
285
282
284
283
285
282
283
284
282
283
283
282
283
283
285
282
282
284
284
282
284
283
282
283
283
284
282
282
283
282
283
282
282
282
283
282
283
283
283
283
283
284
283
284
283
284
282
284
283
281
282
284
283
282
283
282
283
283
282
282
281
282
283
283
282
282
282
282
283
282
283
283
282
283
282
283
283
284
283
283
284
283
283
283
283
284
282
283
283
283
282
283
282
282
283
283
282
283
282
285
284
282
282
283
282
281
284
283
282
283
282
283
283
284
283
283
283
283
282
282
283
282
282
282
282
283
282
284
283
283
283
281
283
282
282
282
283
282
282
281
283
283
282
283
284
283
282
283
283
282
282
283
283
283
283
285
283
282
282
282
283
284
283
283
283
282
283
281
283
283
284
282
282
283
284
282
284
283
284
282
283
283
282
282
284
283
283
283
283
282
282
284
283
282
283
282
283
282
284
282
282
282
387
354
315
283
283
283
282
284
284
319
281
282
282
282
284
283
282
282
282
283
283
282
283
318
282
282
283
283
282
282
284
283
282
281
281
282
283
320
284
282
281
282
282
283
282
283
282
282
282
282
282
344
283
282
283
283
282
281
282
283
283
283
283
283
284
319
283
283
282
282
282
283
283
283
283
284
283
282
283
286
282
282
282
283
282
282
282
282
281
283
283
283
282
285
283
282
282
283
282
282
282
282
304
296
283
283
283
285
283
283
282
282
284
284
282
282
282
283
284
283
283
283
286
283
283
282
282
283
283
281
283
282
330
281
283
282
301
282
283
283
282
282
282
282
282
282
283
283
283
282
284
282
282
282
283
285
283
281
282
282
282
282
282
283
284
283
282
283
284
283
282
282
283
283
283
282
282
283
284
282
283
284
283
282
283
283
283
283
282
282
282
282
283
283
284
283
282
282
282
282
282
283
282
282
282
281
284
284
282
282
283
285
283
282
282
281
281
282
285
283
285
283
282
283
282
282
281
283
282
283
283
283
282
283
284
283
282
282
282
283
283
283
282
282
282
281
282
283
285
283
284
283
282
282
282
283
282
