324
282
283
283
283
282
284
283
283
284
282
283
284
283
285
284
283
282
283
282
281
282
283
283
284
283
282
282
285
282
283
283
282
283
282
283
282
281
282
282
281
283
285
283
283
283
282
283
283
282
283
281
283
282
282
282
283
282
283
283
283
283
283
282
282
283
283
283
282
283
283
283
282
283
283
282
282
282
282
282
282
282
281
283
282
286
283
284
283
282
281
282
282
282
282
282
283
282
283
284
282
282
282
281
282
282
282
283
283
281
282
283
282
284
283
283
282
283
283
282
282
282
284
283
283
283
282
283
282
282
282
282
284
283
282
282
281
281
283
283
282
285
282
283
283
282
282
281
282
283
282
282
282
282
283
284
282
281
282
284
282
282
283
283
282
283
282
282
282
285
283
284
283
282
283
282
282
282
283
283
282
281
282
283
283
283
283
282
282
283
283
283
283
283
283
283
282
282
283
283
281
282
282
282
283
283
282
282
283
282
282
282
285
283
283
282
283
283
282
282
282
282
283
282
282
282
284
282
282
282
283
282
283
281
282
282
283
283
283
283
284
283
283
282
283
281
282
282
282
284
282
283
282
282
284
283
284
282
282
284
283
282
284
282
282
282
282
282
284
284
283
282
283
284
283
284
282
282
282
283
283
283
284
283
282
282
283
283
282
282
282
283
282
283
281
283
282
283
283
283
283
282
283
283
282
285
283
281
283
283
282
285
282
283
282
284
283
282
282
282
282
283
282
282
281
284
282
283
283
283
283
283
282
282
283
282
283
282
282
286
283
283
282
282
282
283
283
282
282
283
281
282
282
283
283
282
282
281
284
282
282
283
283
282
283
284
282
285
283
283
282
282
282
282
283
283
283
281
283
282
282
284
283
283
282
281
282
283
283
281
281
282
283
282
283
284
282
283
282
281
282
282
283
283
284
283
281
282
283
283
285
282
281
282
282
283
282
282
283
283
282
282
281
282
283
283
282
282
282
282
282
282
283
283
283
283
284
283
284
282
282
281
282
282
282
283
283
283
282
284
283
281
283
282
283
282
283
283
283
283
282
303
397
437
538
470
341
338
289
284
283
283
282
282
282
282
281
359
295
283
283
282
284
282
282
281
282
282
283
283
282
347
283
283
282
281
282
283
287
282
287
283
281
281
282
373
282
282
282
282
282
282
282
282
284
282
282
282
282
338
283
282
282
283
282
281
282
283
282
282
283
282
281
319
282
282
281
282
282
282
283
283
283
282
282
282
281
333
281
283
282
281
281
283
282
282
281
282
282
281
281
318
282
281
281
282
282
282
283
281
282
282
281
281
282
318
281
282
282
282
282
282
283
282
283
282
282
282
282
285
284
283
282
282
281
282
282
283
282
282
281
281
281
283
283
282
282
282
282
281
283
282
282
282
283
282
281
290
283
282
282
281
282
282
281
282
282
282
281
282
284
285
283
282
282
282
284
282
283
282
282
283
283
281
282
284
284
283
284
284
282
282
282
283
282
281
281
283
283
281
283
282
283
281
282
283
282
282
283
283
282
281
281
282
284
281
281
283
281
281
283
282
282
282
282
282
283
282
286
282
282
282
282
282
283
281
282
283
282
283
281
281
283
282
283
283
282
281
281
281
282
282
282
282
281
283
317
284
283
283
282
281
283
282
282
283
282
281
283
283
284
283
282
282
281
283
281
283
283
282
281
281
281
282
283
283
281
283
283
282
283
283
283
282
282
284
283
282
285
283
282
282
283
282
282
284
283
282
282
282
282
282
282
284
283
282
282
282
281
283
283
282
282
282
282
282
284
284
282
283
282
281
282
282
283
283
282
282
283
283
282
284
282
282
283
282
283
282
282
281
282
282
283
284
283
287
282
284
290
302
313
282
281
283
282
282
282
282
282
284
282
282
282
282
282
282
281
281
283
281
282
282
281
283
281
281
281
282
281
282
281
281
282
281
282
282
282
282
281
282
282
281
282
282
281
281
281
282
280
282
282
283
281
282
281
283
282
282
282
282
282
283
282
282
282
283
282
282
282
282
281
282
282
283
283
281
283
282
282
281
285
282
283
281
281
283
281
282
281
281
281
282
282
282
284
284
281
282
283
281
282
282
281
283
281
282
283
282
283
283
282
283
281
282
281
282
283
283
281
281
281
282
320
281
282
282
282
283
282
287
288
289
283
282
283
281
317
281
281
281
281
283
284
282
283
288
282
282
282
283
333
283
283
282
282
282
283
283
282
284
282
282
282
282
318
283
281
282
283
282
282
282
283
282
282
282
283
282
317
282
