287
287
286
285
285
284
287
286
284
285
285
284
285
282
284
285
285
286
285
284
285
284
284
286
283
285
286
284
285
286
285
284
284
284
286
284
285
333
285
284
284
284
285
284
285
284
284
285
285
283
283
284
285
284
284
285
285
285
284
284
285
284
287
285
284
284
286
285
285
285
284
285
285
285
285
287
287
284
284
285
285
285
284
285
285
286
285
285
284
283
319
284
285
286
285
285
284
284
283
284
283
284
284
284
287
283
283
285
286
285
284
285
284
283
283
284
285
285
286
282
284
284
284
284
284
285
284
283
284
283
283
283
285
284
283
284
284
284
283
283
285
283
283
284
284
284
287
282
283
283
283
284
284
285
283
283
284
283
284
283
285
283
284
285
283
282
283
283
284
282
284
285
284
282
286
283
283
284
283
282
283
283
283
285
284
283
284
284
285
283
284
283
283
284
284
283
284
284
283
282
284
283
285
286
283
284
283
284
283
283
284
284
283
284
283
284
288
284
284
283
284
283
283
284
283
283
285
284
284
283
285
282
283
283
283
284
284
283
284
283
284
285
284
284
286
284
282
283
282
285
284
284
283
283
285
285
283
283
286
282
283
283
283
282
283
285
282
282
284
282
283
283
283
283
283
283
283
283
283
282
283
284
283
283
282
285
284
285
283
284
283
284
284
285
284
284
283
285
283
284
283
286
283
283
284
284
283
285
284
282
282
282
283
282
284
285
285
283
283
285
282
283
282
284
283
284
284
282
284
284
283
284
283
284
284
283
284
284
284
284
283
283
283
285
282
283
284
285
283
283
282
283
283
284
282
282
284
285
283
283
282
283
283
283
282
283
285
283
282
285
283
285
284
284
284
284
283
283
283
284
284
283
283
283
284
284
283
284
284
285
283
285
284
284
284
284
284
283
283
284
283
284
283
282
284
284
283
283
284
283
284
284
283
284
284
283
283
285
284
283
282
284
283
283
285
285
283
283
283
285
285
284
283
284
284
284
283
285
284
284
283
283
285
283
283
283
284
284
283
285
282
282
284
283
285
285
285
285
283
285
283
283
283
282
283
283
285
285
284
283
285
284
284
283
282
283
284
283
282
283
283
283
282
283
286
284
283
284
286
283
283
284
284
285
284
283
283
283
284
283
283
284
286
284
283
282
283
283
282
284
283
284
285
282
284
283
284
283
284
282
292
285
284
284
284
285
320
284
285
283
283
283
283
282
284
283
284
283
283
283
336
284
283
282
283
282
283
282
283
284
282
282
282
282
358
285
284
284
284
284
283
285
283
283
285
283
283
284
285
316
284
282
283
283
283
283
284
283
283
282
283
283
319
285
283
283
283
283
283
284
283
284
284
285
285
284
285
285
284
283
283
283
284
283
284
319
283
283
283
285
319
284
283
284
284
283
283
282
283
283
283
283
284
284
285
284
283
283
284
283
283
283
284
284
285
283
284
282
286
284
283
283
284
282
282
283
283
283
284
283
284
284
285
284
283
282
283
283
283
284
283
284
285
284
283
283
330
306
284
285
284
286
284
324
285
284
373
370
340
371
298
283
283
283
282
283
283
284
284
283
283
284
304
296
284
285
284
285
285
284
284
283
284
284
284
284
369
286
284
283
285
285
284
283
284
284
284
283
282
284
320
283
283
283
283
284
285
285
283
283
284
285
283
282
337
282
282
283
282
283
283
282
283
283
283
283
283
283
321
284
284
284
284
284
284
284
284
284
284
284
284
282
335
283
284
284
284
285
285
284
284
284
284
285
285
285
286
284
284
283
283
283
284
285
285
285
284
285
283
283
319
283
286
284
284
287
283
284
285
283
285
283
283
284
285
284
285
284
283
283
283
284
283
284
284
283
283
285
285
283
283
284
284
284
284
283
282
284
283
284
284
284
285
286
284
284
283
284
283
283
284
285
285
283
285
285
287
284
284
284
285
283
283
283
284
285
284
283
284
285
287
283
285
284
284
283
284
286
285
284
283
284
284
285
285
285
283
284
285
284
284
283
284
283
284
285
284
285
286
283
282
284
284
284
284
284
285
284
284
283
284
284
286
284
285
284
283
285
285
283
283
284
283
285
285
284
354
311
282
284
283
282
284
324
285
285
285
284
283
282
371
284
284
283
284
283
284
282
284
284
285
284
284
283
346
284
284
284
284
284
284
284
284
284
285
284
283
285
338
283
284
284
284
284
285
286
285
284
284
284
286
352
301
285
282
284
284
285
284
284
283
285
285
284
285
339
284
284
283
282
284
286
284
284
285
283
286
286
284
321
