3661
3664
3645
3655
3644
3662
3674
3654
3620
3657
3648
3637
3711
3748
3679
3650
3736
3701
3639
3638
3677
3682
3664
3662
3650
3659
3663
3726
3671
3672
3778
5253
6360
6024
4790
3925
3714
3868
3880
3684
3679
4257
5564
3988
3599
3586
3616
3619
3639
3618
3624
3622
3685
3820
3619
3617
3698
3675
3690
3683
3681
3665
3655
3650
3684
3667
3653
3666
3655
3660
3607
3605
3626
3655
3662
3660
3657
3670
3668
3648
3659
3609
3644
3660
3661
3657
3648
3657
3675
3729
3701
3659
3682
3666
3684
3619
3605
3617
3657
3734
3657
3707
3643
3711
3694
3667
3664
3690
3675
3664
3655
3658
3681
3647
3645
3647
3657
3647
3635
3678
3624
3609
3592
3619
3627
3618
3628
3617
3636
3676
3660
3653
3655
3670
3656
3660
3651
3643
3649
3643
3655
3726
3693
3661
3675
3612
3616
3614
3672
3666
3663
3658
3659
3686
3646
3673
3655
3641
3633
3624
3651
3641
3636
3707
3659
3659
3659
3670
3655
3630
3606
3608
3651
3635
3645
3657
3651
3654
3646
3652
3640
3686
3639
3674
3659
3660
3661
3646
3623
3622
3610
3624
3619
3675
3580
3601
3599
3630
3647
3611
3642
3639
3648
3651
3653
3692
3658
3690
3653
3644
3688
3652
3662
3657
3647
3643
3640
3645
3606
3606
3653
3688
3646
3655
3668
3651
3664
3749
3680
3666
3839
3681
3659
3678
3656
3637
3643
3638
3637
3685
3659
3683
3654
3640
3607
3802
3639
3646
3695
3690
3696
3659
3667
3642
3640
3668
3643
3644
3657
3653
3640
3605
3606
3622
3640
3637
3619
3663
3667
3608
3617
3615
3655
3668
3621
3620
3627
3651
3665
3673
3670
4486
4470
4677
4299
3899
3809
3674
3662
3812
3676
3680
3634
3654
3624
3646
3635
3661
3663
3673
3654
3630
3649
3645
3650
3661
3649
3650
3681
3665
3650
3637
3626
3635
3616
3653
3664
3649
3610
3604
3632
3659
3645
3658
3655
3589
3627
3618
3618
3592
3645
3679
3663
3662
3649
3655
3659
3657
3646
3675
3657
3623
3625
3610
3657
3639
3665
3669
3742
3718
3644
3705
3624
3717
3628
3648
3724
3680
3669
3674
3677
3660
3660
3661
3654
3653
3670
3620
3606
3613
3639
3657
3671
3702
3658
3658
3655
3704
3640
3631
3656
3648
3645
3650
3654
3661
3675
3660
3637
3626
3623
3614
3584
3572
3611
3602
3654
3651
3665
3679
3724
3715
3652
3695
3689
3685
3666
3650
3643
3657
3654
3653
3711
3667
3667
3656
3743
3630
3611
3612
3659
3640
3670
3671
3639
3652
3665
3667
3631
3619
3652
3652
3658
3663
3671
3644
3658
3655
3674
3643
3656
3632
3607
3625
3655
3643
3639
3663
3658
3672
3646
3678
3733
3662
3700
3648
3676
3658
3661
3675
3666
3727
3663
3679
3675
3698
3639
3584
3570
3596
3620
3662
3659
3652
3640
3655
3660
3644
3657
3640
3746
3658
3660
3937
3832
3880
3790
3794
3820
3784
3824
3795
3918
3626
3652
3645
3640
3618
3596
3617
3625
3625
3677
3800
3625
3642
3623
3636
3630
3615
3625
3679
3702
3656
3679
3709
3675
3664
3677
3668
3683
3666
3647
3692
3661
3656
3687
3658
3661
3723
3660
3659
3623
4934
4228
4218
4290
4191
3929
3806
3852
3864
3754
3686
3700
3710
3694
3660
3683
3692
3676
3657
3663
3716
3773
3672
3697
3678
3673
3694
3677
3808
3676
3689
3648
3641
3628
3641
3683
3661
3657
3655
3653
3653
3648
3664
3640
3648
3679
3745
3695
3662
3623
3623
3641
3627
3668
3646
3665
3617
3612
3615
3666
3647
3654
3644
3627
3634
3627
3613
3623
3622
3620
3695
3701
3793
3727
3618
3691
3656
3681
3657
3682
3672
3681
3652
3611
3623
3626
3659
3671
3657
3641
3640
3657
3645
3669
3645
3644
3662
3659
3643
3659
3668
3649
3669
3659
3667
3660
3653
3607
3635
3649
3655
3653
3669
3674
3680
3658
3748
3809
3692
3657
3653
3660
3644
3631
3640
3724
3647
3668
3673
3647
3664
3668
3668
3663
3638
3759
3613
3657
3666
3636
3643
3654
3653
3642
3652
3615
3614
3599
3604
3667
3639
3650
3639
3649
3648
3643
3658
3661
3640
3603
3625
3649
3656
3655
3639
3687
3634
3627
3615
3627
3613
3646
3656
3658
3661
3673
3646
3786
3686
3694
3659
3692
3683
3608
3618
3622
3657
3641
3648
3643
3656
3665
3670
3651
3660
3637
3659
3675
3644
3755
3673
3668
4064
3817
3824
3793
3832
3800
3839
3747
3634
3650
3670
3644
3658
3645
3658
3661
3660
3609
3608
3637
3657
3655
3656
3656
3639
3681
3768
3672
3674
3680
3670
3661
3667
3678
3661
3644
3609
3610
3615
3624
3620
3617
3616
3612
3618
3640
3647
3611
3633
3654
4437
4450
5737
4926
3905
3671
3696
3935
3674
3700
3665
3701
3656
3676
3643
3703
3650
3650
3648
3655
3620
3618
3629
3618
3604
3658
3644
3676
3615
3630
3638
3630
3626
3661
3631
3668
3658
3657
3641
3659
3658
3653
3660
3637
3655
3658
3661
3650
3643
3655
3664
3608
3597
3648
3652
3645
3637
3653
3652
3653
3635
3644
3638
3662
3650
3640
3639
3645
3621
3628
3629
3630
3700
3624
3609
3622
3655
3644
3619
3655
3623
3613
3608
3636
3658
3642
3656
3648
3660
3655
3668
3725
3642
3667
3674
3682
3677
3687
3626
3608
3626
3639
3660
3659
3661
3712
3683
3659
3626
3689
3629
3625
3675
3635
3659
3652
3656
3640
3643
3643
3662
3651
3632
3611
3606
3677
3672
3650
3647
3664
3644
3700
3671
3645
3679
3648
3775
3654
3661
3678
3660
3673
3670
3660
3647
3639
3645
3569
3569
3573
3606
3669
3657
3674
3648
3643
3658
3664
3679
3653
3634
3648
3662
3664
3669
3665
3660
3660
3668
3651
3658
3626
3622
3624
3622
3647
3658
3637
3684
3675
3655
3657
3654
3867
3666
3669
3664
3680
3618
3635
3654
3730
3695
3671
3645
3675
3675
3648
3622
3625
3762
3649
4076
3799
3789
3793
3785
3859
3894
3714
3603
3599
3614
3675
3641
