128799
350922
471225
459467
409226
302861
287830
179281
179581
99607
222701
105008
288102
646275
69020
151232
81801
387559
63524
109441
170227
289608
393960
454318
165464
564344
170487
238929
100092
1059643
235157
102538
337970
391626
228579
409437
97640
862413
282674
70803
125544
213180
622587
160864
386913
386061
194925
208951
258282
213269
741662
58927
183138
205920
193557
464334
68031
85610
333636
178401
211938
300420
259596
210886
284430
95164
561414
229792
81247
113361
848736
341263
283415
53002
250475
269112
396325
434682
188981
286031
86458
118469
463471
230115
108107
698430
239644
50385
284107
398527
264201
128718
621762
350421
282715
134015
304537
524162
324644
736770
393796
202349
108851
164759
90873
195220
326667
100851
273945
211283
479721
132283
514097
402438
227786
55757
171749
231862
378289
226522
83235
462506
456119
427224
219039
280531
470067
123849
448815
398999
131149
193760
106621
121786
414750
358743
590643
233227
184874
400770
157148
271426
254166
312689
337115
185599
50844
385873
159042
141397
504441
133993
521607
349362
111780
297525
417560
373271
202249
75382
465018
198020
252557
740196
143173
142277
524767
204869
269547
463870
153846
197524
235523
220112
122322
103663
275282
318996
425211
526523
368082
1038783
128412
259411
400332
54651
214815
268344
111090
206920
190950
371152
268748
129189
163146
543613
158965
151102
445767
330890
788319
305610
358242
100078
381138
175710
310164
293468
281685
57691
42010
158646
246910
786597
812248
346575
368608
658828
258231
282472
134324
429805
273164
175875
94054
109351
366654
212200
176359
179930
357844
93771
230709
257132
457678
134188
125589
187953
148728
137647
425151
73210
324190
90792
251337
247586
427055
294436
442962
160107
248201
207871
547517
486553
765818
200814
148772
64145
142717
113953
140683
141930
93401
448253
738888
159851
70371
152098
398454
305499
216323
186817
122653
334306
237948
464002
262362
90928
330004
257781
464277
106686
193873
763650
275483
108029
37354
54081
60221
116734
412206
316387
376063
231672
175796
429690
479951
74205
503069
273846
419734
545395
631967
242698
105600
74064
226194
150468
220265
179661
262147
297008
275014
206705
201170
766083
59186
242806
642238
317762
393501
179259
175617
426706
342416
441012
287486
245132
368587
67642
207273
279897
82652
262333
233872
195608
514526
366498
107396
649966
498194
93619
406026
371871
279644
365067
467276
128566
140192
148490
231212
555016
202589
479157
99808
76462
321787
310083
112187
259346
411875
1195049
72792
202046
102329
706707
89881
184069
195737
542016
435525
622878
703911
52369
440494
519831
180637
143216
310869
589047
74445
131777
551205
102121
257215
443960
317603
197288
344365
131124
75572
295213
110165
247331
585592
375363
121041
226284
189197
339418
722570
234662
320570
218350
276984
245720
291842
476736
698822
125608
295145
313166
685364
323519
367404
62035
107494
187760
434730
458336
187470
242839
271923
333540
157687
658281
292385
352890
215538
158662
163883
120139
340778
268395
276894
188632
317234
127093
218168
211067
137035
515026
171091
636549
611296
242944
157711
449731
161246
219592
378038
162763
228305
137212
289491
643202
273949
159129
287984
380943
337530
154440
220837
241205
276588
481379
230968
94100
120419
259099
228849
92672
363789
87093
288496
251602
111167
427290
395402
574666
206372
182349
141086
283036
382568
735104
210650
56141
413713
232836
375839
284652
159003
97223
371426
163593
145162
167486
213068
239003
233555
207915
396860
133031
135205
399065
158451
178880
197030
240343
762184
70278
426906
50182
238374
377684
124651
149992
89082
407158
342554
355913
235676
180178
288295
216376
129847
200890
328070
67445
285708
211811
476861
104785
1065266
164733
166921
328601
139208
428454
950178
111741
152319
342539
128109
556986
278606
374995
67635
65693
304931
215528
37983
102695
142611
558077
475302
98725
347336
104484
90651
550019
223929
458685
575115
118492
104413
184308
124835
304926
355905
107686
185084
307234
59424
185282
375364
457252
683436
705939
352651
379190
1044047
322024
120638
678222
238282
231865
640206
208543
521755
174378
608594
555564
258520
167602
101514
696659
369471
515990
133405
99243
359479
223874
755948
258997
750333
200050
278313
423314
239205
216684
113603
252056
351006
131437
271096
75237
170928
551240
132796
68582
338765
283941
208502
622294
555034
127686
752992
134776
490274
194046
347208
150720
130813
250609
232540
238793
439267
386260
255800
111791
173516
344955
278146
235695
673600
331313
470896
394226
86762
313180
157977
352096
643994
276464
284126
307669
220640
116900
94920
204831
186289
195029
134897
127911
313074
421490
111031
229552
317571
443236
278275
239195
663308
758869
318601
257193
202908
146682
174913
104321
164547
702184
240305
702122
243568
77046
146446
70066
402260
234568
48155
653954
688275
404165
482981
48141
195038
208314
405974
168666
250667
141098
130056
412829
147809
405672
287930
215872
582289
54244
126015
90216
146153
110742
89875
62420
452841
43439
282071
84022
146439
277445
148584
592497
487789
60604
145885
729082
107751
133465
425280
158011
259372
292046
456750
124116
461110
699324
234299
95957
220977
280592
139400
106797
207844
121081
192430
455007
47560
180002
61913
47485
160676
243471
401002
228062
377994
98786
246176
429462
694015
80869
374967
175719
232502
457353
209044
393014
90138
488778
148021
266024
124884
337561
231339
110381
242311
244033
208957
156143
176588
168479
100595
65968
282140
443719
167003
778570
137233
174071
390848
255171
215440
291858
398084
459911
456653
227804
176028
122969
335362
238103
99646
94247
84169
58789
346598
586698
244839
208230
326284
477655
129895
1098932
225578
51017
167402
200942
189555
1018566
156683
101060
156063
177245
507459
605449
247796
252423
828126
437817
347169
365785
613365
128959
288118
338347
194373
70137
219686
343924
177792
164441
392317
227623
367290
272187
747985
301819
354086
79392
258574
262051
241285
279146
373018
205497
367229
181668
257134
149574
239743
414458
77173
628839
159786
421116
749405
444591
181908
353217
200892
187026
53719
122512
80538
255582
369366
162283
300565
100346
518483
150301
128238
276251
615899
236534
239138
330034
209477
200477
668025
83568
170693
474328
203706
199121
430256
220915
135992
155768
698497
556138
735418
351385
121355
59906
120859
308009
199305
236241
118872
261216
456876
245499
248329
228707
281217
173281
749671
181468
86637
234282
447326
160502
109787
292491
152016
84651
315445
569586
211222
173253
194532
758667
116754
423321
100673
116638
268575
436704
84396
183533
419235
756103
407520
76171
97035
318681
560397
125272
242358
330885
585410
276985
193736
111548
268185
455170
79481
311367
275194
88907
240196
241641
309610
113607
135578
164339
829218
224530
187075
223117
303365
285150
174239
246398
133209
171873
636728
168275
304384
1069274
409528
366227
500534
104766
275979
91971
219169
621622
381293
886391
118387
355436
494654
380936
340718
77968
