285
284
285
285
283
283
284
284
284
284
320
284
283
284
284
285
283
285
284
283
285
284
284
284
339
283
284
285
285
284
285
283
284
283
283
283
283
284
318
284
284
283
283
284
284
283
283
283
284
285
284
285
320
284
283
283
284
284
284
283
285
284
283
283
284
284
286
285
284
284
283
283
283
284
283
284
284
284
284
283
286
284
283
283
285
284
284
282
285
284
284
285
284
285
287
284
284
283
284
284
284
284
284
283
283
283
284
284
285
285
284
285
284
283
283
285
284
283
285
283
283
283
319
283
284
285
284
285
286
286
283
283
283
284
285
283
285
284
283
284
284
284
283
285
284
283
282
285
283
283
285
285
283
283
284
283
284
285
285
283
283
284
284
284
285
284
285
283
283
284
284
284
284
283
285
284
283
284
285
284
283
283
283
283
283
284
284
283
283
285
284
284
284
285
283
283
283
284
284
283
282
283
283
284
285
284
283
286
285
283
284
284
283
283
284
284
284
284
285
284
284
284
283
285
284
284
283
283
284
283
284
284
283
283
283
284
285
284
284
284
285
284
282
283
283
284
283
284
284
287
284
285
286
284
283
283
284
283
284
285
285
285
283
286
283
283
283
284
284
285
284
284
284
284
283
285
283
286
284
285
284
285
284
283
284
285
284
283
285
284
284
285
285
285
283
284
284
284
285
283
284
283
284
284
284
285
285
284
284
283
285
283
283
282
283
285
284
285
284
285
283
283
285
285
283
284
284
284
284
284
284
283
283
285
283
284
283
284
283
284
284
283
284
284
284
283
285
286
283
286
282
283
283
285
283
284
284
283
283
283
284
285
284
283
283
283
283
285
285
282
284
284
285
283
284
285
284
284
284
283
283
283
286
285
285
285
284
282
286
285
284
284
284
286
284
284
283
285
284
284
284
283
283
285
284
284
283
283
285
284
284
284
283
283
283
285
284
284
286
284
285
285
284
285
284
283
284
283
284
284
283
284
287
284
284
284
284
284
284
284
284
284
284
284
284
285
285
284
285
283
283
284
284
284
284
285
284
283
284
284
285
285
284
283
283
283
284
285
283
284
283
285
283
283
285
284
284
283
284
284
284
284
285
284
283
284
284
283
285
284
284
283
283
283
284
285
284
284
283
284
284
283
285
283
284
283
282
283
283
282
285
284
284
284
284
285
285
283
283
284
284
283
283
284
284
284
283
283
285
284
286
283
284
284
284
285
285
283
283
283
286
285
285
284
286
285
284
285
285
285
284
284
285
285
283
284
284
283
285
283
283
284
285
282
284
283
283
284
283
284
282
284
286
283
283
284
284
283
283
283
283
283
283
283
284
283
285
284
284
284
285
282
284
282
283
284
283
283
284
284
284
285
284
284
283
286
284
283
282
283
283
284
284
282
285
285
283
283
283
283
283
283
284
284
283
283
283
284
282
286
283
283
283
282
281
284
284
283
282
284
283
283
283
284
282
283
283
285
283
283
283
283
283
284
284
283
284
285
284
283
282
283
284
284
282
283
284
283
282
283
283
284
283
284
285
282
283
284
284
284
285
284
284
283
283
284
283
283
282
284
283
283
284
283
283
282
282
283
283
284
283
284
283
283
283
282
285
284
285
284
283
284
283
406
338
348
283
283
283
283
284
283
284
284
283
284
304
349
284
285
284
283
283
283
285
286
284
284
283
283
320
285
285
283
284
284
283
283
283
283
283
284
283
284
339
284
285
284
283
284
285
284
283
283
283
283
284
284
320
286
284
283
284
284
284
285
284
283
284
283
284
283
318
283
284
283
282
283
284
284
284
282
283
284
284
285
285
284
285
284
284
284
284
284
285
283
284
284
283
283
286
284
284
283
284
284
284
283
283
284
283
284
283
285
285
284
284
283
282
284
284
284
284
284
283
283
283
283
318
282
282
284
282
283
284
284
282
283
284
283
282
283
285
283
282
282
282
282
283
283
283
285
283
284
283
282
285
282
283
283
484
302
300
300
301
299
299
299
300
376
301
300
300
301
301
300
301
300
395
378
443
443
397
380
344
310
309
309
343
430
447
415
439
312
345
346
362
362
400
380
345
482
441
391
310
310
311
310
320
301
315
313
301
300
302
387
302
301
301
301
301
302
300
299
300
301
301
300
358
301
302
301
300
299
299
300
301
300
299
299
301
356
301
301
300
301
320
422
303
300
300
301
302
357
300
301
301
300
301
302
300
302
301
303
300
301
354
331
300
301
300
301
299
300
302
301
300
301
301
325
332
301
301
301
300
301
301
301
300
301
